text_instance: 0
bbox: [229, 560, 191, 164]
bezier_pts: [229.0, 723.0, 210.79, 603.46, 309.95, 539.66, 419.0, 564.0, 414.0, 599.0, 328.08, 575.94, 261.01, 631.73, 266.0, 720.0]
rec: KARAOKE..................
text_instance: 1
bbox: [428, 574, 102, 149]
bezier_pts: [448.0, 574.0, 508.28, 603.34, 519.1, 652.01, 529.0, 713.0, 487.0, 722.0, 484.11, 679.08, 477.53, 626.57, 428.0, 605.0]
rec: ROOM.....................
text_instance: 2
bbox: [265, 1067, 21, 24]
bezier_pts: [265.0, 1068.0, 271.67, 1066.45, 278.33, 1066.39, 285.0, 1068.0, 285.0, 1089.0, 278.33, 1090.58, 271.67, 1090.59, 265.0, 1089.0]
rec: 11.......................
text_instance: 3
bbox: [338, 1064, 31, 24]
bezier_pts: [340.0, 1066.0, 349.3, 1063.06, 358.91, 1063.61, 368.0, 1065.0, 368.0, 1087.0, 358.0, 1087.0, 348.0, 1087.0, 338.0, 1087.0]
rec: 26.......................
