text_instance: 0
bbox: [99, 90, 91, 45]
bezier_pts: [99.0, 120.0, 119.11, 91.25, 156.92, 91.5, 189.0, 90.0, 186.0, 105.0, 160.99, 114.71, 125.13, 107.09, 108.0, 134.0]
rec: EMBASSY..................
text_instance: 1
bbox: [204, 100, 40, 39]
bezier_pts: [209.0, 100.0, 224.27, 105.59, 238.02, 111.5, 243.0, 130.0, 232.0, 138.0, 222.2, 131.36, 212.92, 124.39, 204.0, 117.0]
rec: EASt.....................
text_instance: 2
bbox: [140, 247, 72, 23]
bezier_pts: [144.0, 247.0, 163.33, 247.0, 182.67, 247.0, 202.0, 247.0, 211.0, 258.0, 190.17, 276.81, 162.17, 269.34, 140.0, 262.0]
rec: HOXTON...................
text_instance: 3
bbox: [112, 233, 28, 26]
bezier_pts: [119.0, 233.0, 125.67, 237.0, 132.33, 241.0, 139.0, 245.0, 138.0, 258.0, 128.31, 254.06, 120.58, 246.45, 112.0, 241.0]
rec: 285......................
text_instance: 4
bbox: [210, 236, 24, 21]
bezier_pts: [210.0, 244.0, 215.67, 241.33, 221.33, 238.67, 227.0, 236.0, 233.0, 247.0, 227.33, 250.0, 221.67, 253.0, 216.0, 256.0]
rec: ST.......................
