text_instance: 0
bbox: [221, 367, 145, 223]
bezier_pts: [221.0, 588.0, 239.34, 507.2, 267.3, 421.35, 339.0, 367.0, 365.0, 391.0, 303.17, 438.54, 269.04, 510.27, 255.0, 589.0]
rec: MODERN...................
text_instance: 1
bbox: [364, 278, 240, 96]
bezier_pts: [364.0, 346.0, 432.9, 289.82, 517.28, 271.47, 602.0, 279.0, 603.0, 309.0, 516.38, 300.75, 447.59, 331.42, 373.0, 373.0]
rec: COLLEGE..................
text_instance: 2
bbox: [619, 278, 67, 44]
bezier_pts: [624.0, 278.0, 645.11, 279.73, 667.3, 275.44, 685.0, 289.0, 674.0, 321.0, 655.96, 317.84, 636.95, 314.84, 619.0, 308.0]
rec: OF.......................
text_instance: 3
bbox: [693, 301, 235, 228]
bezier_pts: [704.0, 301.0, 821.57, 323.07, 885.85, 419.76, 927.0, 516.0, 897.0, 528.0, 858.75, 433.21, 785.68, 359.7, 693.0, 326.0]
rec: EDUCATION................
text_instance: 4
bbox: [1018, 589, 182, 37]
bezier_pts: [1018.0, 589.0, 1077.0, 589.0, 1136.0, 589.0, 1195.0, 589.0, 1199.0, 619.0, 1141.63, 621.29, 1083.34, 622.24, 1024.0, 622.0]
rec: MODERN...................
text_instance: 5
bbox: [1013, 619, 86, 33]
bezier_pts: [1014.0, 621.0, 1040.67, 620.33, 1067.33, 619.67, 1094.0, 619.0, 1098.0, 649.0, 1069.67, 648.67, 1041.33, 648.33, 1013.0, 648.0]
rec: COLLEGE..................
text_instance: 6
bbox: [393, 331, 71, 47]
bezier_pts: [393.0, 367.0, 411.06, 350.1, 435.6, 340.15, 459.0, 331.0, 463.0, 341.0, 441.0, 353.0, 419.0, 365.0, 397.0, 377.0]
rec: Sponsored................
text_instance: 7
bbox: [254, 512, 32, 65]
bezier_pts: [254.0, 572.0, 259.27, 552.21, 264.32, 531.15, 274.0, 512.0, 285.0, 518.0, 276.49, 537.19, 270.33, 555.46, 267.0, 576.0]
rec: Affliated................
text_instance: 8
bbox: [1110, 623, 104, 30]
bezier_pts: [1110.0, 624.0, 1144.37, 622.34, 1178.43, 622.11, 1212.0, 624.0, 1213.0, 652.0, 1179.0, 651.67, 1145.0, 651.33, 1111.0, 651.0]
rec: EDUCATION................
text_instance: 9
bbox: [280, 484, 18, 21]
bezier_pts: [280.0, 499.0, 280.9, 492.21, 285.72, 487.44, 291.0, 484.0, 297.0, 490.0, 294.67, 494.67, 292.33, 499.33, 290.0, 504.0]
rec: to.......................
text_instance: 10
bbox: [499, 270, 14, 14]
bezier_pts: [499.0, 272.0, 502.33, 271.27, 505.67, 268.56, 509.0, 271.0, 512.0, 280.0, 508.67, 281.0, 505.33, 282.0, 502.0, 283.0]
rec: A........................
text_instance: 11
bbox: [514, 267, 36, 14]
bezier_pts: [514.0, 272.0, 525.73, 269.59, 536.04, 266.25, 548.0, 267.0, 549.0, 275.0, 537.67, 276.67, 526.33, 278.33, 515.0, 280.0]
rec: muslim...................
text_instance: 12
bbox: [552, 264, 40, 13]
bezier_pts: [552.0, 266.0, 564.66, 264.97, 577.53, 262.45, 590.0, 265.0, 591.0, 276.0, 578.33, 275.33, 565.67, 274.67, 553.0, 274.0]
rec: minority.................
text_instance: 13
bbox: [608, 266, 59, 17]
bezier_pts: [609.0, 266.0, 628.51, 265.36, 646.73, 267.61, 666.0, 272.0, 664.0, 282.0, 645.33, 279.33, 626.67, 276.67, 608.0, 274.0]
rec: Instituition.............
text_instance: 14
bbox: [493, 310, 54, 20]
bezier_pts: [493.0, 320.0, 508.47, 312.22, 526.25, 308.82, 544.0, 311.0, 546.0, 320.0, 529.33, 323.0, 512.67, 326.0, 496.0, 329.0]
rec: Modern...................
text_instance: 15
bbox: [552, 305, 82, 15]
bezier_pts: [552.0, 309.0, 579.08, 302.92, 606.58, 304.63, 633.0, 311.0, 629.0, 319.0, 603.67, 318.67, 578.33, 318.33, 553.0, 318.0]
rec: Educational..............
text_instance: 16
bbox: [638, 311, 46, 26]
bezier_pts: [638.0, 311.0, 653.55, 313.52, 668.66, 317.07, 683.0, 324.0, 680.0, 336.0, 666.0, 331.67, 652.0, 327.33, 638.0, 323.0]
rec: Society..................
text_instance: 17
bbox: [843, 444, 46, 67]
bezier_pts: [850.0, 444.0, 867.02, 463.33, 885.2, 482.21, 888.0, 509.0, 877.0, 510.0, 865.93, 490.57, 854.09, 470.0, 843.0, 451.0]
rec: Recognized...............
text_instance: 18
bbox: [877, 512, 19, 23]
bezier_pts: [891.0, 512.0, 892.33, 519.33, 893.67, 526.67, 895.0, 534.0, 882.0, 534.0, 880.72, 527.03, 878.85, 527.47, 877.0, 516.0]
rec: by.......................
text_instance: 19
bbox: [886, 532, 22, 43]
bezier_pts: [897.0, 532.0, 902.47, 542.4, 903.79, 554.93, 907.0, 573.0, 896.0, 574.0, 890.83, 562.57, 888.87, 549.33, 886.0, 535.0]
rec: NCTE.....................
text_instance: 20
bbox: [1024, 575, 14, 15]
bezier_pts: [1024.0, 577.0, 1027.37, 576.16, 1031.16, 573.56, 1035.0, 576.0, 1037.0, 589.0, 1033.33, 589.0, 1029.67, 589.0, 1026.0, 589.0]
rec: A........................
text_instance: 21
bbox: [1038, 574, 36, 16]
bezier_pts: [1038.0, 577.0, 1049.37, 575.64, 1061.06, 574.25, 1072.0, 577.0, 1073.0, 589.0, 1061.33, 589.0, 1049.67, 589.0, 1038.0, 589.0]
rec: MUSLIM...................
text_instance: 22
bbox: [1126, 575, 59, 16]
bezier_pts: [1126.0, 577.0, 1144.64, 575.82, 1165.13, 573.77, 1184.0, 577.0, 1183.0, 590.0, 1164.0, 589.67, 1145.0, 589.33, 1126.0, 589.0]
rec: INSTITUTION..............
text_instance: 23
bbox: [1025, 652, 19, 14]
bezier_pts: [1025.0, 653.0, 1031.0, 652.67, 1037.0, 652.33, 1043.0, 652.0, 1042.0, 665.0, 1036.33, 664.33, 1030.67, 663.67, 1025.0, 663.0]
rec: 136......................
text_instance: 24
bbox: [1043, 651, 34, 17]
bezier_pts: [1043.0, 652.0, 1053.67, 652.0, 1064.33, 652.0, 1075.0, 652.0, 1076.0, 667.0, 1065.67, 666.67, 1055.33, 666.33, 1045.0, 666.0]
rec: BLOCK 1..................
