text_instance: 0
bbox: [127, 720, 450, 195]
bezier_pts: [247.0, 720.0, 345.83, 762.59, 468.16, 794.84, 576.0, 797.0, 505.0, 914.0, 370.59, 896.93, 240.26, 857.7, 127.0, 786.0]
rec: WEST.....................
text_instance: 1
bbox: [568, 802, 463, 137]
bezier_pts: [617.0, 802.0, 738.67, 803.67, 860.33, 805.33, 982.0, 807.0, 1030.0, 924.0, 876.9, 949.25, 722.9, 948.03, 568.0, 915.0]
rec: HAM......................
text_instance: 2
bbox: [1022, 686, 514, 229]
bezier_pts: [1022.0, 805.0, 1147.95, 785.67, 1276.9, 755.15, 1390.0, 686.0, 1535.0, 742.0, 1424.44, 840.72, 1259.13, 879.7, 1119.0, 914.0]
rec: UNITED...................
text_instance: 3
bbox: [2, 511, 120, 52]
bezier_pts: [5.0, 517.0, 41.78, 514.11, 81.22, 512.11, 118.0, 511.0, 121.0, 558.0, 81.65, 559.44, 41.29, 561.38, 2.0, 561.0]
rec: y........................
