text_instance: 0
bbox: [150, 215, 76, 139]
bezier_pts: [150.0, 352.0, 149.59, 299.01, 154.6, 232.95, 218.0, 215.0, 225.0, 248.0, 185.31, 267.11, 177.32, 311.06, 178.0, 353.0]
rec: apricot..................
text_instance: 1
bbox: [422, 169, 133, 87]
bezier_pts: [437.0, 169.0, 489.12, 169.85, 521.0, 201.98, 554.0, 237.0, 541.0, 255.0, 504.05, 233.49, 468.93, 198.05, 422.0, 194.0]
rec: guava....................
text_instance: 2
bbox: [494, 280, 124, 93]
bezier_pts: [494.0, 349.0, 523.58, 313.97, 559.64, 272.54, 615.0, 280.0, 617.0, 308.0, 566.31, 304.58, 533.72, 343.02, 500.0, 372.0]
rec: water....................
text_instance: 3
bbox: [643, 285, 109, 86]
bezier_pts: [644.0, 285.0, 688.27, 288.2, 739.45, 298.28, 751.0, 352.0, 741.0, 370.0, 699.38, 354.77, 688.73, 310.26, 643.0, 307.0]
rec: melon....................
