text_instance: 0
bbox: [26, 191, 481, 273]
bezier_pts: [26.0, 377.0, 156.45, 276.72, 333.8, 209.04, 499.0, 191.0, 506.0, 292.0, 352.0, 312.12, 217.94, 376.26, 100.0, 463.0]
rec: EXPORT...................
text_instance: 1
bbox: [574, 180, 635, 303]
bezier_pts: [574.0, 180.0, 821.58, 171.61, 1027.47, 237.61, 1208.0, 412.0, 1154.0, 482.0, 1001.27, 335.94, 800.28, 259.63, 579.0, 283.0]
rec: EXCELLENCE...............
text_instance: 2
bbox: [1022, 534, 92, 16]
bezier_pts: [1022.0, 534.0, 1050.34, 533.46, 1083.42, 535.51, 1112.0, 535.0, 1113.0, 549.0, 1083.67, 547.67, 1054.33, 546.33, 1025.0, 545.0]
rec: WARISMOVIESDNBHD.........
