text_instance: 0
bbox: [199, 304, 143, 27]
bezier_pts: [199.0, 304.0, 246.33, 304.0, 293.67, 304.0, 341.0, 304.0, 341.0, 329.0, 292.95, 329.97, 245.68, 329.98, 199.0, 329.0]
rec: PEDESTRIANS..............
text_instance: 1
bbox: [242, 337, 55, 25]
bezier_pts: [242.0, 337.0, 260.0, 337.0, 278.0, 337.0, 296.0, 337.0, 296.0, 360.0, 278.12, 360.68, 260.4, 360.72, 242.0, 360.0]
rec: ONLY.....................
text_instance: 2
bbox: [380, 262, 49, 70]
bezier_pts: [380.0, 325.0, 392.96, 304.36, 396.35, 277.9, 415.0, 262.0, 428.0, 273.0, 412.96, 288.66, 411.04, 310.34, 407.0, 331.0]
rec: Greet....................
text_instance: 3
bbox: [419, 212, 53, 67]
bezier_pts: [419.0, 249.0, 433.33, 236.67, 447.67, 224.33, 462.0, 212.0, 471.0, 231.0, 459.84, 247.61, 440.42, 258.03, 435.0, 278.0]
rec: your.....................
text_instance: 4
bbox: [472, 186, 90, 41]
bezier_pts: [472.0, 204.0, 501.37, 191.01, 529.75, 190.76, 561.0, 186.0, 560.0, 213.0, 536.33, 217.33, 512.67, 221.67, 489.0, 226.0]
rec: CHILD....................
text_instance: 5
bbox: [575, 195, 56, 41]
bezier_pts: [575.0, 195.0, 593.33, 200.67, 611.67, 206.33, 630.0, 212.0, 618.0, 235.0, 603.67, 230.67, 589.33, 226.33, 575.0, 222.0]
rec: with.....................
text_instance: 6
bbox: [629, 225, 27, 30]
bezier_pts: [640.0, 225.0, 645.0, 230.0, 650.0, 235.0, 655.0, 240.0, 641.0, 254.0, 637.0, 248.33, 633.0, 242.67, 629.0, 237.0]
rec: a........................
text_instance: 7
bbox: [644, 243, 65, 92]
bezier_pts: [667.0, 243.0, 690.54, 266.8, 699.49, 301.72, 708.0, 334.0, 686.0, 333.0, 671.87, 305.23, 666.04, 275.48, 644.0, 253.0]
rec: SMILE....................
text_instance: 8
bbox: [434, 448, 68, 58]
bezier_pts: [444.0, 448.0, 463.0, 457.67, 482.0, 467.33, 501.0, 477.0, 485.0, 505.0, 467.61, 493.69, 449.8, 483.42, 434.0, 470.0]
rec: NOT......................
text_instance: 9
bbox: [499, 481, 30, 36]
bezier_pts: [504.0, 481.0, 512.0, 482.67, 520.0, 484.33, 528.0, 486.0, 527.0, 516.0, 517.67, 513.67, 508.33, 511.33, 499.0, 509.0]
rec: A........................
text_instance: 10
bbox: [534, 440, 124, 76]
bezier_pts: [540.0, 487.0, 576.37, 481.0, 617.43, 478.59, 639.0, 440.0, 657.0, 473.0, 620.28, 494.35, 578.0, 513.23, 534.0, 515.0]
rec: MOBILE...................
