text_instance: 0
bbox: [389, 62, 115, 157]
bezier_pts: [393.0, 70.0, 427.0, 67.33, 461.0, 64.67, 495.0, 62.0, 503.0, 199.0, 466.07, 208.07, 428.29, 214.24, 389.0, 218.0]
rec: S........................
text_instance: 1
bbox: [223, 235, 68, 40]
bezier_pts: [230.0, 235.0, 250.0, 237.0, 270.0, 239.0, 290.0, 241.0, 284.0, 274.0, 262.88, 272.01, 242.56, 266.94, 223.0, 259.0]
rec: SRI......................
text_instance: 2
bbox: [294, 238, 183, 38]
bezier_pts: [304.0, 243.0, 357.67, 241.33, 411.33, 239.67, 465.0, 238.0, 476.0, 272.0, 415.25, 274.79, 355.39, 275.32, 294.0, 273.0]
rec: ANANDA...................
text_instance: 3
bbox: [486, 195, 217, 76]
bezier_pts: [486.0, 237.0, 554.33, 223.0, 622.67, 209.0, 691.0, 195.0, 702.0, 230.0, 635.82, 245.85, 569.21, 259.3, 503.0, 270.0]
rec: BAHWAN...................
text_instance: 4
bbox: [351, 275, 191, 35]
bezier_pts: [351.0, 289.0, 413.33, 284.33, 475.67, 279.67, 538.0, 275.0, 541.0, 301.0, 478.33, 303.67, 415.67, 306.33, 353.0, 309.0]
rec: RESTAURANT...............
text_instance: 5
bbox: [394, 306, 24, 18]
bezier_pts: [394.0, 306.0, 401.67, 306.67, 409.33, 307.33, 417.0, 308.0, 415.0, 322.0, 408.33, 322.33, 401.67, 322.67, 395.0, 323.0]
rec: M........................
text_instance: 6
bbox: [421, 303, 39, 20]
bezier_pts: [421.0, 305.0, 432.67, 304.33, 444.33, 303.67, 456.0, 303.0, 459.0, 319.0, 446.95, 320.0, 434.28, 322.25, 422.0, 322.0]
rec: SDN......................
text_instance: 7
bbox: [460, 301, 39, 19]
bezier_pts: [460.0, 304.0, 472.33, 303.0, 484.67, 302.0, 497.0, 301.0, 498.0, 317.0, 485.67, 317.67, 473.33, 318.33, 461.0, 319.0]
rec: BHD......................
