text_instance: 0
bbox: [129, 104, 196, 64]
bezier_pts: [129.0, 128.0, 193.96, 103.94, 260.73, 110.18, 324.0, 104.0, 317.0, 149.0, 256.26, 133.45, 199.04, 150.12, 140.0, 167.0]
rec: Solway...................
text_instance: 1
bbox: [344, 94, 173, 71]
bezier_pts: [357.0, 94.0, 410.0, 104.67, 463.0, 115.33, 516.0, 126.0, 502.0, 164.0, 453.81, 139.09, 394.03, 143.31, 344.0, 134.0]
rec: Coast....................
text_instance: 2
bbox: [20, 292, 602, 77]
bezier_pts: [26.0, 294.0, 224.33, 293.33, 422.67, 292.67, 621.0, 292.0, 619.0, 366.0, 419.33, 366.67, 219.67, 367.33, 20.0, 368.0]
rec: ALLONBY..................
text_instance: 3
bbox: [25, 374, 167, 39]
bezier_pts: [26.0, 375.0, 79.33, 374.67, 132.67, 374.33, 186.0, 374.0, 191.0, 410.0, 135.67, 410.67, 80.33, 411.33, 25.0, 412.0]
rec: Please...................
text_instance: 4
bbox: [373, 373, 245, 44]
bezier_pts: [373.0, 373.0, 454.33, 373.33, 535.67, 373.67, 617.0, 374.0, 611.0, 416.0, 534.67, 415.67, 458.33, 415.33, 382.0, 415.0]
rec: Carefully................
text_instance: 5
bbox: [210, 371, 146, 39]
bezier_pts: [210.0, 371.0, 257.33, 371.67, 304.67, 372.33, 352.0, 373.0, 355.0, 406.0, 308.96, 409.43, 261.38, 409.66, 216.0, 409.0]
rec: Die......................
