text_instance: 0
bbox: [27, 140, 155, 110]
bezier_pts: [27.0, 243.0, 46.61, 161.26, 111.47, 145.46, 181.0, 140.0, 181.0, 168.0, 121.48, 153.73, 74.32, 190.88, 61.0, 249.0]
rec: Welcome..................
text_instance: 1
bbox: [239, 178, 53, 65]
bezier_pts: [258.0, 178.0, 276.2, 189.62, 287.49, 209.88, 291.0, 232.0, 262.0, 242.0, 255.89, 222.23, 240.22, 208.14, 239.0, 187.0]
rec: our......................
text_instance: 2
bbox: [44, 319, 177, 88]
bezier_pts: [70.0, 319.0, 93.12, 395.03, 155.09, 377.11, 211.0, 372.0, 220.0, 397.0, 144.89, 417.94, 76.33, 412.53, 44.0, 333.0]
rec: Breakfast................
text_instance: 3
bbox: [216, 311, 73, 81]
bezier_pts: [216.0, 363.0, 230.67, 345.67, 245.33, 328.33, 260.0, 311.0, 288.0, 318.0, 285.83, 353.77, 268.25, 380.75, 235.0, 391.0]
rec: Club.....................
text_instance: 4
bbox: [357, 144, 155, 98]
bezier_pts: [357.0, 239.0, 374.22, 154.96, 441.68, 140.33, 511.0, 144.0, 511.0, 168.0, 452.09, 158.87, 401.83, 179.97, 390.0, 241.0]
rec: Welcome..................
text_instance: 5
bbox: [362, 304, 75, 87]
bezier_pts: [396.0, 304.0, 398.83, 333.86, 412.77, 355.56, 436.0, 372.0, 430.0, 390.0, 392.53, 377.2, 365.79, 348.32, 362.0, 306.0]
rec: After....................
text_instance: 6
bbox: [436, 358, 133, 53]
bezier_pts: [447.0, 371.0, 482.31, 372.43, 514.44, 368.32, 549.0, 358.0, 568.0, 379.0, 535.47, 426.67, 481.37, 418.48, 436.0, 399.0]
rec: School...................
text_instance: 7
bbox: [558, 285, 60, 90]
bezier_pts: [558.0, 344.0, 567.83, 324.36, 583.01, 305.81, 590.0, 285.0, 617.0, 292.0, 623.06, 326.76, 608.44, 357.84, 577.0, 374.0]
rec: Club.....................
text_instance: 8
bbox: [189, 141, 52, 41]
bezier_pts: [202.0, 141.0, 214.6, 147.82, 227.69, 152.38, 240.0, 160.0, 235.0, 181.0, 219.06, 178.27, 203.33, 172.06, 189.0, 165.0]
rec: to.......................
text_instance: 9
bbox: [517, 149, 45, 38]
bezier_pts: [530.0, 149.0, 540.55, 152.23, 552.98, 156.71, 561.0, 165.0, 557.0, 186.0, 542.62, 182.24, 530.1, 174.72, 517.0, 169.0]
rec: to.......................
text_instance: 10
bbox: [563, 181, 51, 67]
bezier_pts: [581.0, 181.0, 591.67, 201.0, 602.33, 221.0, 613.0, 241.0, 588.0, 247.0, 587.62, 225.92, 570.38, 210.82, 563.0, 193.0]
rec: our......................
