text_instance: 0
bbox: [513, 522, 251, 189]
bezier_pts: [543.0, 524.0, 616.33, 523.33, 689.67, 522.67, 763.0, 522.0, 761.0, 592.0, 663.64, 600.81, 593.7, 660.38, 513.0, 710.0]
rec: VINPEARL.................
text_instance: 1
bbox: [763, 524, 145, 91]
bezier_pts: [769.0, 528.0, 815.0, 526.67, 861.0, 525.33, 907.0, 524.0, 903.0, 614.0, 856.33, 602.67, 809.67, 591.33, 763.0, 580.0]
rec: WATER....................
text_instance: 2
bbox: [917, 528, 165, 179]
bezier_pts: [917.0, 530.0, 960.33, 529.33, 1003.67, 528.67, 1047.0, 528.0, 1081.0, 706.0, 1028.33, 678.0, 975.67, 650.0, 923.0, 622.0]
rec: PAARK....................
