text_instance: 0
bbox: [179, 134, 99, 58]
bezier_pts: [179.0, 170.0, 208.0, 158.0, 237.0, 146.0, 266.0, 134.0, 277.0, 158.0, 249.24, 171.74, 220.19, 182.8, 190.0, 191.0]
rec: Happy....................
text_instance: 1
bbox: [198, 163, 80, 50]
bezier_pts: [198.0, 189.0, 220.33, 180.33, 242.67, 171.67, 265.0, 163.0, 277.0, 180.0, 257.67, 190.67, 238.33, 201.33, 219.0, 212.0]
rec: Time.....................
text_instance: 2
bbox: [250, 328, 110, 98]
bezier_pts: [259.0, 356.0, 292.33, 346.67, 325.67, 337.33, 359.0, 328.0, 356.0, 394.0, 320.67, 404.33, 285.33, 414.67, 250.0, 425.0]
rec: EL.......................
text_instance: 3
bbox: [368, 320, 318, 109]
bezier_pts: [375.0, 325.0, 472.44, 315.25, 582.33, 321.69, 678.0, 355.0, 685.0, 428.0, 580.25, 382.43, 479.99, 383.8, 368.0, 390.0]
rec: SABOR....................
text_instance: 4
bbox: [243, 401, 166, 73]
bezier_pts: [243.0, 437.0, 295.33, 418.09, 352.11, 403.45, 408.0, 401.0, 402.0, 436.0, 349.33, 448.33, 296.67, 460.67, 244.0, 473.0]
rec: NACHO....................
text_instance: 5
bbox: [410, 398, 178, 48]
bezier_pts: [419.0, 398.0, 475.71, 397.46, 530.43, 396.34, 586.0, 413.0, 587.0, 445.0, 528.0, 441.33, 469.0, 437.67, 410.0, 434.0]
rec: DOUBLE...................
text_instance: 6
bbox: [600, 414, 77, 59]
bezier_pts: [600.0, 414.0, 625.33, 422.67, 650.67, 431.33, 676.0, 440.0, 668.0, 472.0, 646.0, 465.67, 624.0, 459.33, 602.0, 453.0]
rec: DIP......................
text_instance: 7
bbox: [488, 80, 291, 83]
bezier_pts: [499.0, 80.0, 589.67, 80.33, 680.33, 80.67, 771.0, 81.0, 778.0, 157.0, 682.69, 160.38, 586.39, 160.71, 488.0, 160.0]
rec: GSC......................
text_instance: 8
bbox: [865, 74, 158, 96]
bezier_pts: [872.0, 74.0, 918.33, 74.67, 964.67, 75.33, 1011.0, 76.0, 1022.0, 169.0, 969.7, 168.24, 917.96, 163.75, 865.0, 160.0]
rec: EL.......................
text_instance: 9
bbox: [303, 486, 110, 41]
bezier_pts: [303.0, 496.0, 338.73, 489.26, 376.46, 483.28, 412.0, 492.0, 411.0, 518.0, 375.0, 520.67, 339.0, 523.33, 303.0, 526.0]
rec: salsa....................
text_instance: 10
bbox: [433, 482, 152, 49]
bezier_pts: [436.0, 482.0, 483.98, 482.14, 536.77, 493.7, 584.0, 501.0, 584.0, 530.0, 533.67, 525.67, 483.33, 521.33, 433.0, 517.0]
rec: cheese...................
