text_instance: 0
bbox: [224, 19, 427, 335]
bezier_pts: [224.0, 19.0, 430.0, -10.34, 586.11, 94.21, 650.0, 287.0, 613.0, 353.0, 541.18, 211.43, 433.65, 115.15, 264.0, 145.0]
rec: WONDER...................
text_instance: 1
bbox: [374, 242, 223, 165]
bezier_pts: [378.0, 242.0, 453.81, 276.62, 523.53, 312.11, 596.0, 351.0, 590.0, 406.0, 518.0, 375.33, 446.0, 344.67, 374.0, 314.0]
rec: THRILLS..................
text_instance: 2
bbox: [92, 355, 72, 75]
bezier_pts: [95.0, 355.0, 120.06, 362.74, 141.96, 369.48, 163.0, 387.0, 155.0, 429.0, 127.16, 431.83, 106.46, 417.75, 92.0, 397.0]
rec: FREE.....................
text_instance: 3
bbox: [82, 415, 71, 84]
bezier_pts: [83.0, 415.0, 108.87, 421.46, 132.38, 429.57, 151.0, 448.0, 152.0, 498.0, 127.74, 491.7, 104.42, 482.18, 82.0, 471.0]
rec: REFILL...................
text_instance: 4
bbox: [28, 345, 52, 130]
bezier_pts: [38.0, 345.0, 51.67, 350.33, 65.33, 355.67, 79.0, 361.0, 73.0, 474.0, 65.63, 463.93, 20.86, 474.72, 28.0, 451.0]
rec: A........................
text_instance: 5
bbox: [314, 617, 175, 66]
bezier_pts: [320.0, 617.0, 378.74, 620.25, 431.09, 620.25, 488.0, 634.0, 478.0, 682.0, 423.33, 678.0, 368.67, 674.0, 314.0, 670.0]
rec: TELLER...................
text_instance: 6
bbox: [217, 614, 89, 42]
bezier_pts: [217.0, 614.0, 246.33, 614.67, 275.67, 615.33, 305.0, 616.0, 305.0, 655.0, 276.0, 654.33, 247.0, 653.67, 218.0, 653.0]
rec: tune.....................
text_instance: 7
bbox: [64, 674, 32, 134]
bezier_pts: [64.0, 675.0, 66.81, 720.19, 70.52, 764.03, 66.0, 807.0, 94.0, 806.0, 96.05, 761.97, 87.48, 717.97, 95.0, 674.0]
rec: PALM.....................
text_instance: 8
bbox: [62, 809, 27, 243]
bezier_pts: [64.0, 810.0, 61.53, 891.99, 64.51, 971.62, 62.0, 1050.0, 87.0, 1051.0, 86.34, 974.95, 81.34, 887.18, 88.0, 809.0]
rec: READING..................
