text_instance: 0
bbox: [177, 110, 223, 115]
bezier_pts: [177.0, 179.0, 243.23, 139.12, 314.77, 104.64, 399.0, 110.0, 397.0, 159.0, 331.04, 151.22, 259.76, 179.15, 211.0, 224.0]
rec: KIFARU...................
text_instance: 1
bbox: [412, 117, 119, 100]
bezier_pts: [426.0, 117.0, 465.17, 126.41, 501.95, 139.29, 530.0, 169.0, 517.0, 216.0, 483.89, 189.53, 453.19, 170.96, 412.0, 162.0]
rec: ARK......................
text_instance: 2
bbox: [178, 313, 357, 63]
bezier_pts: [179.0, 331.0, 297.33, 325.0, 415.67, 319.0, 534.0, 313.0, 532.0, 361.0, 415.27, 368.28, 296.51, 373.09, 178.0, 375.0]
rec: NAIROBI..................
text_instance: 3
bbox: [182, 373, 238, 41]
bezier_pts: [182.0, 382.0, 257.99, 377.23, 340.21, 376.0, 418.0, 373.0, 419.0, 402.0, 343.42, 408.62, 267.06, 412.35, 191.0, 413.0]
rec: NATIONAL.................
text_instance: 4
bbox: [427, 366, 108, 38]
bezier_pts: [427.0, 370.0, 462.0, 368.67, 497.0, 367.33, 532.0, 366.0, 534.0, 397.0, 500.72, 401.82, 466.96, 403.63, 432.0, 403.0]
rec: PARk.....................
text_instance: 5
bbox: [129, 471, 210, 48]
bezier_pts: [131.0, 481.0, 198.98, 473.46, 265.89, 476.57, 336.0, 471.0, 338.0, 503.0, 268.05, 510.97, 198.16, 515.97, 129.0, 518.0]
rec: SOUVENIR.................
text_instance: 6
bbox: [363, 464, 85, 44]
bezier_pts: [363.0, 471.0, 391.0, 468.67, 419.0, 466.33, 447.0, 464.0, 446.0, 501.0, 418.67, 503.0, 391.33, 505.0, 364.0, 507.0]
rec: AND......................
text_instance: 7
bbox: [475, 460, 89, 44]
bezier_pts: [475.0, 465.0, 504.33, 463.33, 533.67, 461.67, 563.0, 460.0, 562.0, 497.0, 535.33, 499.65, 508.67, 501.97, 482.0, 503.0]
rec: GIFT.....................
