text_instance: 0
bbox: [518, 316, 130, 82]
bezier_pts: [518.0, 357.0, 554.33, 343.33, 590.67, 329.67, 627.0, 316.0, 647.0, 351.0, 609.67, 366.33, 572.33, 381.67, 535.0, 397.0]
rec: THE......................
text_instance: 1
bbox: [653, 259, 370, 96]
bezier_pts: [653.0, 305.0, 779.72, 279.7, 898.43, 268.08, 1022.0, 259.0, 1016.0, 302.0, 897.0, 319.33, 778.0, 336.67, 659.0, 354.0]
rec: UNIVERSITY...............
text_instance: 2
bbox: [1137, 282, 269, 122]
bezier_pts: [1148.0, 282.0, 1232.57, 303.21, 1322.21, 330.44, 1405.0, 368.0, 1405.0, 403.0, 1315.67, 374.0, 1226.33, 345.0, 1137.0, 316.0]
rec: GEORGIA..................
text_instance: 3
bbox: [414, 305, 522, 223]
bezier_pts: [414.0, 469.0, 569.78, 375.28, 760.83, 325.2, 935.0, 305.0, 932.0, 362.0, 763.62, 369.36, 571.03, 421.66, 434.0, 527.0]
rec: SANFORD..................
text_instance: 4
bbox: [1007, 305, 523, 225]
bezier_pts: [1016.0, 305.0, 1193.71, 321.69, 1368.88, 396.18, 1529.0, 478.0, 1491.0, 529.0, 1357.17, 420.65, 1169.64, 380.14, 1007.0, 359.0]
rec: STADIUM..................
text_instance: 5
bbox: [4, 733, 90, 40]
bezier_pts: [6.0, 733.0, 35.0, 733.67, 64.0, 734.33, 93.0, 735.0, 90.0, 772.0, 61.33, 772.0, 32.67, 772.0, 4.0, 772.0]
rec: 7257655..................
text_instance: 6
bbox: [1041, 272, 78, 38]
bezier_pts: [1043.0, 272.0, 1068.2, 269.76, 1094.71, 276.34, 1118.0, 285.0, 1117.0, 309.0, 1091.67, 308.88, 1066.33, 306.54, 1041.0, 302.0]
rec: OF.......................
