text_instance: 0
bbox: [100, 140, 358, 105]
bezier_pts: [100.0, 154.0, 219.83, 130.22, 333.5, 137.78, 457.0, 166.0, 441.0, 244.0, 330.43, 204.02, 218.98, 214.91, 112.0, 234.0]
rec: DAM......................
text_instance: 1
bbox: [139, 222, 169, 35]
bezier_pts: [139.0, 235.0, 192.08, 223.79, 251.86, 223.32, 307.0, 222.0, 305.0, 243.0, 249.94, 235.94, 197.38, 242.05, 142.0, 256.0]
rec: RESTAURANT...............
text_instance: 2
bbox: [337, 224, 90, 33]
bezier_pts: [337.0, 224.0, 367.03, 231.11, 396.81, 230.7, 426.0, 241.0, 425.0, 256.0, 397.06, 253.21, 370.61, 247.45, 344.0, 242.0]
rec: BUFFET...................
text_instance: 3
bbox: [463, 208, 87, 42]
bezier_pts: [467.0, 208.0, 493.67, 213.33, 520.33, 218.67, 547.0, 224.0, 549.0, 249.0, 520.33, 244.33, 491.67, 239.67, 463.0, 235.0]
rec: NEVER....................
text_instance: 4
bbox: [2, 198, 54, 38]
bezier_pts: [2.0, 204.0, 19.0, 202.0, 36.0, 200.0, 53.0, 198.0, 55.0, 228.0, 38.67, 230.33, 22.33, 232.67, 6.0, 235.0]
rec: ING......................
