text_instance: 0
bbox: [193, 71, 234, 75]
bezier_pts: [193.0, 71.0, 270.67, 77.67, 348.33, 84.33, 426.0, 91.0, 424.0, 145.0, 347.33, 140.33, 270.67, 135.67, 194.0, 131.0]
rec: COMING...................
text_instance: 1
bbox: [455, 99, 205, 61]
bezier_pts: [456.0, 99.0, 523.0, 102.67, 590.0, 106.33, 657.0, 110.0, 659.0, 159.0, 591.0, 155.0, 523.0, 151.0, 455.0, 147.0]
rec: EVENTS...................
text_instance: 2
bbox: [306, 308, 231, 93]
bezier_pts: [309.0, 351.0, 384.67, 336.67, 460.33, 322.33, 536.0, 308.0, 535.0, 354.0, 455.28, 348.72, 387.34, 393.39, 306.0, 400.0]
rec: hotbrauhaus..............
text_instance: 3
bbox: [345, 461, 30, 15]
bezier_pts: [346.0, 462.0, 354.0, 461.67, 362.0, 461.33, 370.0, 461.0, 374.0, 472.0, 364.58, 475.06, 354.88, 475.07, 345.0, 473.0]
rec: The......................
text_instance: 4
bbox: [371, 460, 51, 15]
bezier_pts: [372.0, 460.0, 388.33, 460.0, 404.67, 460.0, 421.0, 460.0, 421.0, 471.0, 404.54, 472.74, 387.38, 474.21, 371.0, 473.0]
rec: German...................
text_instance: 5
bbox: [425, 458, 61, 16]
bezier_pts: [426.0, 459.0, 445.33, 458.67, 464.67, 458.33, 484.0, 458.0, 485.0, 471.0, 464.56, 473.54, 444.85, 473.11, 425.0, 473.0]
rec: Experience...............
text_instance: 6
bbox: [328, 482, 18, 12]
bezier_pts: [329.0, 484.0, 334.33, 481.84, 339.67, 483.45, 345.0, 483.0, 345.0, 493.0, 339.33, 493.0, 333.67, 493.0, 328.0, 493.0]
rec: at.......................
text_instance: 7
bbox: [344, 479, 21, 14]
bezier_pts: [345.0, 480.0, 350.86, 478.67, 356.94, 478.2, 363.0, 480.0, 364.0, 490.0, 357.45, 491.48, 350.64, 491.84, 344.0, 491.0]
rec: the......................
text_instance: 8
bbox: [366, 478, 51, 13]
bezier_pts: [366.0, 479.0, 382.67, 479.0, 399.33, 479.0, 416.0, 479.0, 416.0, 489.0, 399.93, 489.19, 382.78, 490.29, 366.0, 490.0]
rec: Handorf..................
text_instance: 9
bbox: [420, 475, 23, 15]
bezier_pts: [421.0, 476.0, 427.92, 474.07, 435.0, 475.26, 442.0, 475.0, 442.0, 488.0, 434.55, 490.12, 427.22, 488.09, 420.0, 488.0]
rec: Old......................
text_instance: 10
bbox: [442, 474, 24, 16]
bezier_pts: [444.0, 475.0, 451.0, 475.0, 458.0, 475.0, 465.0, 475.0, 465.0, 487.0, 457.8, 489.11, 449.55, 488.13, 442.0, 488.0]
rec: Mill.....................
text_instance: 11
bbox: [466, 472, 35, 16]
bezier_pts: [466.0, 474.0, 477.33, 473.33, 488.67, 472.67, 500.0, 472.0, 499.0, 485.0, 488.43, 486.81, 477.77, 488.01, 467.0, 486.0]
rec: Hotel....................
