text_instance: 0
bbox: [3, 166, 88, 34]
bezier_pts: [6.0, 168.0, 34.9, 170.0, 63.08, 157.05, 90.0, 179.0, 70.0, 199.0, 47.67, 195.67, 25.33, 192.33, 3.0, 189.0]
rec: AMERICAN.................
text_instance: 1
bbox: [1, 306, 39, 28]
bezier_pts: [1.0, 319.0, 11.33, 314.67, 21.67, 310.33, 32.0, 306.0, 39.0, 320.0, 28.99, 326.96, 17.36, 331.34, 5.0, 333.0]
rec: BAR......................
text_instance: 2
bbox: [71, 358, 115, 91]
bezier_pts: [71.0, 391.0, 96.94, 371.2, 133.81, 380.31, 158.0, 358.0, 185.0, 405.0, 162.09, 436.52, 122.1, 433.46, 90.0, 448.0]
rec: Guys.....................
text_instance: 3
bbox: [175, 350, 227, 79]
bezier_pts: [175.0, 367.0, 247.96, 326.15, 334.2, 357.87, 401.0, 382.0, 384.0, 428.0, 318.49, 414.58, 254.67, 407.28, 191.0, 415.0]
rec: AMERICAN.................
text_instance: 4
bbox: [165, 422, 152, 37]
bezier_pts: [165.0, 422.0, 215.79, 426.88, 266.75, 413.62, 316.0, 432.0, 314.0, 458.0, 265.18, 457.24, 214.73, 453.94, 165.0, 448.0]
rec: KITCHEN..................
text_instance: 5
bbox: [343, 435, 71, 29]
bezier_pts: [343.0, 435.0, 365.0, 436.0, 387.0, 437.0, 409.0, 438.0, 413.0, 462.0, 392.73, 462.69, 372.17, 462.17, 351.0, 461.0]
rec: BAR......................
text_instance: 6
bbox: [179, 125, 22, 40]
bezier_pts: [179.0, 143.0, 184.67, 137.0, 190.33, 131.0, 196.0, 125.0, 200.0, 154.0, 195.88, 159.3, 190.33, 162.77, 184.0, 164.0]
rec: 6........................
text_instance: 7
bbox: [200, 58, 61, 81]
bezier_pts: [200.0, 121.0, 219.33, 100.0, 238.67, 79.0, 258.0, 58.0, 260.0, 78.0, 234.43, 92.45, 221.72, 119.39, 201.0, 138.0]
rec: HAPPY....................
text_instance: 8
bbox: [198, 75, 62, 90]
bezier_pts: [201.0, 136.0, 212.16, 107.81, 237.15, 93.38, 257.0, 75.0, 259.0, 101.0, 241.94, 125.93, 224.38, 149.64, 198.0, 164.0]
rec: HOUR.....................
text_instance: 9
bbox: [204, 141, 22, 40]
bezier_pts: [204.0, 161.0, 210.33, 154.33, 216.67, 147.67, 223.0, 141.0, 225.0, 168.0, 218.21, 170.35, 207.32, 177.57, 212.0, 180.0]
rec: 6........................
text_instance: 10
bbox: [232, 139, 18, 38]
bezier_pts: [232.0, 152.0, 236.67, 147.67, 241.33, 143.33, 246.0, 139.0, 249.0, 165.0, 252.06, 160.32, 233.95, 171.03, 236.0, 176.0]
rec: 6........................
