text_instance: 0
bbox: [475, 442, 125, 60]
bezier_pts: [475.0, 468.0, 514.33, 459.33, 553.67, 450.67, 593.0, 442.0, 599.0, 472.0, 563.67, 481.67, 528.33, 491.33, 493.0, 501.0]
rec: Kids.....................
text_instance: 1
bbox: [645, 442, 147, 58]
bezier_pts: [645.0, 442.0, 693.67, 448.0, 742.33, 454.0, 791.0, 460.0, 783.0, 499.0, 742.33, 493.0, 701.67, 487.0, 661.0, 481.0]
rec: World....................
text_instance: 2
bbox: [607, 447, 33, 30]
bezier_pts: [607.0, 448.0, 617.67, 448.0, 628.33, 448.0, 639.0, 448.0, 638.0, 475.0, 628.26, 477.14, 618.32, 475.26, 608.0, 475.0]
rec: e........................
text_instance: 3
bbox: [976, 818, 36, 12]
bezier_pts: [977.0, 818.0, 988.33, 818.33, 999.67, 818.67, 1011.0, 819.0, 1008.0, 829.0, 997.33, 828.67, 986.67, 828.33, 976.0, 828.0]
rec: RESTORAN.................
text_instance: 4
bbox: [1223, 825, 21, 9]
bezier_pts: [1223.0, 825.0, 1229.67, 825.33, 1236.33, 824.08, 1243.0, 826.0, 1242.0, 833.0, 1236.0, 833.0, 1230.0, 833.0, 1224.0, 833.0]
rec: T212.....................
text_instance: 5
bbox: [499, 865, 51, 17]
bezier_pts: [499.0, 865.0, 515.67, 865.67, 532.33, 866.33, 549.0, 867.0, 546.0, 881.0, 530.57, 880.76, 514.32, 880.22, 499.0, 879.0]
rec: FongLye..................
text_instance: 6
bbox: [497, 780, 55, 11]
bezier_pts: [497.0, 780.0, 515.0, 780.0, 533.0, 780.0, 551.0, 780.0, 550.0, 790.0, 532.62, 789.85, 515.48, 790.56, 498.0, 789.0]
rec: T209210..................
