text_instance: 0
bbox: [194, 84, 178, 191]
bezier_pts: [194.0, 252.0, 230.32, 184.95, 263.22, 117.99, 342.0, 84.0, 371.0, 126.0, 310.51, 154.96, 257.69, 210.28, 235.0, 274.0]
rec: DARK.....................
text_instance: 1
bbox: [379, 37, 159, 74]
bezier_pts: [379.0, 62.0, 431.0, 43.05, 483.0, 36.3, 535.0, 37.0, 537.0, 91.0, 490.0, 97.33, 443.0, 103.67, 396.0, 110.0]
rec: EYE......................
text_instance: 2
bbox: [225, 557, 136, 142]
bezier_pts: [336.0, 698.0, 293.32, 667.44, 256.08, 627.68, 225.0, 584.0, 261.0, 557.0, 294.0, 591.0, 327.0, 625.0, 360.0, 659.0]
rec: EYE......................
text_instance: 3
bbox: [373, 674, 211, 76]
bezier_pts: [583.0, 745.0, 509.73, 755.37, 441.92, 745.88, 373.0, 714.0, 385.0, 674.0, 449.8, 698.11, 510.52, 713.04, 579.0, 698.0]
rec: DARK.....................
text_instance: 4
bbox: [781, 438, 95, 152]
bezier_pts: [875.0, 442.0, 861.86, 489.21, 849.51, 547.09, 822.0, 589.0, 781.0, 563.0, 801.08, 523.51, 815.71, 482.22, 824.0, 438.0]
rec: EYE......................
text_instance: 5
bbox: [763, 185, 118, 221]
bezier_pts: [807.0, 185.0, 843.64, 249.32, 879.29, 326.22, 880.0, 402.0, 826.0, 405.0, 827.28, 331.54, 802.56, 268.94, 763.0, 211.0]
rec: DARK.....................
