text_instance: 0
bbox: [7, 327, 51, 33]
bezier_pts: [9.0, 327.0, 25.0, 327.33, 41.0, 327.67, 57.0, 328.0, 57.0, 358.0, 40.33, 358.0, 23.67, 358.0, 7.0, 358.0]
rec: tyne.....................
text_instance: 1
bbox: [3, 482, 57, 35]
bezier_pts: [3.0, 484.0, 21.0, 483.33, 39.0, 482.67, 57.0, 482.0, 59.0, 515.0, 41.0, 515.33, 23.0, 515.67, 5.0, 516.0]
rec: ntyne....................
text_instance: 2
bbox: [212, 128, 122, 32]
bezier_pts: [212.0, 131.0, 252.0, 130.0, 292.0, 129.0, 332.0, 128.0, 333.0, 146.0, 294.57, 152.56, 255.51, 156.41, 216.0, 157.0]
rec: KERRYGOLD................
text_instance: 3
bbox: [257, 164, 81, 31]
bezier_pts: [257.0, 173.0, 282.71, 167.88, 306.17, 167.11, 332.0, 164.0, 337.0, 184.0, 310.33, 187.33, 283.67, 190.67, 257.0, 194.0]
rec: adable...................
text_instance: 4
bbox: [169, 280, 129, 32]
bezier_pts: [169.0, 289.0, 210.67, 286.0, 252.33, 283.0, 294.0, 280.0, 297.0, 305.0, 256.25, 309.54, 215.06, 311.27, 173.0, 310.0]
rec: KERRYGOLD................
text_instance: 5
bbox: [156, 315, 150, 44]
bezier_pts: [160.0, 323.0, 208.33, 320.33, 256.67, 317.67, 305.0, 315.0, 303.0, 350.0, 254.14, 355.63, 205.4, 358.29, 156.0, 358.0]
rec: Spreadable...............
text_instance: 6
bbox: [158, 458, 132, 33]
bezier_pts: [161.0, 460.0, 203.33, 459.33, 245.67, 458.67, 288.0, 458.0, 289.0, 487.0, 246.27, 488.91, 201.19, 490.55, 158.0, 490.0]
rec: KERRYgold................
text_instance: 7
bbox: [134, 499, 162, 40]
bezier_pts: [144.0, 499.0, 194.33, 499.33, 244.67, 499.67, 295.0, 500.0, 294.0, 538.0, 239.86, 538.45, 187.59, 537.59, 134.0, 536.0]
rec: Spreadable...............
text_instance: 8
bbox: [473, 298, 46, 33]
bezier_pts: [475.0, 298.0, 490.35, 303.66, 507.49, 307.05, 518.0, 322.0, 503.0, 330.0, 493.0, 325.67, 483.0, 321.33, 473.0, 317.0]
rec: CHURN....................
text_instance: 9
bbox: [431, 338, 85, 33]
bezier_pts: [436.0, 338.0, 458.8, 352.4, 480.09, 361.67, 498.0, 338.0, 515.0, 348.0, 491.22, 370.94, 460.83, 377.59, 431.0, 358.0]
rec: SPREADABLE...............
text_instance: 10
bbox: [438, 467, 50, 42]
bezier_pts: [438.0, 496.0, 449.36, 481.7, 466.33, 474.02, 483.0, 467.0, 487.0, 483.0, 475.33, 491.33, 463.67, 499.67, 452.0, 508.0]
rec: GOLDEN...................
text_instance: 11
bbox: [489, 468, 48, 35]
bezier_pts: [490.0, 468.0, 507.37, 469.15, 522.45, 477.81, 536.0, 487.0, 525.0, 502.0, 513.0, 496.33, 501.0, 490.67, 489.0, 485.0]
rec: CHURN....................
text_instance: 12
bbox: [447, 511, 85, 37]
bezier_pts: [449.0, 516.0, 474.89, 522.8, 499.3, 537.1, 519.0, 511.0, 531.0, 525.0, 507.07, 547.28, 477.13, 557.03, 447.0, 534.0]
rec: SPREADABLE...............
text_instance: 13
bbox: [658, 372, 48, 32]
bezier_pts: [658.0, 389.0, 668.48, 375.68, 684.82, 375.34, 700.0, 372.0, 705.0, 386.0, 694.0, 391.67, 683.0, 397.33, 672.0, 403.0]
rec: GOLDEN...................
text_instance: 14
bbox: [698, 374, 44, 32]
bezier_pts: [702.0, 374.0, 717.48, 375.54, 733.52, 382.16, 741.0, 397.0, 730.0, 405.0, 719.33, 399.0, 708.67, 393.0, 698.0, 387.0]
rec: CHURN....................
text_instance: 15
bbox: [681, 459, 50, 33]
bezier_pts: [681.0, 480.0, 693.44, 466.17, 710.64, 461.61, 728.0, 459.0, 730.0, 472.0, 717.67, 478.33, 705.33, 484.67, 693.0, 491.0]
rec: GOLDEn...................
text_instance: 16
bbox: [730, 459, 46, 35]
bezier_pts: [730.0, 459.0, 747.36, 459.12, 763.58, 468.37, 775.0, 480.0, 763.0, 493.0, 753.33, 487.67, 743.67, 482.33, 734.0, 477.0]
rec: CHURN....................
text_instance: 17
bbox: [695, 502, 74, 29]
bezier_pts: [701.0, 507.0, 718.95, 522.5, 745.71, 519.54, 760.0, 502.0, 768.0, 517.0, 746.56, 537.78, 717.54, 532.73, 695.0, 521.0]
rec: CREAMERY.................
text_instance: 18
bbox: [863, 288, 48, 39]
bezier_pts: [863.0, 313.0, 875.68, 302.22, 891.05, 291.22, 908.0, 288.0, 910.0, 306.0, 899.67, 312.67, 889.33, 319.33, 879.0, 326.0]
rec: GOLDEn...................
text_instance: 19
bbox: [912, 288, 45, 32]
bezier_pts: [913.0, 288.0, 928.09, 292.07, 944.21, 294.12, 956.0, 306.0, 949.0, 319.0, 936.67, 314.33, 924.33, 309.67, 912.0, 305.0]
rec: CHURN....................
text_instance: 20
bbox: [877, 321, 82, 40]
bezier_pts: [882.0, 331.0, 908.06, 344.88, 929.14, 349.47, 944.0, 321.0, 958.0, 336.0, 937.48, 362.92, 907.01, 364.17, 877.0, 347.0]
rec: SPREADABLE...............
text_instance: 21
bbox: [916, 453, 48, 40]
bezier_pts: [916.0, 478.0, 929.47, 466.22, 945.36, 456.41, 963.0, 453.0, 963.0, 471.0, 952.33, 478.0, 941.67, 485.0, 931.0, 492.0]
rec: GOLDEN...................
text_instance: 22
bbox: [964, 451, 49, 36]
bezier_pts: [964.0, 451.0, 981.22, 452.37, 997.96, 459.99, 1012.0, 470.0, 1003.0, 486.0, 990.67, 481.67, 978.33, 477.33, 966.0, 473.0]
rec: CHURN....................
text_instance: 23
bbox: [931, 493, 81, 36]
bezier_pts: [937.0, 500.0, 960.91, 513.23, 983.23, 517.28, 1000.0, 493.0, 1011.0, 508.0, 987.36, 532.28, 961.66, 527.88, 931.0, 519.0]
rec: SPREADABLE...............
text_instance: 24
bbox: [1090, 451, 68, 66]
bezier_pts: [1145.0, 516.0, 1121.11, 508.98, 1108.39, 485.97, 1090.0, 471.0, 1100.0, 451.0, 1119.0, 468.67, 1138.0, 486.33, 1157.0, 504.0]
rec: OLIVE....................
text_instance: 25
bbox: [1109, 444, 59, 52]
bezier_pts: [1154.0, 495.0, 1135.51, 487.78, 1124.75, 467.62, 1109.0, 458.0, 1119.0, 444.0, 1135.0, 457.33, 1151.0, 470.67, 1167.0, 484.0]
rec: GOLD.....................
text_instance: 26
bbox: [1119, 217, 53, 51]
bezier_pts: [1171.0, 227.0, 1160.43, 241.63, 1146.17, 253.29, 1133.0, 267.0, 1119.0, 250.0, 1131.0, 239.0, 1143.0, 228.0, 1155.0, 217.0]
rec: GOLD.....................
text_instance: 27
bbox: [1133, 226, 59, 62]
bezier_pts: [1191.0, 240.0, 1179.31, 257.47, 1166.19, 273.11, 1150.0, 287.0, 1133.0, 268.0, 1147.67, 254.0, 1162.33, 240.0, 1177.0, 226.0]
rec: OLIVE....................
text_instance: 28
bbox: [972, 6, 68, 52]
bezier_pts: [983.0, 6.0, 1001.67, 16.0, 1020.33, 26.0, 1039.0, 36.0, 1031.0, 57.0, 1009.72, 44.94, 990.39, 31.87, 972.0, 16.0]
rec: HERS.....................
text_instance: 29
bbox: [958, 10, 57, 50]
bezier_pts: [971.0, 10.0, 985.33, 20.33, 999.67, 30.67, 1014.0, 41.0, 1010.0, 59.0, 991.17, 47.69, 974.14, 33.25, 958.0, 19.0]
rec: HOICE....................
text_instance: 30
bbox: [145, 104, 22, 19]
bezier_pts: [145.0, 109.0, 149.73, 104.4, 155.94, 102.73, 162.0, 105.0, 166.0, 117.0, 161.67, 120.99, 155.91, 122.57, 150.0, 122.0]
rec: 9........................
text_instance: 31
bbox: [169, 105, 26, 18]
bezier_pts: [169.0, 106.0, 175.67, 105.67, 182.33, 105.33, 189.0, 105.0, 194.0, 118.0, 185.92, 121.81, 177.51, 122.38, 169.0, 120.0]
rec: 29.......................
text_instance: 32
bbox: [385, 102, 25, 15]
bezier_pts: [386.0, 104.0, 393.85, 102.4, 401.7, 100.54, 409.0, 104.0, 407.0, 114.0, 399.93, 116.93, 392.21, 116.03, 385.0, 116.0]
rec: RM.......................
text_instance: 33
bbox: [438, 99, 22, 18]
bezier_pts: [438.0, 100.0, 444.52, 98.15, 450.58, 99.26, 457.0, 99.0, 459.0, 113.0, 453.41, 116.13, 446.98, 116.16, 441.0, 116.0]
rec: 9........................
text_instance: 34
bbox: [458, 99, 27, 16]
bezier_pts: [458.0, 100.0, 466.44, 101.05, 475.03, 97.23, 484.0, 100.0, 483.0, 112.0, 475.03, 113.47, 467.09, 113.91, 459.0, 113.0]
rec: 69.......................
text_instance: 35
bbox: [421, 300, 55, 38]
bezier_pts: [421.0, 324.0, 437.53, 312.39, 453.28, 300.19, 474.0, 300.0, 475.0, 316.0, 462.33, 323.0, 449.67, 330.0, 437.0, 337.0]
rec: GOLDEN...................
text_instance: 36
bbox: [298, 365, 42, 16]
bezier_pts: [298.0, 367.0, 311.0, 366.67, 324.0, 366.33, 337.0, 366.0, 339.0, 378.0, 325.67, 380.61, 312.33, 380.06, 299.0, 380.0]
rec: 250ge....................
text_instance: 37
bbox: [336, 203, 39, 15]
bezier_pts: [337.0, 205.0, 349.77, 203.89, 361.9, 200.81, 374.0, 205.0, 373.0, 216.0, 360.92, 217.62, 348.57, 217.68, 336.0, 216.0]
rec: 250ge....................
text_instance: 38
bbox: [453, 382, 24, 12]
bezier_pts: [454.0, 384.0, 461.19, 381.45, 467.91, 383.45, 475.0, 383.0, 476.0, 392.0, 468.14, 393.64, 460.64, 393.62, 453.0, 392.0]
rec: AND......................
text_instance: 39
bbox: [476, 383, 42, 12]
bezier_pts: [476.0, 384.0, 488.86, 384.47, 504.19, 382.47, 517.0, 383.0, 517.0, 392.0, 502.92, 393.33, 489.94, 393.8, 476.0, 393.0]
rec: AVOCADO..................
text_instance: 40
bbox: [474, 562, 23, 13]
bezier_pts: [474.0, 563.0, 481.01, 560.8, 488.09, 562.43, 495.0, 562.0, 496.0, 571.0, 488.81, 574.71, 481.2, 574.82, 474.0, 573.0]
rec: AND......................
text_instance: 41
bbox: [495, 555, 48, 18]
bezier_pts: [495.0, 559.0, 509.8, 554.68, 524.63, 557.28, 540.0, 555.0, 542.0, 568.0, 526.42, 569.42, 511.68, 571.61, 496.0, 572.0]
rec: AVOCADO..................
text_instance: 42
bbox: [516, 381, 21, 13]
bezier_pts: [518.0, 381.0, 524.0, 381.0, 530.0, 381.0, 536.0, 381.0, 536.0, 391.0, 529.46, 392.62, 522.64, 392.88, 516.0, 392.0]
rec: OIL......................
text_instance: 43
bbox: [538, 554, 25, 15]
bezier_pts: [538.0, 556.0, 545.33, 555.33, 552.67, 554.67, 560.0, 554.0, 562.0, 566.0, 554.84, 567.77, 546.4, 568.2, 539.0, 568.0]
rec: OIL......................
