text_instance: 0
bbox: [2775, 2469, 367, 139]
bezier_pts: [2775.0, 2490.0, 2903.09, 2450.52, 3030.99, 2463.66, 3141.0, 2543.0, 3104.0, 2607.0, 3021.49, 2513.69, 2908.8, 2505.87, 2812.0, 2564.0]
rec: FANDANGO.................
text_instance: 1
bbox: [2770, 2617, 314, 86]
bezier_pts: [2770.0, 2633.0, 2869.0, 2627.67, 2968.0, 2622.33, 3067.0, 2617.0, 3083.0, 2697.0, 2980.33, 2698.67, 2877.67, 2700.33, 2775.0, 2702.0]
rec: ENTRANCE.................
text_instance: 2
bbox: [2669, 2531, 127, 89]
bezier_pts: [2669.0, 2570.0, 2697.02, 2556.68, 2723.41, 2534.15, 2757.0, 2531.0, 2795.0, 2563.0, 2769.0, 2581.67, 2743.0, 2600.33, 2717.0, 2619.0]
rec: EL.......................
