text_instance: 0
bbox: [187, 553, 64, 21]
bezier_pts: [187.0, 553.0, 208.0, 553.0, 229.0, 553.0, 250.0, 553.0, 250.0, 573.0, 229.0, 573.0, 208.0, 573.0, 187.0, 573.0]
rec: BORN.....................
text_instance: 1
bbox: [355, 576, 43, 24]
bezier_pts: [355.0, 576.0, 369.0, 576.0, 383.0, 576.0, 397.0, 576.0, 397.0, 599.0, 383.0, 599.0, 369.0, 599.0, 355.0, 599.0]
rec: FEB......................
text_instance: 2
bbox: [277, 460, 32, 46]
bezier_pts: [277.0, 460.0, 287.33, 460.0, 297.67, 460.0, 308.0, 460.0, 308.0, 505.0, 297.67, 505.0, 287.33, 505.0, 277.0, 505.0]
rec: R........................
text_instance: 3
bbox: [21, 350, 35, 17]
bezier_pts: [21.0, 350.0, 32.33, 350.0, 43.67, 350.0, 55.0, 350.0, 55.0, 366.0, 43.67, 366.0, 32.33, 366.0, 21.0, 366.0]
rec: 1980.....................
text_instance: 4
bbox: [155, 232, 123, 61]
bezier_pts: [155.0, 267.0, 192.59, 246.8, 234.69, 233.5, 277.0, 232.0, 275.0, 262.0, 240.13, 273.28, 203.78, 284.28, 168.0, 292.0]
rec: LAUGH....................
text_instance: 5
bbox: [302, 226, 104, 35]
bezier_pts: [304.0, 229.0, 337.08, 226.66, 372.74, 223.75, 405.0, 233.0, 400.0, 260.0, 367.19, 259.46, 335.14, 257.47, 302.0, 255.0]
rec: DONT.....................
text_instance: 6
bbox: [417, 236, 99, 52]
bezier_pts: [417.0, 236.0, 451.44, 239.21, 487.69, 237.85, 515.0, 264.0, 504.0, 287.0, 475.56, 282.19, 448.56, 274.38, 422.0, 264.0]
rec: WEEP.....................
text_instance: 7
bbox: [315, 282, 37, 18]
bezier_pts: [315.0, 287.0, 326.77, 280.15, 339.7, 279.11, 351.0, 287.0, 349.0, 298.0, 339.33, 298.33, 329.67, 298.67, 320.0, 299.0]
rec: MFD......................
text_instance: 8
bbox: [294, 305, 13, 41]
bezier_pts: [294.0, 306.0, 296.54, 319.16, 293.57, 330.28, 294.0, 344.0, 306.0, 345.0, 303.83, 331.67, 304.33, 318.33, 306.0, 305.0]
rec: FIRE.....................
text_instance: 9
bbox: [362, 304, 14, 39]
bezier_pts: [362.0, 304.0, 365.66, 313.5, 364.42, 329.08, 363.0, 341.0, 375.0, 342.0, 374.61, 330.44, 376.03, 317.5, 374.0, 304.0]
rec: DFPT.....................
text_instance: 10
bbox: [188, 372, 41, 34]
bezier_pts: [193.0, 372.0, 204.3, 374.86, 216.91, 375.16, 228.0, 380.0, 219.0, 405.0, 207.87, 405.47, 197.68, 402.77, 188.0, 398.0]
rec: IT.......................
text_instance: 11
bbox: [239, 382, 95, 38]
bezier_pts: [241.0, 382.0, 271.67, 385.33, 302.33, 388.67, 333.0, 392.0, 331.0, 419.0, 300.5, 418.04, 269.53, 414.09, 239.0, 407.0]
rec: FEELS....................
text_instance: 12
bbox: [349, 365, 127, 53]
bezier_pts: [349.0, 391.0, 388.0, 381.45, 425.22, 372.79, 466.0, 365.0, 475.0, 389.0, 441.89, 418.99, 395.44, 410.54, 357.0, 417.0]
rec: BETTER...................
text_instance: 13
bbox: [112, 468, 150, 42]
bezier_pts: [113.0, 470.0, 161.0, 469.33, 209.0, 468.67, 257.0, 468.0, 261.0, 502.0, 211.86, 506.93, 162.24, 509.01, 112.0, 508.0]
rec: JAMES....................
text_instance: 14
bbox: [324, 465, 116, 37]
bezier_pts: [324.0, 467.0, 362.33, 466.33, 400.67, 465.67, 439.0, 465.0, 433.0, 497.0, 398.5, 499.97, 363.6, 501.33, 329.0, 501.0]
rec: BECH.....................
text_instance: 15
bbox: [133, 586, 96, 22]
bezier_pts: [133.0, 588.0, 163.67, 587.33, 194.33, 586.67, 225.0, 586.0, 228.0, 601.0, 199.5, 605.37, 170.53, 606.1, 141.0, 607.0]
rec: AUGUST...................
text_instance: 16
bbox: [233, 584, 18, 19]
bezier_pts: [233.0, 584.0, 238.67, 584.0, 244.33, 584.0, 250.0, 584.0, 250.0, 600.0, 246.38, 602.53, 242.22, 601.88, 238.0, 602.0]
rec: 6........................
text_instance: 17
bbox: [258, 582, 47, 21]
bezier_pts: [258.0, 582.0, 272.0, 582.67, 286.0, 583.33, 300.0, 584.0, 304.0, 599.0, 289.67, 600.0, 275.33, 601.0, 261.0, 602.0]
rec: 1956.....................
text_instance: 18
bbox: [321, 351, 28, 16]
bezier_pts: [321.0, 352.0, 330.0, 351.67, 339.0, 351.33, 348.0, 351.0, 348.0, 362.0, 339.32, 365.66, 330.1, 366.49, 321.0, 364.0]
rec: 115......................
text_instance: 19
bbox: [3, 332, 36, 20]
bezier_pts: [4.0, 333.0, 14.86, 333.51, 24.78, 331.57, 36.0, 332.0, 38.0, 350.0, 26.45, 350.39, 14.44, 352.07, 3.0, 350.0]
rec: ECK......................
