text_instance: 0
bbox: [98, 70, 101, 39]
bezier_pts: [106.0, 70.0, 136.67, 74.67, 167.33, 79.33, 198.0, 84.0, 197.0, 108.0, 163.27, 107.25, 130.23, 103.49, 98.0, 97.0]
rec: Azuki....................
text_instance: 1
bbox: [107, 108, 57, 21]
bezier_pts: [107.0, 108.0, 124.67, 110.33, 142.33, 112.67, 160.0, 115.0, 163.0, 128.0, 144.33, 127.0, 125.67, 126.0, 107.0, 125.0]
rec: SUSHI....................
text_instance: 2
bbox: [35, 481, 44, 23]
bezier_pts: [42.0, 481.0, 53.67, 481.33, 65.33, 481.67, 77.0, 482.0, 78.0, 503.0, 63.67, 501.0, 49.33, 499.0, 35.0, 497.0]
rec: OBI......................
text_instance: 3
bbox: [458, 117, 59, 23]
bezier_pts: [458.0, 118.0, 476.7, 115.48, 496.98, 117.92, 516.0, 123.0, 513.0, 139.0, 496.67, 137.0, 480.33, 135.0, 464.0, 133.0]
rec: LUKES....................
text_instance: 4
bbox: [437, 144, 70, 25]
bezier_pts: [438.0, 144.0, 460.54, 147.19, 482.69, 148.35, 505.0, 153.0, 506.0, 168.0, 483.0, 166.0, 460.0, 164.0, 437.0, 162.0]
rec: LOBSTER..................
text_instance: 5
bbox: [509, 152, 49, 21]
bezier_pts: [509.0, 152.0, 524.33, 154.33, 539.67, 156.67, 555.0, 159.0, 557.0, 172.0, 541.13, 172.13, 525.48, 170.47, 509.0, 169.0]
rec: ROLL.....................
text_instance: 6
bbox: [651, 159, 75, 259]
bezier_pts: [651.0, 159.0, 657.37, 243.34, 676.37, 332.23, 692.0, 415.0, 725.0, 417.0, 719.41, 329.53, 693.76, 244.4, 680.0, 159.0]
rec: KITCHEN..................
