text_instance: 0
bbox: [17, 195, 171, 112]
bezier_pts: [17.0, 251.0, 68.06, 229.16, 116.52, 194.54, 173.0, 195.0, 187.0, 254.0, 139.07, 263.25, 90.3, 284.17, 46.0, 306.0]
rec: Lest.....................
text_instance: 1
bbox: [184, 175, 106, 78]
bezier_pts: [184.0, 184.0, 214.45, 177.24, 252.62, 161.55, 282.0, 186.0, 289.0, 240.0, 260.64, 246.96, 231.88, 250.26, 203.0, 251.0]
rec: We.......................
text_instance: 2
bbox: [308, 174, 259, 121]
bezier_pts: [308.0, 174.0, 398.62, 180.85, 476.82, 204.57, 566.0, 227.0, 560.0, 294.0, 478.25, 263.89, 399.14, 233.43, 310.0, 242.0]
rec: FORGET...................
