text_instance: 0
bbox: [412, 439, 116, 30]
bezier_pts: [412.0, 439.0, 450.33, 439.0, 488.67, 439.0, 527.0, 439.0, 527.0, 467.0, 488.67, 467.0, 450.33, 467.0, 412.0, 467.0]
rec: SONS.....................
text_instance: 1
bbox: [390, 471, 70, 23]
bezier_pts: [390.0, 471.0, 413.0, 471.0, 436.0, 471.0, 459.0, 471.0, 459.0, 493.0, 436.0, 493.0, 413.0, 493.0, 390.0, 493.0]
rec: SINCE....................
text_instance: 2
bbox: [465, 473, 49, 20]
bezier_pts: [465.0, 473.0, 481.0, 473.0, 497.0, 473.0, 513.0, 473.0, 513.0, 490.0, 496.98, 491.83, 481.29, 492.67, 465.0, 490.0]
rec: 1888.....................
text_instance: 3
bbox: [332, 385, 258, 65]
bezier_pts: [332.0, 407.0, 416.51, 370.74, 507.31, 383.47, 589.0, 411.0, 579.0, 449.0, 506.43, 411.48, 417.88, 405.15, 340.0, 446.0]
rec: YINOHANA.................
text_instance: 4
bbox: [404, 611, 164, 65]
bezier_pts: [404.0, 613.0, 458.33, 612.33, 512.67, 611.67, 567.0, 611.0, 567.0, 675.0, 513.0, 673.67, 459.0, 672.33, 405.0, 671.0]
rec: KICS.....................
text_instance: 5
bbox: [70, 423, 59, 52]
bezier_pts: [70.0, 446.0, 86.51, 432.01, 105.13, 425.07, 126.0, 423.0, 128.0, 448.0, 109.0, 456.67, 90.0, 465.33, 71.0, 474.0]
rec: AN.......................
