text_instance: 0
bbox: [86, 41, 136, 33]
bezier_pts: [86.0, 56.0, 128.48, 36.71, 175.91, 33.34, 221.0, 52.0, 210.0, 71.0, 171.29, 61.82, 132.61, 69.63, 94.0, 73.0]
rec: EMBASSY..................
text_instance: 1
bbox: [9, 231, 68, 86]
bezier_pts: [29.0, 231.0, 44.19, 252.7, 59.43, 280.08, 76.0, 301.0, 69.0, 316.0, 35.69, 304.23, 12.59, 275.09, 9.0, 238.0]
rec: UNITED...................
text_instance: 2
bbox: [72, 305, 102, 41]
bezier_pts: [83.0, 305.0, 113.1, 309.34, 139.36, 325.92, 170.0, 322.0, 173.0, 344.0, 137.32, 347.57, 103.28, 343.52, 72.0, 322.0]
rec: STATES...................
text_instance: 3
bbox: [221, 233, 79, 96]
bezier_pts: [221.0, 309.0, 248.76, 290.28, 271.18, 264.8, 283.0, 233.0, 299.0, 235.0, 289.43, 278.77, 261.84, 306.68, 223.0, 328.0]
rec: AMERICA..................
text_instance: 4
bbox: [182, 314, 33, 30]
bezier_pts: [182.0, 324.0, 191.11, 319.68, 201.24, 316.74, 211.0, 314.0, 214.0, 331.0, 204.89, 336.78, 194.89, 340.78, 184.0, 343.0]
rec: OF.......................
text_instance: 5
bbox: [260, 394, 42, 11]
bezier_pts: [260.0, 394.0, 273.67, 394.0, 287.33, 394.0, 301.0, 394.0, 301.0, 403.0, 287.8, 403.0, 274.06, 403.0, 260.0, 403.0]
rec: REUTERS..................
