text_instance: 0
bbox: [190, 279, 55, 200]
bezier_pts: [190.0, 478.0, 198.28, 413.24, 192.28, 345.13, 204.0, 279.0, 244.0, 279.0, 237.29, 344.1, 230.24, 410.16, 232.0, 477.0]
rec: REGAL....................
text_instance: 1
bbox: [449, 532, 490, 376]
bezier_pts: [449.0, 796.0, 572.5, 654.69, 740.0, 593.81, 908.0, 532.0, 938.0, 652.0, 800.52, 717.48, 638.02, 787.19, 536.0, 907.0]
rec: SARK.....................
text_instance: 2
bbox: [1355, 520, 508, 337]
bezier_pts: [1403.0, 520.0, 1579.92, 552.1, 1709.81, 667.66, 1862.0, 760.0, 1772.0, 856.0, 1633.0, 787.0, 1494.0, 718.0, 1355.0, 649.0]
rec: HAN......................
text_instance: 3
bbox: [558, 720, 809, 419]
bezier_pts: [558.0, 1062.0, 735.23, 756.09, 1028.74, 656.68, 1366.0, 747.0, 1351.0, 878.0, 1061.28, 810.72, 815.86, 905.22, 657.0, 1138.0]
rec: HEDiYELIK................
text_instance: 4
bbox: [1397, 772, 349, 361]
bezier_pts: [1436.0, 772.0, 1560.74, 814.28, 1664.87, 892.89, 1745.0, 1006.0, 1670.0, 1132.0, 1579.0, 1051.0, 1488.0, 970.0, 1397.0, 889.0]
rec: ESYA.....................
text_instance: 5
bbox: [839, 982, 643, 160]
bezier_pts: [848.0, 982.0, 1058.0, 983.0, 1268.0, 984.0, 1478.0, 985.0, 1481.0, 1123.0, 1267.0, 1129.0, 1053.0, 1135.0, 839.0, 1141.0]
rec: CARSISI..................
text_instance: 6
bbox: [476, 1192, 583, 162]
bezier_pts: [476.0, 1192.0, 661.0, 1192.0, 846.0, 1192.0, 1031.0, 1192.0, 1058.0, 1333.0, 864.11, 1341.91, 670.64, 1347.7, 476.0, 1351.0]
rec: SARk.....................
text_instance: 7
bbox: [1139, 1180, 472, 169]
bezier_pts: [1139.0, 1180.0, 1296.0, 1180.0, 1453.0, 1180.0, 1610.0, 1180.0, 1610.0, 1348.0, 1453.0, 1346.0, 1296.0, 1344.0, 1139.0, 1342.0]
rec: HAN......................
text_instance: 8
bbox: [2225, 1522, 157, 97]
bezier_pts: [2225.0, 1522.0, 2272.0, 1522.0, 2319.0, 1522.0, 2366.0, 1522.0, 2381.0, 1612.0, 2329.6, 1616.13, 2279.24, 1616.42, 2228.0, 1618.0]
rec: ARA......................
text_instance: 9
bbox: [2225, 1672, 181, 61]
bezier_pts: [2234.0, 1678.0, 2291.0, 1676.0, 2348.0, 1674.0, 2405.0, 1672.0, 2405.0, 1717.0, 2345.23, 1724.84, 2285.43, 1729.97, 2225.0, 1732.0]
rec: ITHALA...................
text_instance: 10
bbox: [2255, 1765, 154, 55]
bezier_pts: [2258.0, 1768.0, 2308.0, 1767.0, 2358.0, 1766.0, 2408.0, 1765.0, 2408.0, 1810.0, 2357.0, 1813.0, 2306.0, 1816.0, 2255.0, 1819.0]
rec: MUTFAK...................
text_instance: 11
bbox: [2246, 1846, 169, 52]
bezier_pts: [2246.0, 1849.0, 2298.0, 1848.0, 2350.0, 1847.0, 2402.0, 1846.0, 2414.0, 1888.0, 2358.0, 1891.0, 2302.0, 1894.0, 2246.0, 1897.0]
rec: HEDiYEL..................
text_instance: 12
bbox: [2303, 1885, 100, 49]
bezier_pts: [2303.0, 1888.0, 2334.0, 1887.0, 2365.0, 1886.0, 2396.0, 1885.0, 2402.0, 1933.0, 2371.0, 1933.0, 2340.0, 1933.0, 2309.0, 1933.0]
rec: ESYA.....................
text_instance: 13
bbox: [1699, 1215, 120, 96]
bezier_pts: [1699.0, 1216.0, 1737.09, 1216.23, 1776.91, 1211.11, 1815.0, 1222.0, 1818.0, 1310.0, 1780.0, 1309.67, 1742.0, 1309.33, 1704.0, 1309.0]
rec: 23.......................
text_instance: 14
bbox: [237, 1361, 48, 35]
bezier_pts: [240.0, 1365.0, 253.81, 1357.61, 268.0, 1361.13, 282.0, 1364.0, 284.0, 1394.0, 268.57, 1394.2, 253.18, 1393.56, 237.0, 1392.0]
rec: 17.......................
text_instance: 15
bbox: [2279, 1636, 111, 33]
bezier_pts: [2282.0, 1639.0, 2315.07, 1637.87, 2349.56, 1635.52, 2381.0, 1637.0, 2389.0, 1667.0, 2352.33, 1667.33, 2315.67, 1667.67, 2279.0, 1668.0]
rec: A.S......................
text_instance: 16
bbox: [73, 1476, 62, 23]
bezier_pts: [76.0, 1477.0, 94.9, 1478.66, 114.4, 1472.1, 134.0, 1479.0, 134.0, 1497.0, 113.91, 1498.96, 93.05, 1497.84, 73.0, 1496.0]
rec: 23-29....................
