text_instance: 0
bbox: [121, 115, 164, 51]
bezier_pts: [122.0, 131.0, 177.11, 124.0, 228.39, 114.09, 284.0, 115.0, 284.0, 140.0, 229.67, 148.33, 175.33, 156.67, 121.0, 165.0]
rec: APPLE....................
text_instance: 1
bbox: [316, 108, 234, 56]
bezier_pts: [316.0, 108.0, 397.15, 112.15, 473.18, 106.98, 549.0, 136.0, 547.0, 163.0, 469.49, 155.95, 392.25, 147.68, 317.0, 139.0]
rec: MARKET...................
text_instance: 2
bbox: [246, 276, 49, 19]
bezier_pts: [247.0, 277.0, 262.67, 276.67, 278.33, 276.33, 294.0, 276.0, 294.0, 294.0, 278.0, 293.67, 262.0, 293.33, 246.0, 293.0]
rec: hand.....................
text_instance: 3
bbox: [300, 278, 48, 20]
bezier_pts: [302.0, 278.0, 317.0, 278.0, 332.0, 278.0, 347.0, 278.0, 347.0, 297.0, 331.33, 296.67, 315.67, 296.33, 300.0, 296.0]
rec: made.....................
text_instance: 4
bbox: [349, 278, 27, 22]
bezier_pts: [350.0, 278.0, 358.0, 278.33, 366.0, 278.67, 374.0, 279.0, 375.0, 297.0, 366.17, 299.54, 357.87, 299.13, 349.0, 299.0]
rec: Art......................
text_instance: 5
bbox: [395, 279, 62, 22]
bezier_pts: [395.0, 280.0, 414.33, 279.67, 433.67, 279.33, 453.0, 279.0, 456.0, 298.0, 436.12, 298.1, 415.88, 300.24, 396.0, 299.0]
rec: Design...................
