text_instance: 0
bbox: [175, 164, 99, 20]
bezier_pts: [177.0, 164.0, 209.57, 168.44, 240.85, 156.98, 273.0, 172.0, 273.0, 183.0, 240.33, 181.33, 207.67, 179.67, 175.0, 178.0]
rec: CUISINE..................
text_instance: 1
bbox: [173, 180, 102, 21]
bezier_pts: [174.0, 180.0, 206.43, 182.77, 241.57, 178.06, 274.0, 186.0, 272.0, 199.0, 239.09, 199.7, 205.64, 197.96, 173.0, 193.0]
rec: JAPONAISE................
text_instance: 2
bbox: [182, 200, 107, 36]
bezier_pts: [187.0, 200.0, 220.67, 201.67, 254.33, 203.33, 288.0, 205.0, 288.0, 235.0, 252.67, 233.0, 217.33, 231.0, 182.0, 229.0]
rec: AUTHENTIQUE..............
text_instance: 3
bbox: [202, 251, 65, 38]
bezier_pts: [202.0, 251.0, 223.33, 252.33, 244.67, 253.67, 266.0, 255.0, 261.0, 287.0, 241.62, 286.36, 221.58, 285.06, 202.0, 283.0]
rec: 2007.....................
text_instance: 4
bbox: [69, 270, 39, 48]
bezier_pts: [87.0, 270.0, 97.19, 279.34, 98.74, 293.8, 107.0, 308.0, 90.0, 317.0, 73.26, 310.91, 72.2, 291.99, 69.0, 278.0]
rec: Comite...................
text_instance: 5
bbox: [94, 306, 75, 48]
bezier_pts: [105.0, 306.0, 124.73, 317.26, 145.23, 332.62, 168.0, 338.0, 167.0, 353.0, 142.47, 351.61, 105.89, 352.59, 94.0, 323.0]
rec: devaluation..............
text_instance: 6
bbox: [205, 324, 46, 31]
bezier_pts: [205.0, 337.0, 217.0, 332.67, 229.0, 328.33, 241.0, 324.0, 250.0, 335.0, 249.17, 356.71, 223.35, 353.72, 209.0, 354.0]
rec: cuisine..................
text_instance: 7
bbox: [244, 279, 49, 59]
bezier_pts: [244.0, 320.0, 262.15, 311.55, 271.94, 294.68, 283.0, 279.0, 292.0, 282.0, 284.53, 303.42, 271.55, 322.09, 255.0, 337.0]
rec: japonaise................
text_instance: 8
bbox: [169, 337, 21, 21]
bezier_pts: [169.0, 337.0, 175.67, 337.0, 182.33, 337.0, 189.0, 337.0, 189.0, 355.0, 182.35, 357.91, 175.55, 357.41, 169.0, 354.0]
rec: de.......................
text_instance: 9
bbox: [189, 337, 17, 20]
bezier_pts: [189.0, 337.0, 194.0, 337.0, 199.0, 337.0, 204.0, 337.0, 205.0, 354.0, 199.85, 356.46, 194.27, 356.92, 189.0, 355.0]
rec: la.......................
