text_instance: 0
bbox: [149, 418, 341, 159]
bezier_pts: [149.0, 418.0, 262.33, 418.0, 375.67, 418.0, 489.0, 418.0, 489.0, 576.0, 375.67, 576.0, 262.33, 576.0, 149.0, 576.0]
rec: CAFE.....................
text_instance: 1
bbox: [249, 172, 35, 35]
bezier_pts: [249.0, 172.0, 260.33, 172.0, 271.67, 172.0, 283.0, 172.0, 283.0, 205.0, 271.67, 205.0, 260.33, 205.0, 249.0, 205.0]
rec: 10.......................
text_instance: 2
bbox: [301, 144, 37, 33]
bezier_pts: [301.0, 144.0, 313.0, 144.0, 325.0, 144.0, 337.0, 144.0, 337.0, 176.0, 325.0, 176.0, 313.0, 176.0, 301.0, 176.0]
rec: 12.......................
text_instance: 3
bbox: [267, 255, 30, 40]
bezier_pts: [267.0, 255.0, 276.67, 255.0, 286.33, 255.0, 296.0, 255.0, 296.0, 294.0, 286.33, 294.0, 276.67, 294.0, 267.0, 294.0]
rec: 7........................
text_instance: 4
bbox: [139, 73, 141, 164]
bezier_pts: [139.0, 230.0, 140.53, 162.43, 176.22, 95.69, 246.0, 73.0, 279.0, 127.0, 230.12, 147.95, 218.36, 197.81, 192.0, 236.0]
rec: TIME.....................
text_instance: 5
bbox: [300, 61, 94, 67]
bezier_pts: [300.0, 61.0, 332.28, 61.12, 365.21, 64.85, 393.0, 83.0, 363.0, 127.0, 342.19, 124.63, 321.01, 121.46, 301.0, 115.0]
rec: TO.......................
text_instance: 6
bbox: [388, 109, 98, 139]
bezier_pts: [430.0, 109.0, 478.32, 141.68, 489.48, 190.15, 484.0, 245.0, 430.0, 247.0, 432.68, 206.42, 405.42, 173.06, 388.0, 137.0]
rec: EAT......................
text_instance: 7
bbox: [229, 583, 246, 134]
bezier_pts: [229.0, 586.0, 308.67, 585.0, 388.33, 584.0, 468.0, 583.0, 474.0, 716.0, 394.33, 715.67, 314.67, 715.33, 235.0, 715.0]
rec: 50S......................
text_instance: 8
bbox: [235, 209, 30, 28]
bezier_pts: [235.0, 209.0, 243.67, 210.0, 252.33, 211.0, 261.0, 212.0, 264.0, 236.0, 255.33, 236.0, 246.67, 236.0, 238.0, 236.0]
rec: 9........................
text_instance: 9
bbox: [252, 236, 22, 35]
bezier_pts: [252.0, 236.0, 259.0, 236.0, 266.0, 236.0, 273.0, 236.0, 271.0, 263.0, 265.67, 267.76, 259.18, 269.96, 252.0, 269.0]
rec: 8........................
text_instance: 10
bbox: [303, 275, 31, 34]
bezier_pts: [303.0, 275.0, 312.33, 275.67, 321.67, 276.33, 331.0, 277.0, 333.0, 304.0, 325.73, 307.39, 317.66, 306.93, 310.0, 308.0]
rec: 6........................
text_instance: 11
bbox: [339, 266, 26, 34]
bezier_pts: [339.0, 268.0, 347.0, 267.33, 355.0, 266.67, 363.0, 266.0, 364.0, 299.0, 356.0, 298.0, 348.0, 297.0, 340.0, 296.0]
rec: 5........................
text_instance: 12
bbox: [361, 245, 36, 30]
bezier_pts: [361.0, 245.0, 371.67, 245.67, 382.33, 246.33, 393.0, 247.0, 396.0, 272.0, 384.9, 274.79, 373.98, 273.73, 363.0, 274.0]
rec: 4........................
text_instance: 13
bbox: [370, 215, 31, 28]
bezier_pts: [370.0, 217.0, 380.0, 216.33, 390.0, 215.67, 400.0, 215.0, 397.0, 242.0, 390.67, 242.0, 384.33, 242.0, 378.0, 242.0]
rec: 3........................
text_instance: 14
bbox: [369, 187, 23, 31]
bezier_pts: [369.0, 187.0, 376.33, 187.0, 383.67, 187.0, 391.0, 187.0, 391.0, 214.0, 383.89, 216.69, 376.21, 215.71, 369.0, 217.0]
rec: 2........................
text_instance: 15
bbox: [343, 160, 25, 34]
bezier_pts: [343.0, 160.0, 351.0, 160.33, 359.0, 160.67, 367.0, 161.0, 367.0, 193.0, 360.36, 193.04, 354.59, 191.36, 349.0, 188.0]
rec: 1........................
text_instance: 16
bbox: [270, 155, 29, 34]
bezier_pts: [271.0, 155.0, 279.67, 155.67, 288.33, 156.33, 297.0, 157.0, 298.0, 188.0, 288.67, 187.0, 279.33, 186.0, 270.0, 185.0]
rec: 11.......................
text_instance: 17
bbox: [399, 757, 105, 132]
bezier_pts: [399.0, 812.0, 429.33, 793.67, 459.67, 775.33, 490.0, 757.0, 503.0, 846.0, 469.67, 860.0, 436.33, 874.0, 403.0, 888.0]
rec: LUNCH....................
text_instance: 18
bbox: [516, 666, 125, 158]
bezier_pts: [517.0, 740.0, 556.9, 713.42, 589.62, 686.5, 633.0, 666.0, 640.0, 765.0, 598.67, 784.33, 557.33, 803.67, 516.0, 823.0]
rec: DINNER...................
