text_instance: 0
bbox: [86, 166, 300, 244]
bezier_pts: [86.0, 366.0, 146.44, 255.57, 245.19, 174.08, 380.0, 166.0, 385.0, 246.0, 265.2, 217.38, 187.42, 311.53, 142.0, 409.0]
rec: ISETAN...................
text_instance: 1
bbox: [416, 188, 213, 219]
bezier_pts: [435.0, 188.0, 524.79, 221.19, 591.6, 297.48, 628.0, 380.0, 567.0, 406.0, 546.81, 329.38, 484.07, 280.35, 416.0, 247.0]
rec: MEAT.....................
text_instance: 2
bbox: [305, 292, 110, 37]
bezier_pts: [305.0, 292.0, 341.33, 292.0, 377.67, 292.0, 414.0, 292.0, 414.0, 327.0, 378.67, 327.33, 343.33, 327.67, 308.0, 328.0]
rec: SINCE....................
text_instance: 3
bbox: [319, 327, 85, 40]
bezier_pts: [319.0, 330.0, 346.0, 329.0, 373.0, 328.0, 400.0, 327.0, 403.0, 366.0, 376.67, 366.0, 350.33, 366.0, 324.0, 366.0]
rec: 1990.....................
text_instance: 4
bbox: [198, 387, 68, 34]
bezier_pts: [198.0, 387.0, 218.67, 387.0, 239.33, 387.0, 260.0, 387.0, 265.0, 417.0, 244.97, 419.22, 224.17, 419.96, 204.0, 420.0]
rec: FOR......................
text_instance: 5
bbox: [266, 386, 140, 37]
bezier_pts: [266.0, 387.0, 310.67, 386.67, 355.33, 386.33, 400.0, 386.0, 405.0, 419.0, 360.33, 420.0, 315.67, 421.0, 271.0, 422.0]
rec: QUALITY..................
text_instance: 6
bbox: [449, 387, 71, 36]
bezier_pts: [449.0, 391.0, 471.67, 389.67, 494.33, 388.33, 517.0, 387.0, 519.0, 419.0, 497.95, 421.18, 476.67, 422.18, 455.0, 422.0]
rec: LIFE.....................
text_instance: 7
bbox: [175, 422, 231, 40]
bezier_pts: [175.0, 422.0, 251.67, 423.0, 328.33, 424.0, 405.0, 425.0, 405.0, 461.0, 330.42, 461.17, 253.92, 461.5, 178.0, 459.0]
rec: SPECIALTY................
text_instance: 8
bbox: [422, 423, 124, 39]
bezier_pts: [422.0, 425.0, 462.0, 424.33, 502.0, 423.67, 542.0, 423.0, 545.0, 461.0, 506.67, 460.0, 468.33, 459.0, 430.0, 458.0]
rec: MEAT.....................
text_instance: 9
bbox: [400, 393, 48, 29]
bezier_pts: [403.0, 394.0, 417.76, 391.91, 432.06, 393.3, 447.0, 393.0, 446.0, 421.0, 431.13, 421.32, 414.99, 420.42, 400.0, 419.0]
rec: OF.......................
