text_instance: 0
bbox: [207, 179, 135, 17]
bezier_pts: [207.0, 179.0, 251.67, 179.0, 296.33, 179.0, 341.0, 179.0, 341.0, 195.0, 296.33, 195.0, 251.67, 195.0, 207.0, 195.0]
rec: TRADITIONAL..............
text_instance: 1
bbox: [45, 143, 86, 26]
bezier_pts: [45.0, 143.0, 73.33, 143.0, 101.67, 143.0, 130.0, 143.0, 130.0, 167.0, 101.67, 167.0, 73.33, 167.0, 45.0, 167.0]
rec: RANG.....................
text_instance: 2
bbox: [70, 167, 59, 46]
bezier_pts: [70.0, 192.0, 86.21, 176.45, 109.02, 175.74, 128.0, 167.0, 128.0, 193.0, 112.67, 199.33, 97.33, 205.67, 82.0, 212.0]
rec: Giai.....................
text_instance: 3
bbox: [118, 205, 38, 28]
bezier_pts: [118.0, 208.0, 130.33, 207.0, 142.67, 206.0, 155.0, 205.0, 155.0, 224.0, 142.67, 226.67, 130.33, 229.33, 118.0, 232.0]
rec: Arabi....................
text_instance: 4
bbox: [202, 135, 208, 47]
bezier_pts: [211.0, 141.0, 277.0, 139.0, 343.0, 137.0, 409.0, 135.0, 409.0, 173.0, 339.99, 178.29, 271.15, 180.52, 202.0, 180.0]
rec: CAFE.....................
text_instance: 5
bbox: [349, 129, 209, 106]
bezier_pts: [415.0, 129.0, 462.33, 129.67, 509.67, 130.33, 557.0, 131.0, 551.0, 234.0, 484.43, 211.38, 413.65, 230.51, 349.0, 224.0]
rec: MAi......................
text_instance: 6
bbox: [516, 201, 264, 24]
bezier_pts: [532.0, 201.0, 614.33, 201.67, 696.67, 202.33, 779.0, 203.0, 776.0, 223.0, 689.92, 223.3, 602.35, 223.55, 516.0, 221.0]
rec: MoaEspressoAliculiDaklakP
text_instance: 7
bbox: [638, 138, 50, 38]
bezier_pts: [638.0, 161.0, 652.67, 153.33, 667.33, 145.67, 682.0, 138.0, 687.0, 151.0, 673.0, 159.0, 659.0, 167.0, 645.0, 175.0]
rec: THUONG...................
text_instance: 8
bbox: [140, 143, 59, 23]
bezier_pts: [140.0, 145.0, 159.33, 144.33, 178.67, 143.67, 198.0, 143.0, 194.0, 162.0, 175.53, 163.41, 158.46, 165.01, 140.0, 164.0]
rec: XAY......................
text_instance: 9
bbox: [9, 150, 32, 13]
bezier_pts: [10.0, 152.0, 20.0, 151.33, 30.0, 150.67, 40.0, 150.0, 39.0, 161.0, 29.1, 162.67, 18.96, 162.55, 9.0, 161.0]
rec: ANG......................
text_instance: 10
bbox: [2, 190, 39, 10]
bezier_pts: [2.0, 191.0, 14.65, 188.62, 26.75, 190.53, 39.0, 190.0, 40.0, 197.0, 27.28, 199.63, 14.73, 199.03, 2.0, 199.0]
rec: UYANH....................
text_instance: 11
bbox: [137, 169, 14, 20]
bezier_pts: [138.0, 169.0, 141.67, 171.33, 145.33, 173.67, 149.0, 176.0, 150.0, 187.0, 145.67, 187.33, 141.33, 187.67, 137.0, 188.0]
rec: k........................
text_instance: 12
bbox: [43, 212, 60, 16]
bezier_pts: [44.0, 212.0, 63.33, 212.0, 82.67, 212.0, 102.0, 212.0, 102.0, 225.0, 82.63, 226.25, 63.03, 227.06, 43.0, 227.0]
rec: CasloalCaphe.............
text_instance: 13
bbox: [204, 208, 20, 16]
bezier_pts: [204.0, 211.0, 210.8, 210.96, 216.64, 211.07, 223.0, 213.0, 223.0, 223.0, 216.67, 223.0, 210.33, 223.0, 204.0, 223.0]
rec: sta......................
text_instance: 14
bbox: [250, 198, 82, 34]
bezier_pts: [250.0, 203.0, 278.84, 207.58, 303.94, 187.2, 331.0, 208.0, 326.0, 217.0, 302.34, 232.9, 270.32, 203.25, 250.0, 231.0]
rec: GiaJruyen................
text_instance: 15
bbox: [161, 173, 27, 28]
bezier_pts: [162.0, 173.0, 171.17, 175.34, 179.17, 178.25, 187.0, 184.0, 183.0, 200.0, 175.64, 197.71, 168.23, 195.49, 161.0, 193.0]
rec: CAFE.....................
text_instance: 16
bbox: [418, 206, 37, 17]
bezier_pts: [420.0, 206.0, 431.33, 206.33, 442.67, 206.67, 454.0, 207.0, 453.0, 220.0, 441.33, 220.67, 429.67, 221.33, 418.0, 222.0]
rec: Chari....................
text_instance: 17
bbox: [684, 138, 65, 15]
bezier_pts: [684.0, 142.0, 705.33, 134.45, 726.67, 135.78, 748.0, 146.0, 744.0, 152.0, 725.0, 151.0, 706.0, 150.0, 687.0, 149.0]
rec: HIEUTRUYEN...............
text_instance: 18
bbox: [758, 151, 21, 19]
bezier_pts: [763.0, 151.0, 768.27, 155.01, 773.97, 158.87, 778.0, 164.0, 773.0, 169.0, 768.0, 165.33, 763.0, 161.67, 758.0, 158.0]
rec: SNG......................
text_instance: 19
bbox: [122, 283, 67, 15]
bezier_pts: [122.0, 284.0, 143.58, 282.14, 165.06, 282.67, 188.0, 284.0, 185.0, 297.0, 164.33, 296.67, 143.67, 296.33, 123.0, 296.0]
rec: CAFENUOC.................
text_instance: 20
bbox: [230, 262, 14, 10]
bezier_pts: [230.0, 262.0, 234.33, 262.33, 238.67, 262.67, 243.0, 263.0, 241.0, 271.0, 237.67, 271.0, 234.33, 271.0, 231.0, 271.0]
rec: 52.......................
text_instance: 21
bbox: [553, 139, 17, 14]
bezier_pts: [555.0, 139.0, 559.67, 139.33, 564.33, 139.67, 569.0, 140.0, 568.0, 152.0, 563.0, 151.67, 558.0, 151.33, 553.0, 151.0]
rec: R........................
text_instance: 22
bbox: [321, 471, 129, 28]
bezier_pts: [321.0, 471.0, 363.67, 471.67, 406.33, 468.78, 449.0, 473.0, 449.0, 494.0, 405.85, 497.1, 362.76, 496.97, 321.0, 495.0]
rec: MalaysiaAsia.............
text_instance: 23
bbox: [453, 477, 31, 21]
bezier_pts: [453.0, 478.0, 463.32, 476.46, 472.92, 475.78, 483.0, 478.0, 481.0, 497.0, 471.67, 496.0, 462.33, 495.0, 453.0, 494.0]
rec: my.......................
