text_instance: 0
bbox: [389, 449, 170, 51]
bezier_pts: [389.0, 472.0, 442.56, 435.69, 508.54, 445.34, 558.0, 476.0, 545.0, 499.0, 504.69, 475.92, 457.42, 459.5, 413.0, 493.0]
rec: TERAMACHI................
text_instance: 1
bbox: [367, 573, 118, 34]
bezier_pts: [371.0, 573.0, 409.03, 575.96, 446.41, 577.78, 484.0, 585.0, 484.0, 606.0, 444.48, 605.05, 405.58, 602.84, 367.0, 600.0]
rec: POKER....................
text_instance: 2
bbox: [489, 583, 90, 33]
bezier_pts: [492.0, 583.0, 519.67, 583.67, 547.33, 584.33, 575.0, 585.0, 578.0, 615.0, 548.33, 613.0, 518.67, 611.0, 489.0, 609.0]
rec: FACE.....................
text_instance: 3
bbox: [367, 601, 84, 28]
bezier_pts: [367.0, 601.0, 394.67, 602.0, 422.33, 603.0, 450.0, 604.0, 448.0, 628.0, 422.33, 626.67, 396.67, 625.33, 371.0, 624.0]
rec: KYOTO....................
text_instance: 4
bbox: [451, 604, 128, 28]
bezier_pts: [451.0, 604.0, 493.33, 606.0, 535.67, 608.0, 578.0, 610.0, 578.0, 631.0, 536.33, 629.0, 494.67, 627.0, 453.0, 625.0]
rec: TRADITION................
text_instance: 5
bbox: [340, 811, 231, 123]
bezier_pts: [347.0, 811.0, 421.33, 815.0, 495.67, 819.0, 570.0, 823.0, 567.0, 933.0, 491.03, 929.17, 416.36, 924.57, 340.0, 919.0]
rec: 50th.....................
text_instance: 6
bbox: [343, 933, 227, 61]
bezier_pts: [343.0, 933.0, 418.33, 937.67, 493.67, 942.33, 569.0, 947.0, 564.0, 993.0, 490.67, 988.67, 417.33, 984.33, 344.0, 980.0]
rec: Anniversary..............
text_instance: 7
bbox: [783, 918, 120, 308]
bezier_pts: [783.0, 1115.0, 826.57, 1054.47, 840.06, 977.52, 885.0, 918.0, 902.0, 1028.0, 872.74, 1094.11, 840.84, 1168.87, 792.0, 1225.0]
rec: POKER....................
text_instance: 8
bbox: [796, 1132, 75, 149]
bezier_pts: [796.0, 1250.0, 819.72, 1209.32, 844.71, 1171.88, 867.0, 1132.0, 870.0, 1218.0, 856.12, 1240.66, 852.1, 1264.09, 828.0, 1280.0]
rec: YOTO.....................
text_instance: 9
bbox: [870, 981, 86, 208]
bezier_pts: [870.0, 1112.0, 900.8, 1069.2, 917.14, 1017.28, 952.0, 981.0, 955.0, 1082.0, 931.7, 1118.26, 910.27, 1153.74, 885.0, 1188.0]
rec: TRAD.....................
