text_instance: 0
bbox: [773, 295, 481, 242]
bezier_pts: [773.0, 326.0, 917.98, 307.06, 1072.05, 294.83, 1223.0, 299.0, 1253.0, 491.0, 1099.48, 507.46, 945.55, 522.49, 791.0, 536.0]
rec: BEN......................
text_instance: 1
bbox: [1400, 328, 672, 452]
bezier_pts: [1430.0, 328.0, 1677.88, 342.33, 1881.82, 439.6, 2071.0, 599.0, 1985.0, 779.0, 1806.92, 658.54, 1616.4, 574.1, 1400.0, 534.0]
rec: JERRYS...................
text_instance: 2
bbox: [2783, 766, 128, 62]
bezier_pts: [2783.0, 766.0, 2825.33, 770.33, 2867.67, 774.67, 2910.0, 779.0, 2910.0, 824.0, 2871.28, 825.96, 2832.36, 825.0, 2793.0, 821.0]
rec: GOGO.....................
text_instance: 3
bbox: [2776, 814, 231, 100]
bezier_pts: [2776.0, 814.0, 2848.0, 818.33, 2920.0, 822.67, 2992.0, 827.0, 3006.0, 913.0, 2931.56, 907.88, 2857.52, 899.88, 2783.0, 889.0]
rec: Bambiqi..................
