text_instance: 0
bbox: [478, 1074, 118, 41]
bezier_pts: [478.0, 1074.0, 517.0, 1074.0, 556.0, 1074.0, 595.0, 1074.0, 595.0, 1114.0, 556.0, 1114.0, 517.0, 1114.0, 478.0, 1114.0]
rec: WORKS....................
text_instance: 1
bbox: [91, 245, 210, 197]
bezier_pts: [300.0, 306.0, 237.55, 347.28, 150.96, 371.49, 109.0, 441.0, 91.0, 404.0, 140.56, 335.15, 206.11, 269.96, 290.0, 245.0]
rec: Romance..................
text_instance: 2
bbox: [411, 227, 166, 88]
bezier_pts: [543.0, 314.0, 497.72, 305.59, 450.69, 289.32, 411.0, 268.0, 429.0, 227.0, 479.08, 242.91, 527.75, 261.48, 576.0, 283.0]
rec: moulin...................
text_instance: 3
bbox: [535, 297, 119, 112]
bezier_pts: [589.0, 408.0, 577.3, 378.37, 556.83, 355.83, 535.0, 335.0, 587.0, 297.0, 631.15, 312.03, 638.8, 353.24, 653.0, 391.0]
rec: Un.......................
text_instance: 4
bbox: [230, 603, 329, 136]
bezier_pts: [237.0, 641.0, 342.69, 636.21, 440.92, 645.75, 540.0, 603.0, 558.0, 659.0, 450.31, 706.12, 348.79, 750.41, 230.0, 738.0]
rec: Romance..................
text_instance: 5
bbox: [173, 780, 160, 94]
bezier_pts: [211.0, 780.0, 251.33, 792.0, 291.67, 804.0, 332.0, 816.0, 332.0, 873.0, 271.13, 865.17, 215.83, 843.11, 173.0, 803.0]
rec: moulin...................
text_instance: 6
bbox: [471, 643, 226, 218]
bezier_pts: [471.0, 771.0, 544.6, 746.89, 619.32, 722.55, 657.0, 643.0, 696.0, 669.0, 645.62, 748.86, 581.1, 831.9, 481.0, 860.0]
rec: Romance..................
text_instance: 7
bbox: [97, 669, 104, 125]
bezier_pts: [157.0, 669.0, 172.13, 695.38, 185.05, 723.31, 200.0, 748.0, 182.0, 793.0, 120.95, 786.98, 115.37, 736.32, 97.0, 694.0]
rec: Un.......................
text_instance: 8
bbox: [295, 239, 52, 52]
bezier_pts: [346.0, 281.0, 331.0, 284.0, 316.0, 287.0, 301.0, 290.0, 295.0, 246.0, 311.67, 243.67, 328.33, 241.33, 345.0, 239.0]
rec: la.......................
text_instance: 9
bbox: [349, 230, 61, 45]
bezier_pts: [409.0, 270.0, 389.33, 271.33, 369.67, 272.67, 350.0, 274.0, 349.0, 233.0, 368.04, 231.69, 387.02, 230.47, 407.0, 230.0]
rec: de.......................
text_instance: 10
bbox: [349, 813, 118, 56]
bezier_pts: [358.0, 818.0, 393.0, 816.33, 428.0, 814.67, 463.0, 813.0, 466.0, 860.0, 427.28, 864.99, 387.96, 867.09, 349.0, 866.0]
rec: dela.....................
text_instance: 11
bbox: [477, 1024, 85, 43]
bezier_pts: [483.0, 1026.0, 508.67, 1025.33, 534.33, 1024.67, 560.0, 1024.0, 561.0, 1064.0, 533.0, 1064.67, 505.0, 1065.33, 477.0, 1066.0]
rec: av.......................
text_instance: 12
bbox: [170, 1061, 18, 32]
bezier_pts: [170.0, 1063.0, 175.48, 1061.84, 181.64, 1058.96, 187.0, 1063.0, 187.0, 1089.0, 181.62, 1091.87, 175.74, 1092.15, 170.0, 1089.0]
rec: G........................
