text_instance: 0
bbox: [483, 910, 2507, 853]
bezier_pts: [483.0, 1290.0, 1334.35, 1050.6, 2183.87, 1135.08, 2989.0, 1510.0, 2795.0, 1762.0, 2122.28, 1402.58, 1403.22, 1333.4, 687.0, 1588.0]
rec: GRANVILLE................
text_instance: 1
bbox: [1008, 1409, 1589, 389]
bezier_pts: [1008.0, 1409.0, 1526.37, 1434.33, 2046.79, 1475.68, 2573.0, 1514.0, 2596.0, 1797.0, 2070.71, 1768.9, 1544.92, 1738.27, 1021.0, 1705.0]
rec: ISLAND...................
text_instance: 2
bbox: [8, 1801, 667, 248]
bezier_pts: [26.0, 1801.0, 228.74, 1804.99, 430.69, 1812.76, 633.0, 1838.0, 674.0, 2048.0, 452.0, 2038.67, 230.0, 2029.33, 8.0, 2020.0]
rec: anada....................
