text_instance: 0
bbox: [808, 195, 46, 17]
bezier_pts: [808.0, 195.0, 823.0, 195.0, 838.0, 195.0, 853.0, 195.0, 853.0, 210.0, 838.43, 210.42, 822.73, 212.12, 808.0, 210.0]
rec: DIMILIK..................
text_instance: 1
bbox: [887, 195, 68, 18]
bezier_pts: [887.0, 195.0, 909.33, 195.0, 931.67, 195.0, 954.0, 195.0, 954.0, 211.0, 931.34, 212.71, 909.3, 212.59, 887.0, 211.0]
rec: SWENSENS.................
text_instance: 2
bbox: [229, 96, 510, 131]
bezier_pts: [231.0, 96.0, 395.0, 98.33, 559.0, 100.67, 723.0, 103.0, 738.0, 226.0, 564.73, 166.41, 396.84, 192.2, 229.0, 218.0]
rec: SWENSENS.................
text_instance: 3
bbox: [853, 196, 37, 18]
bezier_pts: [853.0, 196.0, 863.67, 196.33, 874.33, 196.67, 885.0, 197.0, 889.0, 210.0, 877.91, 213.51, 866.47, 213.4, 855.0, 213.0]
rec: OLEH.....................
text_instance: 4
bbox: [960, 199, 49, 15]
bezier_pts: [962.0, 199.0, 976.67, 199.0, 991.33, 199.0, 1006.0, 199.0, 1008.0, 213.0, 992.0, 213.0, 976.0, 213.0, 960.0, 213.0]
rec: MALAYS...................
