text_instance: 0
bbox: [2, 41, 188, 104]
bezier_pts: [2.0, 41.0, 59.0, 41.67, 116.0, 42.33, 173.0, 43.0, 189.0, 139.0, 127.82, 142.51, 66.36, 143.79, 5.0, 143.0]
rec: RIA......................
text_instance: 1
bbox: [208, 290, 73, 48]
bezier_pts: [208.0, 294.0, 231.78, 287.77, 254.16, 293.45, 279.0, 290.0, 280.0, 332.0, 257.37, 337.93, 235.78, 338.53, 213.0, 336.0]
rec: ATM......................
text_instance: 2
bbox: [636, 399, 60, 63]
bezier_pts: [636.0, 452.0, 644.0, 426.8, 662.57, 403.47, 691.0, 399.0, 695.0, 420.0, 674.33, 432.58, 672.59, 449.38, 656.0, 461.0]
rec: SEATING..................
text_instance: 3
bbox: [696, 400, 74, 63]
bezier_pts: [696.0, 400.0, 731.59, 398.45, 759.07, 413.54, 769.0, 451.0, 748.0, 462.0, 738.64, 441.57, 721.45, 422.51, 697.0, 427.0]
rec: AVAILABLE................
text_instance: 4
bbox: [647, 458, 102, 27]
bezier_pts: [648.0, 458.0, 681.33, 458.67, 714.67, 459.33, 748.0, 460.0, 748.0, 483.0, 714.33, 483.33, 680.67, 483.67, 647.0, 484.0]
rec: UPSTAIRS.................
