text_instance: 0
bbox: [53, 55, 54, 21]
bezier_pts: [53.0, 62.0, 70.26, 48.5, 87.4, 56.5, 106.0, 55.0, 105.0, 69.0, 90.33, 71.0, 75.67, 73.0, 61.0, 75.0]
rec: BODA.....................
text_instance: 1
bbox: [72, 71, 21, 104]
bezier_pts: [72.0, 71.0, 72.04, 104.85, 72.03, 141.02, 72.0, 174.0, 92.0, 174.0, 90.34, 141.17, 90.21, 106.17, 92.0, 71.0]
rec: FURNITURE................
text_instance: 2
bbox: [61, 169, 48, 24]
bezier_pts: [66.0, 176.0, 78.0, 173.67, 90.0, 171.33, 102.0, 169.0, 108.0, 181.0, 97.9, 199.43, 76.85, 190.77, 61.0, 189.0]
rec: COM......................
