text_instance: 0
bbox: [337, 169, 207, 88]
bezier_pts: [337.0, 169.0, 397.22, 205.64, 471.74, 221.01, 541.0, 191.0, 543.0, 253.0, 475.05, 229.3, 407.05, 249.06, 339.0, 227.0]
rec: WHISTLERS................
text_instance: 1
bbox: [125, 276, 333, 61]
bezier_pts: [125.0, 276.0, 235.67, 284.67, 346.33, 293.33, 457.0, 302.0, 456.0, 336.0, 348.36, 331.28, 238.82, 324.12, 129.0, 314.0]
rec: CHOCOLATE................
text_instance: 2
bbox: [489, 302, 231, 46]
bezier_pts: [489.0, 302.0, 565.67, 306.67, 642.33, 311.33, 719.0, 316.0, 711.0, 347.0, 636.74, 346.38, 562.46, 342.59, 490.0, 338.0]
rec: COMPANY..................
