text_instance: 0
bbox: [446, 597, 293, 296]
bezier_pts: [446.0, 810.0, 503.72, 721.71, 568.25, 644.07, 662.0, 597.0, 738.0, 691.0, 694.77, 775.16, 605.07, 797.92, 574.0, 892.0]
rec: Eat......................
text_instance: 1
bbox: [1174, 591, 386, 431]
bezier_pts: [1217.0, 591.0, 1411.48, 640.95, 1499.39, 795.09, 1559.0, 975.0, 1449.0, 1021.0, 1407.6, 878.59, 1334.99, 733.26, 1174.0, 685.0]
rec: ISTANBUL.................
text_instance: 2
bbox: [1217, 1085, 346, 522]
bezier_pts: [1562.0, 1085.0, 1578.79, 1307.66, 1465.3, 1495.17, 1290.0, 1606.0, 1217.0, 1508.0, 1370.42, 1415.54, 1452.19, 1257.81, 1467.0, 1088.0]
rec: NEWYORK..................
text_instance: 3
bbox: [693, 1505, 244, 129]
bezier_pts: [927.0, 1633.0, 843.82, 1615.56, 764.59, 1581.74, 693.0, 1536.0, 732.0, 1505.0, 800.0, 1525.33, 868.0, 1545.67, 936.0, 1566.0]
rec: Superior.................
text_instance: 4
bbox: [580, 1390, 126, 135]
bezier_pts: [677.0, 1524.0, 624.97, 1524.1, 606.92, 1471.68, 580.0, 1438.0, 607.0, 1390.0, 639.67, 1422.33, 672.33, 1454.67, 705.0, 1487.0]
rec: Food.....................
text_instance: 5
bbox: [467, 1039, 102, 294]
bezier_pts: [516.0, 1332.0, 479.65, 1238.07, 451.91, 1141.26, 476.0, 1039.0, 522.0, 1039.0, 518.28, 1130.86, 526.7, 1233.17, 568.0, 1319.0]
rec: Dessertist...............
text_instance: 6
bbox: [872, 486, 281, 164]
bezier_pts: [872.0, 486.0, 963.0, 488.67, 1054.0, 491.33, 1145.0, 494.0, 1152.0, 644.0, 1059.0, 645.33, 966.0, 646.67, 873.0, 648.0]
rec: Go.......................
text_instance: 7
bbox: [533, 1335, 70, 79]
bezier_pts: [564.0, 1413.0, 553.67, 1391.33, 543.33, 1369.67, 533.0, 1348.0, 580.0, 1335.0, 587.33, 1352.67, 594.67, 1370.33, 602.0, 1388.0]
rec: by.......................
