text_instance: 0
bbox: [167, 127, 410, 143]
bezier_pts: [167.0, 180.0, 298.73, 109.62, 451.37, 112.44, 576.0, 189.0, 555.0, 269.0, 455.35, 170.95, 324.18, 204.48, 217.0, 262.0]
rec: WELCOME..................
text_instance: 1
bbox: [291, 275, 87, 52]
bezier_pts: [291.0, 283.0, 319.0, 280.33, 347.0, 277.67, 375.0, 275.0, 377.0, 318.0, 348.55, 323.58, 320.26, 326.07, 291.0, 326.0]
rec: our......................
text_instance: 2
bbox: [386, 262, 110, 63]
bezier_pts: [388.0, 262.0, 423.0, 262.33, 458.0, 262.67, 493.0, 263.0, 495.0, 316.0, 458.35, 320.56, 422.24, 321.5, 386.0, 324.0]
rec: home.....................
text_instance: 3
bbox: [390, 220, 35, 33]
bezier_pts: [390.0, 220.0, 401.33, 220.33, 412.67, 220.67, 424.0, 221.0, 423.0, 251.0, 411.84, 252.6, 401.31, 251.89, 390.0, 252.0]
rec: to.......................
