text_instance: 0
bbox: [430, 195, 165, 21]
bezier_pts: [430.0, 195.0, 484.67, 195.0, 539.33, 195.0, 594.0, 195.0, 594.0, 214.0, 539.33, 215.68, 484.67, 215.68, 430.0, 214.0]
rec: 4FINGERS.................
text_instance: 1
bbox: [431, 215, 73, 24]
bezier_pts: [439.0, 215.0, 460.33, 216.33, 481.67, 217.67, 503.0, 219.0, 496.0, 238.0, 474.33, 236.0, 452.67, 234.0, 431.0, 232.0]
rec: CRISPY...................
text_instance: 2
bbox: [503, 220, 86, 21]
bezier_pts: [503.0, 220.0, 531.33, 221.0, 559.67, 222.0, 588.0, 223.0, 588.0, 240.0, 559.67, 239.67, 531.33, 239.33, 503.0, 239.0]
rec: CHICKEN..................
text_instance: 3
bbox: [411, 247, 64, 21]
bezier_pts: [415.0, 247.0, 434.67, 247.67, 454.33, 248.33, 474.0, 249.0, 472.0, 267.0, 451.67, 265.67, 431.33, 264.33, 411.0, 263.0]
rec: proceed..................
text_instance: 4
bbox: [364, 242, 48, 22]
bezier_pts: [366.0, 243.0, 380.7, 240.85, 396.05, 242.0, 410.0, 246.0, 411.0, 263.0, 395.33, 261.67, 379.67, 260.33, 364.0, 259.0]
rec: Kindly...................
text_instance: 5
bbox: [473, 251, 24, 17]
bezier_pts: [474.0, 251.0, 481.33, 252.0, 488.67, 253.0, 496.0, 254.0, 493.0, 267.0, 486.33, 266.0, 479.67, 265.0, 473.0, 264.0]
rec: to.......................
text_instance: 6
bbox: [493, 252, 28, 16]
bezier_pts: [493.0, 252.0, 501.7, 252.41, 511.27, 250.73, 520.0, 253.0, 519.0, 266.0, 510.74, 267.56, 501.26, 266.8, 493.0, 267.0]
rec: the......................
text_instance: 7
bbox: [522, 253, 33, 18]
bezier_pts: [522.0, 257.0, 531.43, 252.26, 544.19, 250.89, 554.0, 255.0, 553.0, 270.0, 543.0, 270.0, 533.0, 270.0, 523.0, 270.0]
rec: pick.....................
text_instance: 8
bbox: [558, 256, 21, 16]
bezier_pts: [559.0, 256.0, 565.33, 256.67, 571.67, 257.33, 578.0, 258.0, 578.0, 271.0, 571.33, 271.0, 564.67, 271.0, 558.0, 271.0]
rec: up.......................
text_instance: 9
bbox: [580, 259, 63, 18]
bezier_pts: [581.0, 259.0, 600.45, 258.44, 622.56, 260.55, 642.0, 260.0, 641.0, 276.0, 620.67, 274.67, 600.33, 273.33, 580.0, 272.0]
rec: counter..................
text_instance: 10
bbox: [371, 262, 44, 17]
bezier_pts: [372.0, 263.0, 386.13, 259.89, 399.77, 265.14, 414.0, 264.0, 412.0, 278.0, 397.94, 276.8, 384.2, 275.29, 371.0, 274.0]
rec: when.....................
text_instance: 11
bbox: [416, 264, 28, 16]
bezier_pts: [418.0, 264.0, 425.67, 265.0, 433.33, 266.0, 441.0, 267.0, 443.0, 278.0, 433.76, 279.25, 424.81, 277.16, 416.0, 277.0]
rec: the......................
text_instance: 12
bbox: [444, 265, 50, 20]
bezier_pts: [447.0, 265.0, 462.0, 266.33, 477.0, 267.67, 492.0, 269.0, 493.0, 284.0, 476.67, 282.0, 460.33, 280.0, 444.0, 278.0]
rec: device...................
text_instance: 13
bbox: [497, 269, 35, 20]
bezier_pts: [497.0, 269.0, 508.3, 269.32, 520.25, 267.73, 531.0, 272.0, 530.0, 286.0, 518.78, 288.08, 508.17, 286.91, 497.0, 285.0]
rec: light....................
text_instance: 14
bbox: [533, 274, 22, 16]
bezier_pts: [533.0, 275.0, 539.92, 273.5, 547.0, 273.05, 554.0, 275.0, 553.0, 289.0, 546.33, 289.0, 539.67, 289.0, 533.0, 289.0]
rec: up.......................
text_instance: 15
bbox: [556, 274, 34, 15]
bezier_pts: [556.0, 274.0, 565.85, 274.46, 576.35, 272.79, 586.0, 275.0, 589.0, 288.0, 578.33, 287.67, 567.67, 287.33, 557.0, 287.0]
rec: and......................
text_instance: 16
bbox: [589, 275, 41, 16]
bezier_pts: [592.0, 275.0, 604.33, 275.67, 616.67, 276.33, 629.0, 277.0, 628.0, 290.0, 615.0, 289.33, 602.0, 288.67, 589.0, 288.0]
rec: buzz.....................
text_instance: 17
bbox: [380, 283, 51, 18]
bezier_pts: [381.0, 283.0, 397.33, 283.67, 413.67, 284.33, 430.0, 285.0, 427.0, 300.0, 410.88, 300.68, 395.86, 297.88, 380.0, 295.0]
rec: Thank....................
text_instance: 18
bbox: [430, 290, 32, 17]
bezier_pts: [433.0, 290.0, 442.33, 290.67, 451.67, 291.33, 461.0, 292.0, 459.0, 306.0, 449.33, 305.0, 439.67, 304.0, 430.0, 303.0]
rec: you......................
text_instance: 19
bbox: [461, 288, 35, 18]
bezier_pts: [463.0, 288.0, 473.33, 288.67, 483.67, 289.33, 494.0, 290.0, 495.0, 305.0, 483.67, 303.67, 472.33, 302.33, 461.0, 301.0]
rec: and......................
text_instance: 20
bbox: [495, 290, 40, 19]
bezier_pts: [496.0, 290.0, 508.33, 290.67, 520.67, 291.33, 533.0, 292.0, 534.0, 308.0, 521.0, 307.0, 508.0, 306.0, 495.0, 305.0]
rec: have.....................
text_instance: 21
bbox: [548, 295, 33, 16]
bezier_pts: [548.0, 295.0, 558.9, 295.07, 568.76, 294.57, 579.0, 297.0, 580.0, 310.0, 569.25, 310.24, 558.7, 308.18, 548.0, 307.0]
rec: nice.....................
text_instance: 22
bbox: [581, 296, 35, 23]
bezier_pts: [587.0, 296.0, 596.33, 297.0, 605.67, 298.0, 615.0, 299.0, 613.0, 318.0, 602.33, 316.0, 591.67, 314.0, 581.0, 312.0]
rec: day......................
text_instance: 23
bbox: [442, 318, 47, 25]
bezier_pts: [442.0, 333.0, 455.13, 324.57, 471.2, 316.3, 488.0, 318.0, 488.0, 331.0, 475.0, 334.67, 462.0, 338.33, 449.0, 342.0]
rec: PAGER....................
text_instance: 24
bbox: [490, 317, 55, 33]
bezier_pts: [492.0, 317.0, 510.55, 319.74, 533.46, 322.22, 544.0, 342.0, 536.0, 349.0, 520.67, 342.67, 505.33, 336.33, 490.0, 330.0]
rec: NUMBER...................
text_instance: 25
bbox: [455, 341, 67, 43]
bezier_pts: [458.0, 342.0, 479.69, 339.53, 499.7, 341.97, 521.0, 345.0, 521.0, 383.0, 499.0, 381.0, 477.0, 379.0, 455.0, 377.0]
rec: 06.......................
text_instance: 26
bbox: [365, 349, 49, 40]
bezier_pts: [373.0, 349.0, 386.33, 358.67, 399.67, 368.33, 413.0, 378.0, 409.0, 388.0, 393.24, 380.39, 378.75, 370.71, 365.0, 359.0]
rec: Powered..................
text_instance: 27
bbox: [405, 374, 24, 26]
bezier_pts: [413.0, 374.0, 418.17, 376.99, 423.22, 380.23, 428.0, 384.0, 424.0, 399.0, 417.67, 396.0, 411.33, 393.0, 405.0, 390.0]
rec: by.......................
text_instance: 28
bbox: [425, 384, 91, 28]
bezier_pts: [426.0, 384.0, 455.0, 388.33, 484.0, 392.67, 513.0, 397.0, 515.0, 411.0, 484.19, 408.97, 454.41, 403.86, 425.0, 396.0]
rec: Qchannels.com............
text_instance: 29
bbox: [526, 369, 88, 43]
bezier_pts: [526.0, 397.0, 553.33, 387.67, 580.67, 378.33, 608.0, 369.0, 613.0, 380.0, 586.75, 392.58, 559.48, 402.87, 531.0, 411.0]
rec: +60176669579.............
