text_instance: 0
bbox: [97, 34, 61, 68]
bezier_pts: [97.0, 34.0, 115.67, 40.33, 134.33, 46.67, 153.0, 53.0, 157.0, 101.0, 137.14, 95.58, 118.53, 87.09, 100.0, 79.0]
rec: SIM......................
text_instance: 1
bbox: [99, 190, 95, 52]
bezier_pts: [99.0, 190.0, 132.72, 184.45, 167.11, 204.58, 193.0, 224.0, 188.0, 241.0, 164.95, 221.94, 136.95, 206.3, 107.0, 218.0]
rec: Kindermusik..............
text_instance: 2
bbox: [133, 299, 55, 47]
bezier_pts: [133.0, 299.0, 153.93, 298.44, 168.43, 314.39, 187.0, 318.0, 184.0, 337.0, 161.79, 362.3, 152.42, 320.23, 133.0, 324.0]
rec: Selangor.................
text_instance: 3
bbox: [274, 250, 45, 49]
bezier_pts: [274.0, 250.0, 287.65, 255.64, 303.19, 253.89, 317.0, 262.0, 318.0, 298.0, 305.0, 294.67, 292.0, 291.33, 279.0, 288.0]
rec: TSY......................
text_instance: 4
bbox: [549, 379, 46, 24]
bezier_pts: [549.0, 379.0, 552.32, 386.05, 551.97, 393.98, 551.0, 402.0, 594.0, 395.0, 589.87, 389.54, 597.44, 385.46, 592.0, 382.0]
rec: IBG......................
