text_instance: 0
bbox: [68, 149, 101, 45]
bezier_pts: [72.0, 149.0, 104.0, 156.67, 136.0, 164.33, 168.0, 172.0, 162.0, 193.0, 130.67, 188.67, 99.33, 184.33, 68.0, 180.0]
rec: nothing..................
text_instance: 1
bbox: [74, 186, 92, 42]
bezier_pts: [75.0, 186.0, 105.98, 186.13, 135.61, 197.81, 165.0, 204.0, 162.0, 221.0, 132.73, 238.45, 103.41, 212.28, 74.0, 212.0]
rec: brings...................
text_instance: 2
bbox: [67, 221, 98, 33]
bezier_pts: [68.0, 221.0, 100.0, 223.33, 132.0, 225.67, 164.0, 228.0, 164.0, 253.0, 133.12, 242.88, 98.21, 242.26, 67.0, 248.0]
rec: PEOPLE...................
text_instance: 3
bbox: [60, 246, 112, 35]
bezier_pts: [60.0, 255.0, 97.01, 246.86, 135.79, 236.08, 171.0, 260.0, 161.0, 280.0, 131.15, 261.51, 96.29, 270.3, 67.0, 275.0]
rec: together.................
text_instance: 4
bbox: [95, 275, 36, 23]
bezier_pts: [95.0, 277.0, 106.67, 276.33, 118.33, 275.67, 130.0, 275.0, 130.0, 297.0, 118.33, 296.67, 106.67, 296.33, 95.0, 296.0]
rec: like.....................
text_instance: 5
bbox: [50, 300, 64, 56]
bezier_pts: [55.0, 300.0, 74.33, 300.67, 93.67, 301.33, 113.0, 302.0, 109.0, 355.0, 85.3, 359.99, 70.6, 339.11, 50.0, 329.0]
rec: GOOD.....................
text_instance: 6
bbox: [115, 300, 52, 64]
bezier_pts: [118.0, 300.0, 134.0, 300.67, 150.0, 301.33, 166.0, 302.0, 166.0, 329.0, 150.57, 342.62, 133.74, 353.67, 115.0, 363.0]
rec: FOOD.....................
text_instance: 7
bbox: [458, 137, 132, 70]
bezier_pts: [466.0, 137.0, 507.01, 144.28, 549.74, 154.39, 589.0, 168.0, 576.0, 205.0, 533.64, 216.67, 499.56, 176.71, 458.0, 189.0]
rec: BabaNyonya...............
