text_instance: 0
bbox: [462, 221, 127, 34]
bezier_pts: [462.0, 221.0, 504.0, 221.0, 546.0, 221.0, 588.0, 221.0, 588.0, 254.0, 546.0, 254.0, 504.0, 254.0, 462.0, 254.0]
rec: DRY......................
text_instance: 1
bbox: [267, 422, 71, 24]
bezier_pts: [267.0, 422.0, 290.33, 422.0, 313.67, 422.0, 337.0, 422.0, 337.0, 445.0, 313.67, 445.0, 290.33, 445.0, 267.0, 445.0]
rec: ASAHI....................
text_instance: 2
bbox: [434, 464, 46, 24]
bezier_pts: [434.0, 464.0, 449.0, 464.0, 464.0, 464.0, 479.0, 464.0, 479.0, 487.0, 464.0, 487.0, 449.0, 487.0, 434.0, 487.0]
rec: THE......................
text_instance: 3
bbox: [342, 421, 58, 21]
bezier_pts: [342.0, 421.0, 361.0, 421.0, 380.0, 421.0, 399.0, 421.0, 399.0, 441.0, 380.0, 441.0, 361.0, 441.0, 342.0, 441.0]
rec: BEER.....................
text_instance: 4
bbox: [489, 461, 73, 22]
bezier_pts: [489.0, 461.0, 513.0, 461.0, 537.0, 461.0, 561.0, 461.0, 561.0, 482.0, 537.0, 482.0, 513.0, 482.0, 489.0, 482.0]
rec: GREAT....................
text_instance: 5
bbox: [263, 448, 26, 25]
bezier_pts: [263.0, 448.0, 271.33, 448.0, 279.67, 448.0, 288.0, 448.0, 288.0, 472.0, 279.67, 472.0, 271.33, 472.0, 263.0, 472.0]
rec: IS.......................
text_instance: 6
bbox: [348, 156, 91, 72]
bezier_pts: [348.0, 200.0, 371.67, 185.33, 395.33, 170.67, 419.0, 156.0, 438.0, 182.0, 417.0, 197.0, 396.0, 212.0, 375.0, 227.0]
rec: ASAHI....................
text_instance: 7
bbox: [434, 144, 146, 39]
bezier_pts: [434.0, 153.0, 479.69, 141.21, 531.99, 143.45, 579.0, 145.0, 576.0, 178.0, 535.57, 159.69, 488.61, 163.59, 447.0, 182.0]
rec: BREWERIES................
text_instance: 8
bbox: [587, 149, 103, 79]
bezier_pts: [598.0, 149.0, 630.12, 161.45, 662.43, 177.12, 689.0, 199.0, 669.0, 227.0, 650.38, 197.51, 618.4, 188.01, 587.0, 177.0]
rec: LIMITED..................
text_instance: 9
bbox: [492, 169, 62, 19]
bezier_pts: [492.0, 174.0, 511.0, 172.33, 530.0, 170.67, 549.0, 169.0, 553.0, 185.0, 533.33, 185.67, 513.67, 186.33, 494.0, 187.0]
rec: ASAHI....................
text_instance: 10
bbox: [271, 223, 521, 201]
bezier_pts: [285.0, 254.0, 435.81, 212.59, 599.03, 246.7, 748.0, 223.0, 791.0, 391.0, 617.67, 401.67, 444.33, 412.33, 271.0, 423.0]
rec: Asahi....................
text_instance: 11
bbox: [370, 434, 153, 34]
bezier_pts: [374.0, 447.0, 423.0, 442.67, 472.0, 438.33, 521.0, 434.0, 522.0, 455.0, 471.33, 459.0, 420.67, 463.0, 370.0, 467.0]
rec: REFRESHING...............
text_instance: 12
bbox: [529, 432, 54, 21]
bezier_pts: [530.0, 436.0, 546.69, 431.63, 561.31, 434.46, 578.0, 432.0, 582.0, 451.0, 564.66, 452.49, 545.97, 451.88, 529.0, 452.0]
rec: AND......................
text_instance: 13
bbox: [461, 187, 66, 19]
bezier_pts: [463.0, 190.0, 483.67, 189.0, 504.33, 188.0, 525.0, 187.0, 526.0, 205.0, 504.33, 204.33, 482.67, 203.67, 461.0, 203.0]
rec: DRAFT....................
text_instance: 14
bbox: [525, 187, 59, 18]
bezier_pts: [529.0, 191.0, 547.0, 189.67, 565.0, 188.33, 583.0, 187.0, 583.0, 202.0, 563.67, 202.67, 544.33, 203.33, 525.0, 204.0]
rec: BEER.....................
text_instance: 15
bbox: [494, 206, 68, 16]
bezier_pts: [494.0, 206.0, 515.62, 206.63, 537.06, 204.01, 559.0, 208.0, 561.0, 219.0, 538.52, 221.01, 515.83, 220.35, 494.0, 217.0]
rec: SUPER....................
text_instance: 16
bbox: [409, 414, 95, 25]
bezier_pts: [412.0, 420.0, 441.96, 417.06, 468.88, 415.27, 499.0, 414.0, 503.0, 431.0, 472.11, 433.7, 440.69, 436.15, 409.0, 438.0]
rec: BREWED...................
text_instance: 17
bbox: [505, 411, 62, 22]
bezier_pts: [506.0, 416.0, 526.0, 414.33, 546.0, 412.67, 566.0, 411.0, 564.0, 427.0, 543.99, 430.1, 524.6, 430.41, 505.0, 432.0]
rec: FROM.....................
text_instance: 18
bbox: [570, 403, 85, 31]
bezier_pts: [570.0, 412.0, 597.33, 409.0, 624.67, 406.0, 652.0, 403.0, 654.0, 425.0, 626.0, 427.67, 598.0, 430.33, 570.0, 433.0]
rec: QUALITY..................
text_instance: 19
bbox: [655, 402, 137, 25]
bezier_pts: [655.0, 409.0, 700.0, 406.67, 745.0, 404.33, 790.0, 402.0, 791.0, 418.0, 745.37, 422.73, 700.78, 423.93, 655.0, 426.0]
rec: INGREDIENTS..............
text_instance: 20
bbox: [293, 445, 67, 24]
bezier_pts: [297.0, 453.0, 317.67, 450.33, 338.33, 447.67, 359.0, 445.0, 358.0, 463.0, 336.41, 465.82, 315.24, 467.28, 293.0, 467.0]
rec: RICH.....................
text_instance: 21
bbox: [584, 427, 98, 26]
bezier_pts: [587.0, 435.0, 617.67, 432.33, 648.33, 429.67, 679.0, 427.0, 681.0, 446.0, 648.67, 448.0, 616.33, 450.0, 584.0, 452.0]
rec: SMOOTH...................
text_instance: 22
bbox: [691, 426, 46, 24]
bezier_pts: [691.0, 431.0, 704.33, 429.33, 717.67, 427.67, 731.0, 426.0, 736.0, 443.0, 721.0, 445.0, 706.0, 447.0, 691.0, 449.0]
rec: ALL......................
text_instance: 23
bbox: [737, 423, 62, 22]
bezier_pts: [737.0, 428.0, 757.0, 426.33, 777.0, 424.67, 797.0, 423.0, 798.0, 441.0, 778.87, 443.17, 759.51, 444.19, 741.0, 444.0]
rec: YEAR.....................
text_instance: 24
bbox: [260, 471, 95, 27]
bezier_pts: [264.0, 481.0, 290.81, 474.27, 322.79, 474.83, 350.0, 471.0, 354.0, 489.0, 322.57, 494.5, 291.51, 497.02, 260.0, 497.0]
rec: ROUND....................
text_instance: 25
bbox: [356, 466, 78, 28]
bezier_pts: [359.0, 473.0, 383.67, 470.67, 408.33, 468.33, 433.0, 466.0, 433.0, 485.0, 407.96, 489.47, 381.61, 490.78, 356.0, 493.0]
rec: ENJOY....................
text_instance: 26
bbox: [566, 455, 71, 24]
bezier_pts: [566.0, 462.0, 587.1, 457.09, 609.26, 456.18, 631.0, 455.0, 636.0, 471.0, 614.23, 475.73, 591.59, 477.2, 570.0, 478.0]
rec: TASTE....................
text_instance: 27
bbox: [636, 453, 36, 23]
bezier_pts: [637.0, 456.0, 647.0, 455.11, 657.7, 452.31, 668.0, 453.0, 671.0, 473.0, 659.33, 473.67, 647.67, 474.33, 636.0, 475.0]
rec: OF.......................
text_instance: 28
bbox: [676, 450, 63, 26]
bezier_pts: [677.0, 455.0, 696.33, 453.33, 715.67, 451.67, 735.0, 450.0, 738.0, 470.0, 717.33, 471.67, 696.67, 473.33, 676.0, 475.0]
rec: ASAHI....................
text_instance: 29
bbox: [742, 449, 61, 22]
bezier_pts: [742.0, 453.0, 760.63, 452.66, 777.32, 446.67, 796.0, 450.0, 802.0, 465.0, 783.08, 467.81, 762.55, 468.4, 743.0, 470.0]
rec: BEER.....................
