text_instance: 0
bbox: [332, 66, 88, 29]
bezier_pts: [332.0, 79.0, 361.44, 76.08, 388.82, 65.18, 419.0, 66.0, 418.0, 79.0, 390.0, 84.0, 362.0, 89.0, 334.0, 94.0]
rec: Welcome..................
text_instance: 1
bbox: [256, 85, 165, 72]
bezier_pts: [256.0, 129.0, 304.74, 100.13, 361.8, 84.4, 420.0, 85.0, 418.0, 115.0, 365.23, 123.48, 316.4, 137.46, 267.0, 156.0]
rec: ENCHANTED................
text_instance: 2
bbox: [430, 85, 125, 49]
bezier_pts: [430.0, 85.0, 470.77, 88.86, 514.77, 85.35, 554.0, 97.0, 548.0, 133.0, 509.33, 127.0, 470.67, 121.0, 432.0, 115.0]
rec: ISLAND...................
text_instance: 3
bbox: [324, 123, 92, 28]
bezier_pts: [325.0, 134.0, 354.08, 124.53, 383.41, 124.71, 415.0, 123.0, 413.0, 135.0, 384.09, 142.1, 353.61, 146.45, 324.0, 150.0]
rec: AMUSEMENT................
text_instance: 4
bbox: [418, 122, 45, 21]
bezier_pts: [418.0, 122.0, 432.67, 123.33, 447.33, 124.67, 462.0, 126.0, 460.0, 142.0, 446.33, 140.67, 432.67, 139.33, 419.0, 138.0]
rec: PARK.....................
text_instance: 5
bbox: [426, 63, 27, 17]
bezier_pts: [427.0, 63.0, 434.67, 64.0, 442.33, 65.0, 450.0, 66.0, 452.0, 79.0, 443.33, 78.33, 434.67, 77.67, 426.0, 77.0]
rec: to.......................
text_instance: 6
bbox: [399, 187, 23, 24]
bezier_pts: [399.0, 187.0, 405.67, 187.43, 412.33, 185.86, 419.0, 188.0, 421.0, 206.0, 414.33, 207.33, 407.67, 208.67, 401.0, 210.0]
rec: 650......................
