text_instance: 0
bbox: [1, 92, 203, 141]
bezier_pts: [1.0, 167.0, 49.27, 142.94, 94.68, 119.42, 140.0, 92.0, 203.0, 119.0, 137.86, 155.55, 82.15, 199.11, 19.0, 232.0]
rec: UBBA.....................
text_instance: 1
bbox: [161, 30, 158, 86]
bezier_pts: [161.0, 75.0, 204.32, 56.05, 254.64, 42.16, 300.0, 30.0, 318.0, 58.0, 279.39, 77.52, 243.86, 107.66, 199.0, 115.0]
rec: GUMP.....................
text_instance: 2
bbox: [61, 124, 182, 135]
bezier_pts: [61.0, 231.0, 110.05, 190.06, 161.08, 155.56, 215.0, 124.0, 242.0, 144.0, 186.67, 175.32, 141.94, 221.32, 88.0, 258.0]
rec: SHRIMP...................
text_instance: 3
bbox: [38, 232, 281, 75]
bezier_pts: [49.0, 267.0, 134.91, 289.92, 231.45, 280.04, 312.0, 232.0, 318.0, 261.0, 232.93, 314.84, 130.87, 315.79, 38.0, 295.0]
rec: RESTAURANT...............
text_instance: 4
bbox: [277, 77, 48, 36]
bezier_pts: [277.0, 94.0, 289.87, 87.32, 304.53, 77.27, 320.0, 77.0, 324.0, 99.0, 315.67, 103.33, 307.33, 107.67, 299.0, 112.0]
rec: co.......................
