text_instance: 0
bbox: [295, 481, 1120, 441]
bezier_pts: [295.0, 800.0, 614.85, 471.33, 1020.19, 402.78, 1414.0, 678.0, 1288.0, 838.0, 1008.12, 566.51, 685.54, 619.72, 463.0, 921.0]
rec: RELIABLE.................
text_instance: 1
bbox: [475, 742, 285, 323]
bezier_pts: [475.0, 978.0, 538.47, 877.76, 623.46, 795.67, 732.0, 742.0, 759.0, 860.0, 669.33, 895.23, 613.39, 982.9, 577.0, 1064.0]
rec: FIRE.....................
text_instance: 2
bbox: [807, 705, 467, 253]
bezier_pts: [818.0, 705.0, 983.76, 717.8, 1146.34, 748.16, 1273.0, 855.0, 1198.0, 957.0, 1100.31, 824.42, 952.51, 803.13, 807.0, 828.0]
rec: ALARM....................
text_instance: 3
bbox: [603, 1246, 221, 237]
bezier_pts: [641.0, 1246.0, 677.69, 1322.07, 741.4, 1367.27, 823.0, 1396.0, 796.0, 1482.0, 728.39, 1431.43, 639.4, 1392.54, 603.0, 1310.0]
rec: WHEN.....................
text_instance: 4
bbox: [834, 1375, 237, 102]
bezier_pts: [845.0, 1401.0, 902.0, 1392.33, 959.0, 1383.67, 1016.0, 1375.0, 1070.0, 1450.0, 991.9, 1461.64, 913.01, 1470.41, 834.0, 1476.0]
rec: BELL.....................
text_instance: 5
bbox: [1059, 1149, 210, 275]
bezier_pts: [1059.0, 1358.0, 1138.78, 1319.01, 1163.8, 1224.32, 1198.0, 1149.0, 1268.0, 1182.0, 1229.66, 1268.9, 1186.51, 1372.62, 1097.0, 1423.0]
rec: RINGS....................
text_instance: 6
bbox: [598, 1417, 242, 173]
bezier_pts: [641.0, 1417.0, 707.0, 1445.67, 773.0, 1474.33, 839.0, 1503.0, 834.0, 1589.0, 754.31, 1559.65, 675.71, 1527.16, 598.0, 1492.0]
rec: CALL.....................
text_instance: 7
bbox: [855, 1482, 210, 119]
bezier_pts: [861.0, 1509.0, 914.67, 1500.0, 968.33, 1491.0, 1022.0, 1482.0, 1064.0, 1557.0, 994.33, 1571.33, 924.67, 1585.67, 855.0, 1600.0]
rec: FIRE.....................
text_instance: 8
bbox: [1059, 1326, 226, 237]
bezier_pts: [1059.0, 1476.0, 1124.95, 1446.98, 1181.71, 1391.57, 1214.0, 1326.0, 1284.0, 1375.0, 1224.62, 1442.33, 1162.59, 1520.48, 1080.0, 1562.0]
rec: DEPT.....................
text_instance: 9
bbox: [191, 1108, 940, 737]
bezier_pts: [405.0, 1108.0, 500.4, 1449.37, 693.95, 1727.84, 1080.0, 1603.0, 1130.0, 1823.0, 651.19, 1847.68, 356.99, 1526.66, 191.0, 1108.0]
rec: SPRINKLER................
text_instance: 10
bbox: [1214, 973, 373, 751]
bezier_pts: [1214.0, 1492.0, 1344.74, 1371.58, 1424.15, 1201.8, 1386.0, 1010.0, 1584.0, 973.0, 1617.5, 1248.56, 1528.83, 1544.06, 1311.0, 1723.0]
rec: ALARM....................
text_instance: 11
bbox: [2211, 973, 200, 338]
bezier_pts: [2217.0, 1310.0, 2199.86, 1196.67, 2217.48, 1065.77, 2292.0, 973.0, 2410.0, 1053.0, 2321.51, 1104.88, 2323.95, 1195.25, 2329.0, 1294.0]
rec: FIRE.....................
text_instance: 12
bbox: [2415, 914, 440, 370]
bezier_pts: [2415.0, 914.0, 2642.9, 901.94, 2818.36, 1010.41, 2854.0, 1273.0, 2694.0, 1283.0, 2748.12, 1076.28, 2592.41, 1005.89, 2426.0, 1026.0]
rec: ALARM....................
text_instance: 13
bbox: [2433, 1085, 141, 25]
bezier_pts: [2439.0, 1090.0, 2482.67, 1088.33, 2526.33, 1086.67, 2570.0, 1085.0, 2573.0, 1104.0, 2525.8, 1106.41, 2479.89, 1108.47, 2433.0, 1109.0]
rec: ALARMBELL................
text_instance: 14
bbox: [2438, 1112, 148, 43]
bezier_pts: [2438.0, 1116.0, 2486.67, 1114.67, 2535.33, 1113.33, 2584.0, 1112.0, 2585.0, 1150.0, 2536.06, 1151.78, 2485.93, 1153.29, 2438.0, 1154.0]
rec: KOBISHI..................
text_instance: 15
bbox: [2521, 1272, 65, 50]
bezier_pts: [2521.0, 1300.0, 2539.67, 1290.67, 2558.33, 1281.33, 2577.0, 1272.0, 2585.0, 1288.0, 2566.78, 1301.61, 2547.12, 1312.74, 2526.0, 1321.0]
rec: 8-24.....................
