text_instance: 0
bbox: [618, 971, 430, 253]
bezier_pts: [618.0, 1107.0, 761.0, 1061.67, 904.0, 1016.33, 1047.0, 971.0, 1043.0, 1103.0, 913.33, 1143.0, 783.67, 1183.0, 654.0, 1223.0]
rec: GRAy.....................
text_instance: 1
bbox: [1087, 895, 641, 181]
bezier_pts: [1087.0, 971.0, 1299.01, 934.02, 1511.83, 915.5, 1727.0, 895.0, 1707.0, 1011.0, 1509.67, 1032.33, 1312.33, 1053.67, 1115.0, 1075.0]
rec: COUNTY...................
text_instance: 2
bbox: [1759, 903, 421, 177]
bezier_pts: [1767.0, 903.0, 1903.3, 916.59, 2043.31, 933.96, 2179.0, 967.0, 2147.0, 1079.0, 2017.67, 1059.0, 1888.33, 1039.0, 1759.0, 1019.0]
rec: WIND.....................
text_instance: 3
bbox: [2215, 963, 453, 225]
bezier_pts: [2223.0, 963.0, 2378.96, 991.96, 2520.96, 1028.88, 2667.0, 1075.0, 2631.0, 1187.0, 2492.33, 1148.33, 2353.67, 1109.67, 2215.0, 1071.0]
rec: FARM.....................
