text_instance: 0
bbox: [215, 107, 29, 32]
bezier_pts: [232.0, 138.0, 226.07, 129.33, 220.08, 119.6, 215.0, 110.0, 231.0, 107.0, 235.0, 113.33, 239.0, 119.67, 243.0, 126.0]
rec: THE......................
text_instance: 1
bbox: [216, 66, 53, 40]
bezier_pts: [216.0, 100.0, 226.09, 80.7, 240.37, 59.4, 267.0, 68.0, 268.0, 81.0, 249.82, 75.91, 237.88, 90.4, 232.0, 105.0]
rec: ORIGINAL.................
text_instance: 2
bbox: [272, 67, 23, 21]
bezier_pts: [274.0, 67.0, 281.56, 67.74, 288.03, 70.11, 294.0, 75.0, 291.0, 87.0, 284.67, 85.0, 278.33, 83.0, 272.0, 81.0]
rec: RIB......................
text_instance: 3
bbox: [294, 77, 25, 56]
bezier_pts: [304.0, 77.0, 317.91, 91.88, 324.94, 111.93, 311.0, 132.0, 296.0, 125.0, 302.35, 112.57, 305.93, 102.2, 294.0, 89.0]
rec: TICKLER..................
text_instance: 4
bbox: [176, 139, 62, 14]
bezier_pts: [176.0, 143.0, 195.87, 142.56, 216.27, 137.66, 237.0, 139.0, 236.0, 150.0, 216.0, 150.67, 196.0, 151.33, 176.0, 152.0]
rec: 281-255-8119.............
text_instance: 5
bbox: [247, 131, 22, 15]
bezier_pts: [248.0, 134.0, 253.67, 133.0, 259.33, 132.0, 265.0, 131.0, 268.0, 142.0, 260.91, 144.54, 254.56, 145.35, 247.0, 145.0]
rec: EST......................
text_instance: 6
bbox: [265, 128, 27, 14]
bezier_pts: [265.0, 130.0, 272.73, 126.15, 281.71, 127.44, 290.0, 129.0, 291.0, 138.0, 284.0, 139.0, 277.0, 140.0, 270.0, 141.0]
rec: 1984.....................
text_instance: 7
bbox: [296, 131, 48, 13]
bezier_pts: [296.0, 131.0, 311.33, 131.0, 326.67, 131.0, 342.0, 131.0, 343.0, 141.0, 327.67, 141.67, 312.33, 142.33, 297.0, 143.0]
rec: Fantabulous..............
text_instance: 8
bbox: [342, 128, 24, 13]
bezier_pts: [344.0, 131.0, 350.67, 130.0, 357.33, 129.0, 364.0, 128.0, 365.0, 137.0, 357.33, 138.0, 349.67, 139.0, 342.0, 140.0]
rec: Food.....................
text_instance: 9
bbox: [203, 154, 71, 23]
bezier_pts: [204.0, 160.0, 226.0, 158.0, 248.0, 156.0, 270.0, 154.0, 273.0, 171.0, 249.01, 174.43, 227.05, 175.04, 203.0, 176.0]
rec: DRIVE....................
text_instance: 10
bbox: [278, 149, 58, 22]
bezier_pts: [279.0, 153.0, 297.67, 151.67, 316.33, 150.33, 335.0, 149.0, 335.0, 165.0, 316.56, 167.66, 297.55, 170.5, 278.0, 170.0]
rec: THRU.....................
text_instance: 11
bbox: [230, 187, 94, 26]
bezier_pts: [230.0, 196.0, 261.0, 193.0, 292.0, 190.0, 323.0, 187.0, 320.0, 203.0, 291.77, 208.12, 262.56, 209.69, 233.0, 212.0]
rec: HORRIFYING...............
text_instance: 12
bbox: [223, 205, 102, 23]
bezier_pts: [223.0, 213.0, 256.33, 210.33, 289.67, 207.67, 323.0, 205.0, 324.0, 218.0, 292.47, 222.11, 259.84, 224.22, 228.0, 227.0]
rec: VEGETARIANS..............
text_instance: 13
bbox: [233, 224, 47, 18]
bezier_pts: [233.0, 228.0, 247.67, 226.67, 262.33, 225.33, 277.0, 224.0, 279.0, 237.0, 264.12, 240.9, 248.4, 241.79, 233.0, 240.0]
rec: SINCE....................
text_instance: 14
bbox: [281, 222, 37, 17]
bezier_pts: [281.0, 225.0, 293.0, 224.0, 305.0, 221.22, 317.0, 222.0, 317.0, 234.0, 305.37, 235.82, 293.51, 236.81, 282.0, 238.0]
rec: 1984.....................
