text_instance: 0
bbox: [251, 320, 258, 52]
bezier_pts: [251.0, 320.0, 336.67, 320.0, 422.33, 320.0, 508.0, 320.0, 508.0, 368.0, 422.38, 368.46, 335.7, 369.9, 251.0, 368.0]
rec: HAMBURGERS...............
text_instance: 1
bbox: [195, 382, 183, 48]
bezier_pts: [195.0, 382.0, 255.67, 382.0, 316.33, 382.0, 377.0, 382.0, 377.0, 428.0, 315.59, 429.74, 256.34, 428.65, 195.0, 428.0]
rec: CHICKEN..................
text_instance: 2
bbox: [381, 382, 189, 54]
bezier_pts: [381.0, 382.0, 443.67, 382.0, 506.33, 382.0, 569.0, 382.0, 569.0, 434.0, 506.33, 434.0, 443.67, 434.0, 381.0, 434.0]
rec: BURGERS..................
text_instance: 3
bbox: [241, 445, 94, 47]
bezier_pts: [241.0, 445.0, 272.0, 445.0, 303.0, 445.0, 334.0, 445.0, 334.0, 490.0, 303.0, 490.0, 272.0, 490.0, 241.0, 490.0]
rec: COLD.....................
text_instance: 4
bbox: [310, 79, 151, 78]
bezier_pts: [310.0, 79.0, 360.0, 79.0, 410.0, 79.0, 460.0, 79.0, 460.0, 155.0, 410.86, 156.87, 359.46, 155.66, 310.0, 155.0]
rec: Cafe.....................
text_instance: 5
bbox: [359, 448, 147, 47]
bezier_pts: [359.0, 448.0, 407.67, 448.0, 456.33, 448.0, 505.0, 448.0, 505.0, 493.0, 456.89, 494.51, 408.14, 494.59, 359.0, 493.0]
rec: DRINKS...................
text_instance: 6
bbox: [181, 172, 401, 97]
bezier_pts: [181.0, 190.0, 310.94, 162.01, 451.38, 168.56, 581.0, 183.0, 567.0, 268.0, 453.37, 239.74, 328.26, 246.86, 213.0, 268.0]
rec: WUNDERBAR................
