text_instance: 0
bbox: [341, 429, 15, 20]
bezier_pts: [341.0, 429.0, 345.67, 429.0, 350.33, 429.0, 355.0, 429.0, 355.0, 448.0, 350.33, 448.0, 345.67, 448.0, 341.0, 448.0]
rec: of.......................
text_instance: 1
bbox: [306, 429, 35, 23]
bezier_pts: [306.0, 429.0, 317.33, 429.0, 328.67, 429.0, 340.0, 429.0, 340.0, 450.0, 329.04, 450.0, 316.72, 450.0, 306.0, 450.0]
rec: HOUSE....................
text_instance: 2
bbox: [211, 146, 120, 32]
bezier_pts: [211.0, 154.0, 250.07, 141.74, 287.35, 141.19, 324.0, 155.0, 330.0, 173.0, 292.56, 168.59, 252.55, 163.31, 216.0, 177.0]
rec: HOUSE....................
text_instance: 3
bbox: [252, 168, 37, 21]
bezier_pts: [252.0, 168.0, 263.67, 168.0, 275.33, 168.0, 287.0, 168.0, 288.0, 188.0, 276.0, 188.0, 264.0, 188.0, 252.0, 188.0]
rec: OF.......................
text_instance: 4
bbox: [211, 185, 117, 31]
bezier_pts: [214.0, 185.0, 250.67, 186.0, 287.33, 187.0, 324.0, 188.0, 327.0, 210.0, 287.92, 215.83, 250.87, 220.93, 211.0, 207.0]
rec: MOUSE....................
text_instance: 5
bbox: [327, 404, 49, 15]
bezier_pts: [327.0, 406.0, 342.67, 405.33, 358.33, 404.67, 374.0, 404.0, 375.0, 417.0, 359.67, 417.33, 344.33, 417.67, 329.0, 418.0]
rec: PAYHERE..................
text_instance: 6
bbox: [465, 417, 51, 25]
bezier_pts: [465.0, 417.0, 481.67, 417.0, 498.33, 417.0, 515.0, 417.0, 515.0, 437.0, 498.92, 438.55, 481.66, 439.78, 466.0, 441.0]
rec: TodaysSpecial............
text_instance: 7
bbox: [467, 452, 26, 25]
bezier_pts: [467.0, 457.0, 474.33, 455.33, 481.67, 453.67, 489.0, 452.0, 492.0, 471.0, 486.35, 473.78, 479.17, 475.09, 473.0, 476.0]
rec: 1Ride....................
text_instance: 8
bbox: [501, 453, 21, 19]
bezier_pts: [501.0, 457.0, 507.0, 455.67, 513.0, 454.33, 519.0, 453.0, 521.0, 467.0, 515.87, 470.1, 510.18, 471.44, 504.0, 471.0]
rec: 150......................
text_instance: 9
bbox: [471, 482, 25, 17]
bezier_pts: [471.0, 484.0, 478.33, 483.33, 485.67, 482.67, 493.0, 482.0, 495.0, 497.0, 488.33, 498.62, 481.67, 497.79, 475.0, 498.0]
rec: 4Rides...................
text_instance: 10
bbox: [503, 479, 13, 18]
bezier_pts: [503.0, 481.0, 503.17, 484.68, 520.06, 483.46, 512.0, 479.0, 515.0, 492.0, 512.79, 495.82, 508.85, 496.49, 505.0, 496.0]
rec: 5........................
text_instance: 11
bbox: [357, 428, 31, 23]
bezier_pts: [357.0, 430.0, 367.0, 429.33, 377.0, 428.67, 387.0, 428.0, 387.0, 448.0, 377.01, 449.95, 367.82, 449.29, 358.0, 450.0]
rec: MOU......................
