text_instance: 0
bbox: [681, 809, 719, 185]
bezier_pts: [687.0, 809.0, 924.33, 815.0, 1161.67, 821.0, 1399.0, 827.0, 1399.0, 993.0, 1159.28, 984.92, 919.39, 978.61, 681.0, 969.0]
rec: Coolfi...................
text_instance: 1
bbox: [780, 1005, 176, 93]
bezier_pts: [780.0, 1005.0, 839.35, 1008.03, 898.48, 1002.47, 955.0, 1011.0, 943.0, 1096.0, 889.53, 1094.12, 834.09, 1092.36, 780.0, 1087.0]
rec: ICE......................
text_instance: 2
bbox: [967, 1020, 327, 83]
bezier_pts: [967.0, 1020.0, 1071.19, 1023.75, 1183.34, 1022.68, 1290.0, 1029.0, 1293.0, 1102.0, 1185.21, 1099.83, 1080.23, 1096.42, 976.0, 1090.0]
rec: CREAM....................
text_instance: 3
bbox: [831, 1201, 152, 92]
bezier_pts: [844.0, 1201.0, 889.58, 1210.54, 931.8, 1218.17, 976.0, 1238.0, 982.0, 1292.0, 931.05, 1281.99, 880.76, 1268.92, 831.0, 1253.0]
rec: 9001.....................
text_instance: 4
bbox: [994, 1228, 152, 72]
bezier_pts: [994.0, 1235.0, 1039.33, 1232.67, 1084.67, 1230.33, 1130.0, 1228.0, 1145.0, 1289.0, 1095.76, 1291.99, 1046.33, 1292.09, 997.0, 1289.0]
rec: 2008.....................
text_instance: 5
bbox: [1154, 1093, 306, 200]
bezier_pts: [1154.0, 1222.0, 1260.03, 1206.49, 1331.41, 1109.68, 1432.0, 1093.0, 1459.0, 1144.0, 1389.0, 1233.36, 1275.46, 1276.15, 1166.0, 1292.0]
rec: COMPANY..................
text_instance: 6
bbox: [720, 1145, 114, 105]
bezier_pts: [742.0, 1145.0, 772.33, 1161.67, 802.67, 1178.33, 833.0, 1195.0, 825.0, 1249.0, 788.61, 1233.1, 753.7, 1214.27, 720.0, 1193.0]
rec: ISO......................
text_instance: 7
bbox: [621, 1080, 112, 104]
bezier_pts: [661.0, 1080.0, 684.67, 1101.67, 708.33, 1123.33, 732.0, 1145.0, 704.0, 1183.0, 674.4, 1163.3, 647.37, 1141.3, 621.0, 1118.0]
rec: AN.......................
