text_instance: 0
bbox: [114, 251, 61, 28]
bezier_pts: [114.0, 251.0, 134.0, 251.0, 154.0, 251.0, 174.0, 251.0, 174.0, 277.0, 154.0, 277.0, 134.0, 277.0, 114.0, 277.0]
rec: ONLY.....................
text_instance: 1
bbox: [46, 215, 174, 28]
bezier_pts: [46.0, 215.0, 103.67, 215.0, 161.33, 215.0, 219.0, 215.0, 219.0, 241.0, 161.33, 241.0, 103.67, 241.0, 46.0, 241.0]
rec: PREDESTRIANS.............
text_instance: 2
bbox: [252, 178, 40, 65]
bezier_pts: [252.0, 231.0, 267.5, 216.62, 266.94, 194.69, 275.0, 178.0, 291.0, 195.0, 278.95, 208.55, 277.35, 224.44, 274.0, 242.0]
rec: Greet....................
text_instance: 3
bbox: [278, 142, 36, 55]
bezier_pts: [278.0, 170.0, 293.06, 166.64, 299.87, 152.04, 309.0, 142.0, 313.0, 163.0, 306.17, 172.96, 294.16, 182.89, 297.0, 196.0]
rec: your.....................
text_instance: 4
bbox: [311, 137, 45, 23]
bezier_pts: [311.0, 141.0, 324.98, 133.41, 341.64, 136.4, 355.0, 143.0, 354.0, 158.0, 340.67, 158.33, 327.33, 158.67, 314.0, 159.0]
rec: CHILD....................
text_instance: 5
bbox: [357, 150, 22, 29]
bezier_pts: [359.0, 150.0, 367.05, 152.98, 373.49, 159.31, 378.0, 167.0, 375.0, 178.0, 369.0, 172.67, 363.0, 167.33, 357.0, 162.0]
rec: with.....................
text_instance: 6
bbox: [381, 181, 22, 53]
bezier_pts: [387.0, 181.0, 399.11, 196.76, 399.1, 213.52, 402.0, 230.0, 392.0, 233.0, 386.29, 218.81, 386.3, 205.17, 381.0, 191.0]
rec: SMILE....................
text_instance: 7
bbox: [293, 331, 38, 32]
bezier_pts: [302.0, 331.0, 311.33, 334.67, 320.67, 338.33, 330.0, 342.0, 325.0, 362.0, 313.66, 359.15, 303.61, 352.65, 293.0, 347.0]
rec: NOT......................
text_instance: 8
bbox: [346, 303, 43, 57]
bezier_pts: [346.0, 341.0, 363.01, 332.97, 374.27, 318.1, 382.0, 303.0, 388.0, 312.0, 380.97, 332.87, 364.91, 348.33, 346.0, 359.0]
rec: MOBILE...................
text_instance: 9
bbox: [325, 340, 22, 23]
bezier_pts: [330.0, 340.0, 334.64, 340.42, 339.79, 339.04, 344.0, 341.0, 346.0, 360.0, 339.04, 362.65, 332.02, 362.08, 325.0, 360.0]
rec: A........................
