text_instance: 0
bbox: [878, 789, 634, 177]
bezier_pts: [878.0, 854.0, 1086.58, 772.62, 1284.69, 774.84, 1499.0, 818.0, 1511.0, 956.0, 1304.48, 867.63, 1090.92, 886.62, 881.0, 965.0]
rec: WELCOME..................
text_instance: 1
bbox: [848, 1034, 727, 139]
bezier_pts: [848.0, 1064.0, 1091.58, 1044.24, 1326.96, 1037.48, 1568.0, 1034.0, 1574.0, 1148.0, 1332.0, 1156.0, 1090.0, 1164.0, 848.0, 1172.0]
rec: MUDVILLE.................
text_instance: 2
bbox: [869, 1205, 499, 94]
bezier_pts: [869.0, 1229.0, 1035.0, 1221.0, 1201.0, 1213.0, 1367.0, 1205.0, 1364.0, 1274.0, 1200.36, 1283.88, 1035.57, 1291.84, 869.0, 1298.0]
rec: POPULATION...............
text_instance: 3
bbox: [1388, 1202, 127, 79]
bezier_pts: [1397.0, 1208.0, 1432.0, 1206.0, 1467.0, 1204.0, 1502.0, 1202.0, 1514.0, 1274.0, 1471.63, 1277.25, 1431.12, 1279.02, 1388.0, 1280.0]
rec: 352......................
text_instance: 4
bbox: [1126, 944, 128, 81]
bezier_pts: [1126.0, 950.0, 1166.67, 948.0, 1207.33, 946.0, 1248.0, 944.0, 1253.0, 1011.0, 1211.17, 1016.66, 1168.79, 1019.83, 1126.0, 1024.0]
rec: TO.......................
