text_instance: 0
bbox: [121, 142, 355, 100]
bezier_pts: [121.0, 195.0, 227.06, 126.57, 366.82, 118.34, 475.0, 176.0, 470.0, 231.0, 359.44, 197.21, 247.7, 210.3, 141.0, 241.0]
rec: BATTISTAS................
text_instance: 1
bbox: [176, 212, 82, 54]
bezier_pts: [176.0, 241.0, 197.2, 228.3, 220.84, 217.36, 245.0, 212.0, 257.0, 240.0, 234.33, 248.33, 211.67, 256.67, 189.0, 265.0]
rec: HOLE.....................
text_instance: 2
bbox: [301, 199, 54, 36]
bezier_pts: [301.0, 204.0, 317.53, 193.59, 338.09, 195.58, 354.0, 205.0, 348.0, 231.0, 335.67, 232.0, 323.33, 233.0, 311.0, 234.0]
rec: THE......................
text_instance: 3
bbox: [366, 211, 73, 45]
bezier_pts: [366.0, 211.0, 392.97, 211.1, 413.01, 220.04, 438.0, 228.0, 431.0, 255.0, 409.67, 248.67, 388.33, 242.33, 367.0, 236.0]
rec: WALL.....................
text_instance: 4
bbox: [262, 207, 37, 34]
bezier_pts: [262.0, 212.0, 272.12, 206.62, 283.55, 209.04, 294.0, 207.0, 298.0, 235.0, 286.33, 236.67, 274.67, 238.33, 263.0, 240.0]
rec: IN.......................
