text_instance: 0
bbox: [89, 85, 107, 73]
bezier_pts: [89.0, 110.0, 124.0, 101.67, 159.0, 93.33, 194.0, 85.0, 195.0, 132.0, 160.67, 140.33, 126.33, 148.67, 92.0, 157.0]
rec: RED......................
text_instance: 1
bbox: [207, 40, 350, 93]
bezier_pts: [212.0, 67.0, 324.6, 49.88, 434.31, 43.13, 547.0, 40.0, 556.0, 111.0, 434.34, 106.42, 326.9, 115.2, 207.0, 132.0]
rec: LOBSTER..................
text_instance: 2
bbox: [136, 148, 60, 28]
bezier_pts: [136.0, 154.0, 154.02, 148.56, 175.03, 149.63, 194.0, 148.0, 195.0, 167.0, 175.65, 171.4, 155.78, 173.88, 136.0, 175.0]
rec: FRESH....................
text_instance: 3
bbox: [198, 143, 45, 23]
bezier_pts: [198.0, 146.0, 212.0, 145.0, 226.0, 144.0, 240.0, 143.0, 242.0, 164.0, 227.67, 164.33, 213.33, 164.67, 199.0, 165.0]
rec: FISH.....................
text_instance: 4
bbox: [258, 134, 49, 28]
bezier_pts: [258.0, 140.0, 273.67, 138.0, 289.33, 136.0, 305.0, 134.0, 306.0, 157.0, 290.33, 158.33, 274.67, 159.67, 259.0, 161.0]
rec: LIVE.....................
text_instance: 5
bbox: [313, 121, 130, 39]
bezier_pts: [313.0, 135.0, 356.33, 124.73, 398.81, 128.31, 442.0, 121.0, 440.0, 147.0, 397.67, 151.0, 355.33, 155.0, 313.0, 159.0]
rec: LOBSTER..................
text_instance: 6
bbox: [140, 202, 52, 20]
bezier_pts: [140.0, 202.0, 156.67, 202.67, 173.33, 203.33, 190.0, 204.0, 191.0, 221.0, 173.74, 220.4, 156.84, 221.19, 140.0, 218.0]
rec: FRESH....................
text_instance: 7
bbox: [500, 220, 64, 22]
bezier_pts: [501.0, 220.0, 521.67, 222.0, 542.33, 224.0, 563.0, 226.0, 562.0, 241.0, 541.33, 240.33, 520.67, 239.67, 500.0, 239.0]
rec: LOBSTER..................
text_instance: 8
bbox: [499, 308, 57, 20]
bezier_pts: [502.0, 308.0, 519.33, 310.0, 536.67, 312.0, 554.0, 314.0, 555.0, 327.0, 536.33, 325.0, 517.67, 323.0, 499.0, 321.0]
rec: CHOWDER..................
text_instance: 9
bbox: [466, 225, 37, 18]
bezier_pts: [466.0, 229.0, 477.34, 228.11, 489.02, 225.32, 501.0, 226.0, 502.0, 237.0, 490.48, 240.11, 479.01, 241.42, 467.0, 241.0]
rec: RED......................
text_instance: 10
bbox: [461, 307, 32, 12]
bezier_pts: [462.0, 307.0, 471.48, 307.11, 481.99, 306.34, 491.0, 310.0, 492.0, 318.0, 481.67, 317.67, 471.33, 317.33, 461.0, 317.0]
rec: CRAB.....................
