text_instance: 0
bbox: [189, 145, 26, 81]
bezier_pts: [201.0, 225.0, 182.73, 198.33, 186.33, 171.67, 198.0, 145.0, 210.0, 155.0, 198.26, 175.7, 196.33, 200.65, 214.0, 218.0]
rec: HONESTY..................
text_instance: 1
bbox: [213, 102, 73, 35]
bezier_pts: [213.0, 126.0, 232.28, 104.87, 256.72, 99.3, 284.0, 103.0, 285.0, 116.0, 261.52, 111.35, 237.0, 121.89, 219.0, 136.0]
rec: INTEGRIT.................
text_instance: 2
bbox: [219, 232, 38, 26]
bezier_pts: [225.0, 232.0, 235.33, 234.67, 245.67, 237.33, 256.0, 240.0, 254.0, 255.0, 241.88, 255.42, 230.16, 252.89, 219.0, 248.0]
rec: EST......................
text_instance: 3
bbox: [261, 232, 29, 29]
bezier_pts: [261.0, 240.0, 269.0, 237.33, 277.0, 234.67, 285.0, 232.0, 289.0, 249.0, 281.5, 255.06, 272.64, 258.33, 263.0, 259.0]
rec: 190......................
text_instance: 4
bbox: [307, 118, 36, 101]
bezier_pts: [317.0, 118.0, 353.01, 145.06, 342.31, 186.03, 328.0, 218.0, 315.0, 208.0, 329.08, 182.26, 330.5, 151.82, 307.0, 131.0]
rec: RELIABILITY..............
text_instance: 5
bbox: [230, 148, 62, 70]
bezier_pts: [233.0, 153.0, 251.36, 145.61, 272.07, 151.02, 291.0, 148.0, 290.0, 206.0, 271.81, 225.53, 250.01, 215.3, 230.0, 216.0]
rec: R........................
text_instance: 6
bbox: [584, 144, 90, 32]
bezier_pts: [584.0, 151.0, 611.28, 144.99, 644.72, 148.15, 673.0, 144.0, 673.0, 166.0, 643.83, 171.37, 614.38, 173.73, 585.0, 173.0]
rec: ATLANTIC.................
