text_instance: 0
bbox: [312, 448, 364, 308]
bezier_pts: [312.0, 724.0, 353.11, 530.06, 475.26, 381.2, 675.0, 491.0, 658.0, 573.0, 493.23, 514.97, 430.15, 584.63, 420.0, 755.0]
rec: Sumika...................
text_instance: 1
bbox: [425, 555, 256, 132]
bezier_pts: [425.0, 676.0, 463.96, 509.24, 616.86, 503.17, 680.0, 665.0, 617.0, 669.0, 576.51, 610.07, 498.38, 591.21, 486.0, 686.0]
rec: Sinkyogoku...............
text_instance: 2
bbox: [632, 1114, 54, 20]
bezier_pts: [632.0, 1116.0, 648.67, 1115.33, 665.33, 1114.67, 682.0, 1114.0, 685.0, 1128.0, 667.4, 1130.98, 650.68, 1131.4, 633.0, 1133.0]
rec: English..................
text_instance: 3
bbox: [627, 1128, 63, 19]
bezier_pts: [627.0, 1132.0, 647.33, 1130.67, 667.67, 1129.33, 688.0, 1128.0, 689.0, 1143.0, 670.33, 1144.0, 651.67, 1145.0, 633.0, 1146.0]
rec: menuis...................
text_instance: 4
bbox: [632, 1141, 68, 20]
bezier_pts: [632.0, 1143.0, 653.67, 1142.33, 675.33, 1141.67, 697.0, 1141.0, 699.0, 1157.0, 677.67, 1158.0, 656.33, 1159.0, 635.0, 1160.0]
rec: available................
text_instance: 5
bbox: [635, 1158, 68, 21]
bezier_pts: [636.0, 1160.0, 656.33, 1159.33, 676.67, 1158.67, 697.0, 1158.0, 702.0, 1172.0, 679.67, 1174.0, 657.33, 1176.0, 635.0, 1178.0]
rec: SUMIKA...................
