text_instance: 0
bbox: [163, 102, 114, 250]
bezier_pts: [193.0, 351.0, 136.91, 258.52, 158.89, 160.22, 249.0, 102.0, 276.0, 136.0, 196.22, 176.88, 193.92, 259.56, 226.0, 329.0]
rec: WELCOME..................
text_instance: 1
bbox: [363, 73, 150, 119]
bezier_pts: [367.0, 73.0, 424.24, 89.21, 489.02, 106.94, 512.0, 172.0, 479.0, 191.0, 454.85, 143.1, 415.73, 119.35, 363.0, 113.0]
rec: PONCE....................
text_instance: 2
bbox: [474, 198, 64, 154]
bezier_pts: [527.0, 198.0, 556.28, 242.01, 527.85, 307.58, 509.0, 351.0, 474.0, 322.0, 495.56, 287.39, 470.18, 240.88, 489.0, 207.0]
rec: INLET....................
text_instance: 3
bbox: [256, 444, 106, 25]
bezier_pts: [258.0, 445.0, 291.33, 444.67, 324.67, 444.33, 358.0, 444.0, 361.0, 468.0, 326.0, 468.0, 291.0, 468.0, 256.0, 468.0]
rec: circa....................
text_instance: 4
bbox: [375, 443, 85, 27]
bezier_pts: [375.0, 446.0, 403.0, 445.0, 431.0, 444.0, 459.0, 443.0, 457.0, 465.0, 431.68, 468.19, 406.3, 469.2, 381.0, 468.0]
rec: 1997.....................
text_instance: 5
bbox: [278, 78, 70, 47]
bezier_pts: [278.0, 90.0, 296.69, 77.35, 317.78, 77.89, 340.0, 78.0, 347.0, 110.0, 326.67, 114.67, 306.33, 119.33, 286.0, 124.0]
rec: To.......................
