text_instance: 0
bbox: [677, 817, 535, 202]
bezier_pts: [677.0, 964.0, 840.24, 855.87, 1027.58, 819.4, 1211.0, 817.0, 1202.0, 898.0, 1026.66, 864.43, 869.66, 947.04, 716.0, 1018.0]
rec: BEDESTEN.................
text_instance: 1
bbox: [1169, 490, 145, 37]
bezier_pts: [1172.0, 490.0, 1219.0, 492.0, 1266.0, 494.0, 1313.0, 496.0, 1313.0, 526.0, 1265.0, 526.0, 1217.0, 526.0, 1169.0, 526.0]
rec: SANDAL...................
text_instance: 2
bbox: [1139, 526, 199, 37]
bezier_pts: [1142.0, 526.0, 1207.0, 527.0, 1272.0, 528.0, 1337.0, 529.0, 1337.0, 559.0, 1271.0, 560.0, 1205.0, 561.0, 1139.0, 562.0]
rec: BEDESTEN.................
text_instance: 3
bbox: [1373, 832, 361, 199]
bezier_pts: [1394.0, 832.0, 1511.63, 863.22, 1625.7, 910.03, 1733.0, 970.0, 1694.0, 1030.0, 1587.0, 990.0, 1480.0, 950.0, 1373.0, 910.0]
rec: GRAND....................
text_instance: 4
bbox: [1730, 1000, 388, 373]
bezier_pts: [1760.0, 1000.0, 1893.95, 1085.22, 2020.49, 1201.12, 2117.0, 1330.0, 2051.0, 1372.0, 1972.62, 1242.11, 1856.65, 1148.69, 1730.0, 1057.0]
rec: BAZAAR...................
text_instance: 5
bbox: [935, 1222, 280, 67]
bezier_pts: [935.0, 1222.0, 1028.0, 1223.0, 1121.0, 1224.0, 1214.0, 1225.0, 1208.0, 1288.0, 1121.0, 1287.0, 1034.0, 1286.0, 947.0, 1285.0]
rec: CAFE.....................
text_instance: 6
bbox: [731, 1396, 232, 79]
bezier_pts: [731.0, 1396.0, 809.1, 1398.63, 883.75, 1394.33, 962.0, 1402.0, 953.0, 1462.0, 879.08, 1468.81, 805.67, 1472.46, 731.0, 1474.0]
rec: THE......................
text_instance: 7
bbox: [962, 1396, 322, 79]
bezier_pts: [965.0, 1396.0, 1071.0, 1396.0, 1177.0, 1396.0, 1283.0, 1396.0, 1280.0, 1468.0, 1174.58, 1470.0, 1067.15, 1471.73, 962.0, 1474.0]
rec: DOME.....................
text_instance: 8
bbox: [1304, 1396, 502, 79]
bezier_pts: [1307.0, 1396.0, 1473.44, 1401.46, 1643.89, 1398.87, 1805.0, 1411.0, 1805.0, 1474.0, 1638.0, 1472.0, 1471.0, 1470.0, 1304.0, 1468.0]
rec: BRASSER..................
text_instance: 9
bbox: [584, 974, 126, 100]
bezier_pts: [584.0, 1013.0, 611.13, 1000.76, 633.86, 979.57, 665.0, 974.0, 709.0, 1020.0, 682.67, 1037.67, 656.33, 1055.33, 630.0, 1073.0]
rec: L........................
