text_instance: 0
bbox: [32, 442, 388, 385]
bezier_pts: [32.0, 756.0, 110.35, 618.44, 234.58, 508.29, 371.0, 442.0, 419.0, 550.0, 276.83, 593.75, 187.29, 707.2, 124.0, 826.0]
rec: SRIDEVI..................
text_instance: 1
bbox: [440, 411, 495, 181]
bezier_pts: [440.0, 418.0, 616.12, 401.4, 769.16, 410.97, 934.0, 478.0, 889.0, 591.0, 751.45, 519.66, 606.08, 504.24, 449.0, 526.0]
rec: NURSING..................
text_instance: 2
bbox: [932, 498, 301, 325]
bezier_pts: [991.0, 498.0, 1095.76, 555.63, 1192.93, 644.71, 1232.0, 762.0, 1120.0, 822.0, 1083.73, 723.52, 1009.64, 651.5, 932.0, 591.0]
rec: HOME.....................
text_instance: 3
bbox: [193, 775, 341, 78]
bezier_pts: [206.0, 780.0, 315.0, 778.33, 424.0, 776.67, 533.0, 775.0, 529.0, 843.0, 416.56, 847.1, 303.35, 850.13, 193.0, 852.0]
rec: FERTILITY................
text_instance: 4
bbox: [551, 769, 394, 76]
bezier_pts: [557.0, 775.0, 685.67, 773.0, 814.33, 771.0, 943.0, 769.0, 944.0, 838.0, 811.49, 839.95, 682.18, 842.05, 551.0, 844.0]
rec: MATERNITY................
text_instance: 5
bbox: [253, 864, 445, 80]
bezier_pts: [265.0, 871.0, 408.33, 868.67, 551.67, 866.33, 695.0, 864.0, 697.0, 936.0, 549.0, 938.33, 401.0, 940.67, 253.0, 943.0]
rec: LAPROSCOPY...............
text_instance: 6
bbox: [724, 867, 280, 71]
bezier_pts: [725.0, 867.0, 815.0, 867.0, 905.0, 867.0, 995.0, 867.0, 1003.0, 937.0, 910.0, 936.0, 817.0, 935.0, 724.0, 934.0]
rec: CENTRE...................
