text_instance: 0
bbox: [59, 453, 230, 233]
bezier_pts: [105.0, 453.0, 147.3, 531.14, 222.28, 587.44, 288.0, 642.0, 271.0, 685.0, 167.9, 641.94, 102.58, 570.65, 59.0, 471.0]
rec: Moritz...................
text_instance: 1
bbox: [342, 464, 353, 254]
bezier_pts: [344.0, 660.0, 507.04, 699.62, 637.98, 640.94, 656.0, 464.0, 694.0, 474.0, 690.75, 681.92, 517.95, 748.09, 342.0, 710.0]
rec: Restaurant...............
text_instance: 2
bbox: [19, 341, 80, 77]
bezier_pts: [79.0, 344.0, 90.24, 367.76, 86.03, 392.49, 98.0, 416.0, 38.0, 417.0, 27.41, 391.82, 27.25, 366.29, 19.0, 341.0]
rec: St.......................
