text_instance: 0
bbox: [174, 990, 167, 317]
bezier_pts: [221.0, 1306.0, 185.78, 1204.22, 168.36, 1091.78, 174.0, 990.0, 259.0, 998.0, 219.89, 1103.16, 321.22, 1188.88, 340.0, 1289.0]
rec: Over.....................
text_instance: 1
bbox: [131, 746, 180, 241]
bezier_pts: [131.0, 939.0, 153.8, 875.16, 175.47, 810.64, 203.0, 746.0, 310.0, 789.0, 259.29, 839.86, 251.89, 919.7, 246.0, 986.0]
rec: 100......................
text_instance: 2
bbox: [221, 524, 334, 245]
bezier_pts: [221.0, 708.0, 287.0, 607.9, 406.58, 570.83, 511.0, 524.0, 554.0, 614.0, 451.18, 619.68, 380.68, 715.14, 297.0, 768.0]
rec: Years....................
text_instance: 3
bbox: [545, 485, 155, 134]
bezier_pts: [545.0, 486.0, 592.74, 481.8, 641.57, 490.16, 691.0, 498.0, 699.0, 601.0, 657.67, 606.67, 616.33, 612.33, 575.0, 618.0]
rec: in.......................
text_instance: 4
bbox: [725, 464, 381, 339]
bezier_pts: [742.0, 464.0, 887.35, 525.23, 1025.9, 602.5, 1105.0, 751.0, 1015.0, 802.0, 953.84, 693.65, 851.83, 613.85, 725.0, 610.0]
rec: Bloom....................
text_instance: 5
bbox: [1216, 481, 403, 360]
bezier_pts: [1216.0, 541.0, 1348.96, 506.64, 1480.14, 486.6, 1618.0, 481.0, 1618.0, 785.0, 1494.0, 803.33, 1370.0, 821.67, 1246.0, 840.0]
rec: The......................
text_instance: 6
bbox: [1374, 691, 1300, 535]
bezier_pts: [1378.0, 840.0, 1798.96, 756.68, 2234.27, 822.58, 2652.0, 691.0, 2673.0, 1041.0, 2240.0, 1102.33, 1807.0, 1163.67, 1374.0, 1225.0]
rec: Butchart.................
text_instance: 7
bbox: [1571, 1088, 1099, 497]
bezier_pts: [1571.0, 1216.0, 1932.14, 1125.17, 2307.47, 1189.2, 2665.0, 1088.0, 2669.0, 1430.0, 2311.34, 1525.96, 1948.34, 1566.63, 1596.0, 1584.0]
rec: Gardens..................
