text_instance: 0
bbox: [155, 182, 159, 41]
bezier_pts: [155.0, 190.0, 207.0, 187.33, 259.0, 184.67, 311.0, 182.0, 313.0, 214.0, 261.67, 216.67, 210.33, 219.33, 159.0, 222.0]
rec: STORe....................
text_instance: 1
bbox: [203, 236, 43, 34]
bezier_pts: [203.0, 238.0, 216.33, 237.33, 229.67, 236.67, 243.0, 236.0, 245.0, 266.0, 233.0, 267.35, 221.0, 269.31, 209.0, 268.0]
rec: 84.......................
text_instance: 2
bbox: [135, 264, 201, 64]
bezier_pts: [151.0, 280.0, 208.75, 296.69, 264.75, 309.14, 319.0, 264.0, 335.0, 302.0, 270.13, 329.94, 203.49, 337.42, 135.0, 314.0]
rec: 66743565.................
text_instance: 3
bbox: [353, 130, 77, 71]
bezier_pts: [353.0, 154.0, 373.0, 146.0, 393.0, 138.0, 413.0, 130.0, 429.0, 178.0, 413.0, 185.33, 397.0, 192.67, 381.0, 200.0]
rec: HO.......................
text_instance: 4
bbox: [429, 118, 71, 53]
bezier_pts: [429.0, 124.0, 450.33, 122.0, 471.67, 120.0, 493.0, 118.0, 499.0, 162.0, 480.33, 164.67, 461.67, 167.33, 443.0, 170.0]
rec: CHI......................
text_instance: 5
bbox: [505, 119, 89, 42]
bezier_pts: [506.0, 120.0, 535.96, 117.53, 562.89, 119.98, 593.0, 123.0, 584.0, 160.0, 557.67, 159.67, 531.33, 159.33, 505.0, 159.0]
rec: MINH.....................
text_instance: 6
bbox: [598, 128, 67, 53]
bezier_pts: [609.0, 128.0, 629.4, 130.41, 648.29, 139.68, 664.0, 152.0, 645.0, 180.0, 628.55, 175.87, 612.86, 169.44, 598.0, 161.0]
rec: CITY.....................
text_instance: 7
bbox: [358, 222, 53, 36]
bezier_pts: [360.0, 226.0, 376.13, 223.7, 392.54, 220.79, 410.0, 223.0, 410.0, 254.0, 392.68, 255.2, 375.63, 257.35, 358.0, 257.0]
rec: 1511.....................
text_instance: 8
bbox: [431, 212, 65, 47]
bezier_pts: [431.0, 212.0, 452.33, 212.0, 473.67, 212.0, 495.0, 212.0, 493.0, 252.0, 473.67, 254.0, 454.33, 256.0, 435.0, 258.0]
rec: DONG.....................
text_instance: 9
bbox: [505, 213, 51, 34]
bezier_pts: [507.0, 215.0, 523.0, 214.33, 539.0, 213.67, 555.0, 213.0, 552.0, 242.0, 536.86, 244.22, 521.06, 245.3, 505.0, 245.0]
rec: KHOI.....................
text_instance: 10
bbox: [575, 206, 84, 35]
bezier_pts: [577.0, 210.0, 602.72, 206.91, 632.02, 207.92, 658.0, 206.0, 647.0, 234.0, 622.64, 236.59, 599.36, 239.13, 575.0, 240.0]
rec: STREET...................
text_instance: 11
bbox: [471, 256, 37, 35]
bezier_pts: [471.0, 260.0, 483.0, 258.67, 495.0, 257.33, 507.0, 256.0, 505.0, 280.0, 496.33, 283.33, 487.67, 286.67, 479.0, 290.0]
rec: 1st......................
text_instance: 12
bbox: [510, 257, 41, 22]
bezier_pts: [510.0, 260.0, 523.33, 259.0, 536.67, 258.0, 550.0, 257.0, 549.0, 275.0, 536.06, 277.07, 523.25, 277.92, 510.0, 278.0]
rec: FLOOR....................
text_instance: 13
bbox: [405, 276, 199, 79]
bezier_pts: [413.0, 296.0, 474.36, 323.85, 542.9, 314.15, 595.0, 276.0, 603.0, 326.0, 535.88, 349.5, 474.99, 364.45, 405.0, 346.0]
rec: VIETNAM..................
text_instance: 14
bbox: [699, 168, 77, 22]
bezier_pts: [699.0, 170.0, 724.33, 169.33, 749.67, 168.67, 775.0, 168.0, 773.0, 185.0, 748.13, 188.22, 723.23, 188.07, 699.0, 189.0]
rec: CAFE.....................
text_instance: 15
bbox: [712, 208, 43, 23]
bezier_pts: [712.0, 212.0, 726.0, 210.67, 740.0, 209.33, 754.0, 208.0, 751.0, 227.0, 738.1, 229.24, 725.39, 230.14, 712.0, 230.0]
rec: 848......................
text_instance: 16
bbox: [669, 236, 107, 39]
bezier_pts: [678.0, 245.0, 711.67, 250.32, 744.27, 251.61, 774.0, 236.0, 775.0, 260.0, 742.73, 272.7, 703.68, 280.83, 669.0, 268.0]
rec: 66749565.................
text_instance: 17
bbox: [260, 240, 21, 25]
bezier_pts: [261.0, 241.0, 267.33, 240.67, 273.67, 240.33, 280.0, 240.0, 278.0, 263.0, 271.81, 264.67, 266.19, 264.67, 260.0, 263.0]
rec: 8........................
