text_instance: 0
bbox: [465, 271, 59, 17]
bezier_pts: [465.0, 271.0, 484.33, 271.0, 503.67, 271.0, 523.0, 271.0, 523.0, 287.0, 503.67, 287.0, 484.33, 287.0, 465.0, 287.0]
rec: STATE....................
text_instance: 1
bbox: [331, 265, 39, 19]
bezier_pts: [331.0, 265.0, 343.67, 265.0, 356.33, 265.0, 369.0, 265.0, 369.0, 283.0, 356.33, 283.0, 343.67, 283.0, 331.0, 283.0]
rec: THE......................
text_instance: 2
bbox: [291, 114, 107, 47]
bezier_pts: [291.0, 149.0, 317.66, 109.23, 357.71, 103.54, 397.0, 127.0, 392.0, 144.0, 360.41, 127.66, 329.98, 130.48, 311.0, 160.0]
rec: WELCOME..................
text_instance: 3
bbox: [61, 161, 267, 156]
bezier_pts: [61.0, 161.0, 143.67, 162.0, 226.33, 163.0, 309.0, 164.0, 327.0, 316.0, 220.07, 340.06, 176.71, 232.74, 67.0, 233.0]
rec: MISS.....................
text_instance: 4
bbox: [407, 172, 123, 73]
bezier_pts: [409.0, 172.0, 449.0, 173.67, 489.0, 175.33, 529.0, 177.0, 525.0, 244.0, 485.88, 243.17, 446.94, 240.59, 407.0, 236.0]
rec: URI......................
text_instance: 5
bbox: [374, 269, 61, 21]
bezier_pts: [374.0, 269.0, 394.0, 269.67, 414.0, 270.33, 434.0, 271.0, 430.0, 288.0, 412.87, 288.34, 394.68, 287.42, 377.0, 286.0]
rec: SHOW.....................
text_instance: 6
bbox: [393, 128, 35, 40]
bezier_pts: [405.0, 128.0, 413.69, 136.91, 419.15, 147.7, 427.0, 158.0, 412.0, 167.0, 405.67, 159.33, 399.33, 151.67, 393.0, 144.0]
rec: TO.......................
text_instance: 7
bbox: [434, 269, 33, 24]
bezier_pts: [436.0, 269.0, 445.33, 269.33, 454.67, 267.89, 464.0, 270.0, 466.0, 292.0, 455.33, 291.33, 444.67, 290.67, 434.0, 290.0]
rec: ME.......................
