text_instance: 0
bbox: [80, 113, 204, 88]
bezier_pts: [80.0, 145.0, 146.87, 104.13, 220.97, 89.42, 283.0, 157.0, 273.0, 200.0, 218.99, 165.63, 149.36, 175.22, 93.0, 197.0]
rec: Ambro....................
text_instance: 1
bbox: [116, 285, 155, 69]
bezier_pts: [129.0, 285.0, 176.28, 286.88, 224.36, 293.59, 270.0, 305.0, 268.0, 353.0, 216.71, 348.44, 166.45, 341.3, 116.0, 331.0]
rec: Semolin..................
text_instance: 2
bbox: [311, 139, 195, 102]
bezier_pts: [311.0, 172.0, 374.93, 124.6, 445.54, 130.7, 505.0, 177.0, 505.0, 240.0, 454.34, 179.7, 381.36, 195.42, 315.0, 218.0]
rec: Ambrosio.................
text_instance: 3
bbox: [388, 298, 68, 33]
bezier_pts: [388.0, 298.0, 409.3, 299.58, 429.3, 299.95, 451.0, 305.0, 455.0, 330.0, 433.67, 329.33, 412.33, 328.67, 391.0, 328.0]
rec: Rice.....................
text_instance: 4
bbox: [354, 323, 125, 49]
bezier_pts: [354.0, 323.0, 395.02, 324.34, 439.67, 323.36, 478.0, 335.0, 474.0, 371.0, 434.0, 365.0, 394.0, 359.0, 354.0, 353.0]
rec: Pudding..................
text_instance: 5
bbox: [528, 95, 205, 97]
bezier_pts: [528.0, 147.0, 584.1, 94.45, 671.21, 71.33, 732.0, 136.0, 731.0, 191.0, 673.33, 136.99, 607.0, 159.24, 541.0, 189.0]
rec: Ambrosi..................
text_instance: 6
bbox: [621, 263, 80, 41]
bezier_pts: [621.0, 263.0, 647.33, 265.0, 673.67, 267.0, 700.0, 269.0, 698.0, 303.0, 675.33, 301.67, 652.67, 300.33, 630.0, 299.0]
rec: Light....................
text_instance: 7
bbox: [566, 298, 64, 29]
bezier_pts: [566.0, 300.0, 586.0, 299.33, 606.0, 298.67, 626.0, 298.0, 629.0, 325.0, 609.33, 325.0, 589.67, 325.0, 570.0, 325.0]
rec: Rice.....................
text_instance: 8
bbox: [630, 297, 99, 48]
bezier_pts: [630.0, 297.0, 663.5, 297.29, 697.29, 298.79, 728.0, 318.0, 727.0, 344.0, 696.67, 338.0, 666.33, 332.0, 636.0, 326.0]
rec: Pudding..................
text_instance: 9
bbox: [742, 101, 224, 116]
bezier_pts: [742.0, 157.0, 805.89, 80.04, 903.01, 71.19, 965.0, 150.0, 962.0, 212.0, 899.5, 141.42, 827.4, 160.23, 757.0, 216.0]
rec: Ambrosia.................
text_instance: 10
bbox: [811, 261, 119, 26]
bezier_pts: [811.0, 263.0, 848.67, 262.33, 886.33, 261.67, 924.0, 261.0, 929.0, 284.0, 891.33, 284.67, 853.67, 285.33, 816.0, 286.0]
rec: Traditional..............
text_instance: 11
bbox: [775, 283, 67, 46]
bezier_pts: [775.0, 295.0, 795.22, 290.99, 816.34, 282.81, 837.0, 283.0, 841.0, 314.0, 820.92, 319.88, 800.32, 324.59, 780.0, 328.0]
rec: Rice.....................
text_instance: 12
bbox: [840, 285, 119, 42]
bezier_pts: [840.0, 285.0, 877.48, 287.31, 915.53, 283.34, 953.0, 292.0, 958.0, 326.0, 920.67, 322.33, 883.33, 318.67, 846.0, 315.0]
rec: Pudding..................
text_instance: 13
bbox: [847, 313, 96, 26]
bezier_pts: [848.0, 313.0, 877.67, 314.0, 907.33, 315.0, 937.0, 316.0, 942.0, 338.0, 911.14, 338.53, 878.61, 338.3, 847.0, 335.0]
rec: sultanas.................
text_instance: 14
bbox: [1003, 79, 204, 111]
bezier_pts: [1003.0, 136.0, 1069.42, 86.65, 1142.58, 47.52, 1197.0, 122.0, 1206.0, 165.0, 1143.09, 140.46, 1084.96, 155.9, 1030.0, 189.0]
rec: Ambros...................
text_instance: 15
bbox: [1064, 275, 158, 50]
bezier_pts: [1065.0, 284.0, 1112.5, 268.43, 1169.3, 268.03, 1215.0, 291.0, 1221.0, 323.0, 1167.75, 324.13, 1115.85, 323.21, 1064.0, 320.0]
rec: Macaron..................
text_instance: 16
bbox: [11, 438, 225, 110]
bezier_pts: [11.0, 469.0, 81.24, 409.72, 180.77, 423.82, 235.0, 494.0, 218.0, 547.0, 148.8, 532.21, 82.26, 478.63, 13.0, 534.0]
rec: mbrosia..................
text_instance: 17
bbox: [2, 636, 174, 58]
bezier_pts: [2.0, 640.0, 59.67, 638.67, 117.33, 637.33, 175.0, 636.0, 173.0, 690.0, 117.33, 691.0, 61.67, 692.0, 6.0, 693.0]
rec: Semolina.................
text_instance: 18
bbox: [337, 421, 79, 22]
bezier_pts: [338.0, 425.0, 361.67, 423.67, 385.33, 422.33, 409.0, 421.0, 415.0, 439.0, 389.0, 440.0, 363.0, 441.0, 337.0, 442.0]
rec: AMBROSIA.................
text_instance: 19
bbox: [253, 481, 208, 83]
bezier_pts: [253.0, 521.0, 304.38, 449.97, 407.33, 464.63, 460.0, 526.0, 447.0, 563.0, 391.99, 518.94, 315.38, 503.58, 262.0, 561.0]
rec: Ambrosia.................
text_instance: 20
bbox: [295, 655, 71, 34]
bezier_pts: [295.0, 656.0, 317.67, 655.67, 340.33, 655.33, 363.0, 655.0, 365.0, 685.0, 342.56, 688.06, 319.66, 687.39, 297.0, 687.0]
rec: Rice.....................
text_instance: 21
bbox: [267, 684, 133, 40]
bezier_pts: [267.0, 684.0, 308.33, 684.67, 349.67, 685.33, 391.0, 686.0, 399.0, 722.0, 355.58, 723.55, 310.67, 722.2, 268.0, 719.0]
rec: Pudding..................
text_instance: 22
bbox: [519, 433, 220, 105]
bezier_pts: [519.0, 478.0, 587.5, 425.74, 680.32, 412.97, 737.0, 490.0, 738.0, 532.0, 677.08, 456.09, 588.85, 482.04, 524.0, 537.0]
rec: Ambrosia.................
text_instance: 23
bbox: [597, 619, 82, 40]
bezier_pts: [597.0, 621.0, 624.0, 620.33, 651.0, 619.67, 678.0, 619.0, 677.0, 656.0, 651.0, 656.33, 625.0, 656.67, 599.0, 657.0]
rec: Light....................
text_instance: 24
bbox: [540, 658, 65, 36]
bezier_pts: [542.0, 658.0, 560.82, 659.82, 579.62, 660.28, 599.0, 662.0, 604.0, 689.0, 582.67, 690.33, 561.33, 691.67, 540.0, 693.0]
rec: Rice.....................
text_instance: 25
bbox: [611, 657, 118, 37]
bezier_pts: [611.0, 661.0, 647.53, 656.48, 685.41, 653.79, 722.0, 663.0, 728.0, 692.0, 690.05, 691.97, 652.13, 691.06, 614.0, 689.0]
rec: Pudding..................
text_instance: 26
bbox: [755, 436, 231, 103]
bezier_pts: [755.0, 485.0, 825.67, 416.64, 916.31, 414.14, 985.0, 491.0, 979.0, 529.0, 907.92, 460.67, 831.54, 484.22, 767.0, 538.0]
rec: Ambrosia.................
text_instance: 27
bbox: [821, 616, 126, 27]
bezier_pts: [821.0, 617.0, 861.0, 616.67, 901.0, 616.33, 941.0, 616.0, 946.0, 638.0, 905.47, 641.43, 865.06, 641.58, 826.0, 641.0]
rec: Traditional..............
text_instance: 28
bbox: [788, 641, 62, 34]
bezier_pts: [788.0, 641.0, 807.33, 641.33, 826.67, 641.67, 846.0, 642.0, 849.0, 670.0, 830.73, 673.56, 812.04, 673.53, 794.0, 673.0]
rec: Rice.....................
text_instance: 29
bbox: [857, 635, 120, 42]
bezier_pts: [857.0, 640.0, 893.33, 638.33, 929.67, 636.67, 966.0, 635.0, 976.0, 673.0, 937.0, 673.67, 898.0, 674.33, 859.0, 675.0]
rec: Pudding..................
text_instance: 30
bbox: [856, 671, 103, 28]
bezier_pts: [856.0, 674.0, 889.33, 673.0, 922.67, 672.0, 956.0, 671.0, 958.0, 692.0, 925.88, 696.74, 893.53, 698.24, 862.0, 697.0]
rec: sultanas.................
text_instance: 31
bbox: [1020, 425, 219, 105]
bezier_pts: [1020.0, 473.0, 1088.93, 415.8, 1166.04, 418.01, 1238.0, 462.0, 1234.0, 507.0, 1169.44, 458.25, 1089.68, 483.13, 1035.0, 529.0]
rec: Ambrosi..................
text_instance: 32
bbox: [1062, 637, 192, 46]
bezier_pts: [1065.0, 637.0, 1127.0, 637.0, 1189.0, 637.0, 1251.0, 637.0, 1253.0, 677.0, 1189.26, 680.56, 1125.83, 681.16, 1062.0, 679.0]
rec: Macaroni.................
text_instance: 33
bbox: [806, 316, 41, 27]
bezier_pts: [806.0, 323.0, 819.0, 320.67, 832.0, 318.33, 845.0, 316.0, 846.0, 336.0, 832.66, 338.78, 819.34, 341.77, 806.0, 341.0]
rec: and......................
text_instance: 34
bbox: [810, 674, 51, 25]
bezier_pts: [810.0, 678.0, 825.67, 676.67, 841.33, 675.33, 857.0, 674.0, 860.0, 696.0, 844.52, 697.35, 827.83, 698.29, 812.0, 698.0]
rec: and......................
