text_instance: 0
bbox: [133, 49, 246, 59]
bezier_pts: [133.0, 84.0, 207.91, 44.18, 293.79, 41.89, 376.0, 56.0, 378.0, 80.0, 294.55, 64.27, 220.53, 71.95, 144.0, 107.0]
rec: HAMMERSMITH..............
text_instance: 1
bbox: [388, 60, 80, 46]
bezier_pts: [390.0, 60.0, 416.77, 64.94, 443.31, 72.43, 467.0, 86.0, 465.0, 105.0, 438.15, 97.03, 413.24, 88.47, 388.0, 78.0]
rec: PARk.....................
text_instance: 2
bbox: [178, 109, 146, 63]
bezier_pts: [190.0, 109.0, 233.0, 114.64, 280.02, 126.84, 322.0, 135.0, 323.0, 170.0, 274.62, 170.12, 215.0, 180.84, 178.0, 139.0]
rec: BOWLS....................
text_instance: 3
bbox: [332, 111, 108, 54]
bezier_pts: [332.0, 134.0, 362.18, 124.07, 395.21, 117.11, 426.0, 111.0, 439.0, 141.0, 409.44, 166.51, 372.71, 164.82, 338.0, 163.0]
rec: CLUB.....................
