text_instance: 0
bbox: [31, 227, 374, 71]
bezier_pts: [31.0, 227.0, 155.33, 227.0, 279.67, 227.0, 404.0, 227.0, 404.0, 293.0, 280.26, 294.75, 155.18, 294.12, 31.0, 293.0]
rec: RENTALS..................
text_instance: 1
bbox: [29, 69, 157, 65]
bezier_pts: [29.0, 69.0, 81.0, 69.0, 133.0, 69.0, 185.0, 69.0, 185.0, 128.0, 133.05, 130.84, 80.88, 130.77, 29.0, 128.0]
rec: uitar....................
text_instance: 2
bbox: [318, 482, 69, 27]
bezier_pts: [318.0, 482.0, 340.67, 482.0, 363.33, 482.0, 386.0, 482.0, 386.0, 507.0, 363.33, 507.0, 340.67, 507.0, 318.0, 507.0]
rec: GENUINE..................
text_instance: 3
bbox: [14, 128, 207, 66]
bezier_pts: [14.0, 133.0, 82.46, 129.34, 152.59, 129.73, 220.0, 128.0, 218.0, 191.0, 152.5, 192.56, 85.73, 192.77, 20.0, 193.0]
rec: Center...................
text_instance: 4
bbox: [203, 400, 125, 105]
bezier_pts: [203.0, 478.0, 224.81, 433.11, 272.48, 407.07, 321.0, 400.0, 327.0, 453.0, 292.83, 455.65, 263.94, 475.98, 243.0, 504.0]
rec: TIMES....................
text_instance: 5
bbox: [345, 397, 154, 112]
bezier_pts: [346.0, 397.0, 406.96, 395.22, 462.37, 424.79, 498.0, 476.0, 459.0, 508.0, 435.66, 466.44, 387.11, 459.67, 345.0, 451.0]
rec: SQUARE...................
text_instance: 6
bbox: [333, 558, 104, 38]
bezier_pts: [335.0, 558.0, 368.67, 558.0, 402.33, 558.0, 436.0, 558.0, 429.0, 593.0, 397.15, 593.78, 364.53, 593.12, 333.0, 592.0]
rec: uitar....................
text_instance: 7
bbox: [313, 596, 149, 45]
bezier_pts: [313.0, 599.0, 362.33, 598.0, 411.67, 597.0, 461.0, 596.0, 457.0, 638.0, 409.0, 638.0, 361.0, 638.0, 313.0, 638.0]
rec: Center...................
