text_instance: 0
bbox: [74, 175, 523, 287]
bezier_pts: [74.0, 358.0, 230.69, 260.66, 403.48, 157.22, 596.0, 175.0, 593.0, 297.0, 430.31, 287.66, 271.06, 363.88, 140.0, 461.0]
rec: CHINESE..................
text_instance: 1
bbox: [649, 185, 344, 256]
bezier_pts: [675.0, 185.0, 803.29, 206.36, 898.82, 281.7, 992.0, 357.0, 954.0, 440.0, 857.68, 379.27, 762.53, 319.58, 649.0, 295.0]
rec: FOOD.....................
text_instance: 2
bbox: [395, 526, 278, 114]
bezier_pts: [395.0, 534.0, 487.33, 531.33, 579.67, 528.67, 672.0, 526.0, 667.0, 621.0, 589.01, 654.61, 490.42, 629.3, 411.0, 639.0]
rec: OPEN.....................
text_instance: 3
bbox: [93, 708, 213, 122]
bezier_pts: [93.0, 708.0, 163.67, 709.0, 234.33, 710.0, 305.0, 711.0, 296.0, 829.0, 229.0, 829.0, 162.0, 829.0, 95.0, 829.0]
rec: EAT......................
text_instance: 4
bbox: [338, 712, 112, 114]
bezier_pts: [338.0, 715.0, 374.0, 714.0, 410.0, 713.0, 446.0, 712.0, 449.0, 825.0, 412.67, 824.33, 376.33, 823.67, 340.0, 823.0]
rec: IN.......................
text_instance: 5
bbox: [467, 702, 281, 114]
bezier_pts: [467.0, 711.0, 555.0, 708.0, 643.0, 705.0, 731.0, 702.0, 747.0, 809.0, 662.33, 811.0, 577.67, 813.0, 493.0, 815.0]
rec: TAKE.....................
text_instance: 6
bbox: [762, 709, 232, 106]
bezier_pts: [763.0, 709.0, 835.67, 710.0, 908.33, 711.0, 981.0, 712.0, 993.0, 814.0, 916.0, 814.0, 839.0, 814.0, 762.0, 814.0]
rec: OUT......................
