text_instance: 0
bbox: [602, 274, 131, 37]
bezier_pts: [602.0, 274.0, 645.33, 274.0, 688.67, 274.0, 732.0, 274.0, 732.0, 310.0, 688.67, 310.0, 645.33, 310.0, 602.0, 310.0]
rec: BISTOR...................
text_instance: 1
bbox: [369, 274, 92, 36]
bezier_pts: [369.0, 274.0, 399.33, 274.0, 429.67, 274.0, 460.0, 274.0, 460.0, 309.0, 429.67, 309.0, 399.33, 309.0, 369.0, 309.0]
rec: ACES.....................
text_instance: 2
bbox: [474, 275, 74, 34]
bezier_pts: [474.0, 275.0, 498.33, 275.0, 522.67, 275.0, 547.0, 275.0, 547.0, 308.0, 522.67, 308.0, 498.33, 308.0, 474.0, 308.0]
rec: BAR......................
text_instance: 3
bbox: [791, 296, 63, 16]
bezier_pts: [791.0, 296.0, 811.67, 296.0, 832.33, 296.0, 853.0, 296.0, 853.0, 311.0, 832.33, 311.0, 811.67, 311.0, 791.0, 311.0]
rec: DRAUGHT..................
text_instance: 4
bbox: [786, 282, 74, 19]
bezier_pts: [786.0, 282.0, 810.33, 282.0, 834.67, 282.0, 859.0, 282.0, 859.0, 299.0, 835.2, 299.85, 810.42, 299.71, 786.0, 299.0]
rec: CARLTON..................
text_instance: 5
bbox: [416, 184, 289, 82]
bezier_pts: [416.0, 218.0, 506.99, 165.26, 615.82, 176.61, 704.0, 225.0, 681.0, 264.0, 605.87, 221.88, 514.43, 224.95, 434.0, 265.0]
rec: POKIES...................
text_instance: 6
bbox: [252, 286, 71, 16]
bezier_pts: [254.0, 287.0, 276.76, 287.71, 299.04, 284.78, 322.0, 288.0, 321.0, 300.0, 298.68, 301.96, 274.8, 300.9, 252.0, 299.0]
rec: CARLTON..................
text_instance: 7
bbox: [256, 300, 63, 12]
bezier_pts: [256.0, 300.0, 276.67, 300.0, 297.33, 300.0, 318.0, 300.0, 316.0, 311.0, 296.0, 311.0, 276.0, 311.0, 256.0, 311.0]
rec: DRAUGHT..................
text_instance: 8
bbox: [398, 341, 58, 28]
bezier_pts: [400.0, 343.0, 418.86, 344.35, 434.7, 338.79, 453.0, 342.0, 455.0, 366.0, 436.31, 367.77, 416.83, 367.51, 398.0, 366.0]
rec: AUG......................
text_instance: 9
bbox: [455, 342, 118, 26]
bezier_pts: [458.0, 342.0, 495.67, 342.33, 533.33, 342.67, 571.0, 343.0, 572.0, 365.0, 532.64, 366.8, 493.98, 366.59, 455.0, 365.0]
rec: STUDENT..................
text_instance: 10
bbox: [575, 343, 127, 26]
bezier_pts: [576.0, 343.0, 616.67, 343.0, 657.33, 343.0, 698.0, 343.0, 701.0, 366.0, 658.91, 368.11, 616.83, 367.47, 575.0, 364.0]
rec: SERVICES.................
text_instance: 11
bbox: [356, 373, 125, 23]
bezier_pts: [358.0, 373.0, 398.33, 373.33, 438.67, 373.67, 479.0, 374.0, 480.0, 395.0, 438.56, 394.87, 397.67, 395.51, 356.0, 394.0]
rec: MARKET...................
text_instance: 12
bbox: [484, 373, 92, 24]
bezier_pts: [484.0, 374.0, 512.33, 373.67, 540.67, 373.33, 569.0, 373.0, 575.0, 394.0, 545.47, 396.11, 514.16, 395.93, 485.0, 394.0]
rec: PLAZA....................
text_instance: 13
bbox: [580, 375, 164, 24]
bezier_pts: [582.0, 375.0, 635.67, 375.0, 689.33, 375.0, 743.0, 375.0, 743.0, 398.0, 689.68, 397.43, 634.59, 397.45, 580.0, 394.0]
rec: PHARMACY.................
text_instance: 14
bbox: [535, 486, 63, 28]
bezier_pts: [535.0, 486.0, 554.0, 487.0, 573.0, 488.0, 592.0, 489.0, 597.0, 513.0, 576.33, 512.33, 555.67, 511.67, 535.0, 511.0]
rec: Lang.....................
text_instance: 15
bbox: [596, 485, 67, 24]
bezier_pts: [598.0, 485.0, 619.33, 485.34, 640.67, 483.89, 662.0, 486.0, 662.0, 508.0, 640.0, 508.0, 618.0, 508.0, 596.0, 508.0]
rec: Shoes....................
text_instance: 16
bbox: [903, 561, 43, 18]
bezier_pts: [903.0, 561.0, 916.33, 561.67, 929.67, 562.33, 943.0, 563.0, 945.0, 576.0, 930.9, 578.58, 916.98, 578.81, 903.0, 577.0]
rec: sale.....................
text_instance: 17
bbox: [1034, 482, 43, 39]
bezier_pts: [1034.0, 484.0, 1047.33, 480.11, 1060.67, 481.55, 1074.0, 483.0, 1076.0, 517.0, 1062.37, 520.27, 1048.92, 521.01, 1035.0, 519.0]
rec: AL.......................
