text_instance: 0
bbox: [488, 682, 419, 428]
bezier_pts: [488.0, 1078.0, 527.18, 859.3, 694.84, 769.79, 860.0, 682.0, 906.0, 804.0, 741.85, 843.41, 644.11, 940.08, 607.0, 1109.0]
rec: WORLD....................
text_instance: 1
bbox: [947, 719, 470, 437]
bezier_pts: [948.0, 719.0, 1203.81, 712.99, 1392.63, 874.07, 1416.0, 1132.0, 1305.0, 1155.0, 1289.14, 934.63, 1126.39, 837.93, 947.0, 822.0]
rec: FAMOUS...................
text_instance: 2
bbox: [549, 1240, 385, 306]
bezier_pts: [644.0, 1240.0, 698.69, 1353.56, 816.08, 1411.18, 933.0, 1441.0, 909.0, 1545.0, 738.65, 1503.87, 612.73, 1439.92, 549.0, 1277.0]
rec: SINCE....................
text_instance: 3
bbox: [1040, 1246, 327, 291]
bezier_pts: [1040.0, 1432.0, 1141.15, 1388.02, 1228.46, 1331.57, 1296.0, 1246.0, 1366.0, 1335.0, 1312.8, 1455.89, 1201.87, 1500.32, 1089.0, 1536.0]
rec: 1957.....................
text_instance: 4
bbox: [739, 1012, 455, 239]
bezier_pts: [739.0, 1012.0, 888.47, 1012.19, 1040.73, 1020.38, 1191.0, 1032.0, 1193.0, 1247.0, 1043.0, 1241.33, 893.0, 1235.67, 743.0, 1230.0]
rec: PS.......................
