text_instance: 0
bbox: [100, 103, 67, 107]
bezier_pts: [100.0, 204.0, 109.25, 167.13, 114.66, 128.27, 149.0, 103.0, 166.0, 122.0, 135.54, 144.64, 135.12, 172.81, 130.0, 209.0]
rec: BLACK....................
text_instance: 1
bbox: [158, 83, 84, 40]
bezier_pts: [158.0, 97.0, 183.89, 84.1, 213.21, 82.02, 241.0, 83.0, 241.0, 107.0, 215.57, 106.28, 190.73, 107.9, 170.0, 122.0]
rec: STAR.....................
text_instance: 2
bbox: [244, 83, 81, 76]
bezier_pts: [253.0, 83.0, 279.07, 100.15, 308.98, 114.31, 324.0, 144.0, 293.0, 158.0, 283.58, 135.49, 271.17, 114.55, 244.0, 114.0]
rec: LIONS....................
text_instance: 3
bbox: [298, 148, 34, 61]
bezier_pts: [325.0, 148.0, 334.1, 166.86, 331.42, 186.36, 330.0, 207.0, 304.0, 208.0, 307.88, 191.92, 306.68, 173.72, 298.0, 159.0]
rec: LTD......................
text_instance: 4
bbox: [121, 262, 133, 31]
bezier_pts: [129.0, 262.0, 170.33, 263.0, 211.67, 264.0, 253.0, 265.0, 251.0, 292.0, 207.37, 291.92, 163.17, 292.56, 121.0, 291.0]
rec: Garden...................
text_instance: 5
bbox: [255, 261, 85, 34]
bezier_pts: [256.0, 261.0, 283.67, 261.33, 311.33, 261.67, 339.0, 262.0, 332.0, 291.0, 306.33, 292.0, 280.67, 293.0, 255.0, 294.0]
rec: Cafe.....................
text_instance: 6
bbox: [91, 295, 235, 30]
bezier_pts: [104.0, 295.0, 177.67, 295.33, 251.33, 295.67, 325.0, 296.0, 319.0, 323.0, 243.0, 323.33, 167.0, 323.67, 91.0, 324.0]
rec: Accomodation.............
text_instance: 7
bbox: [90, 322, 227, 34]
bezier_pts: [95.0, 322.0, 168.67, 322.67, 242.33, 323.33, 316.0, 324.0, 310.0, 351.0, 236.38, 354.43, 163.89, 354.64, 90.0, 354.0]
rec: Entertainment............
text_instance: 8
bbox: [116, 354, 233, 30]
bezier_pts: [116.0, 354.0, 193.33, 355.0, 270.67, 356.0, 348.0, 357.0, 341.0, 383.0, 267.58, 382.42, 191.6, 381.97, 116.0, 378.0]
rec: Communication............
text_instance: 9
bbox: [134, 380, 158, 26]
bezier_pts: [139.0, 381.0, 189.67, 380.67, 240.33, 380.33, 291.0, 380.0, 287.0, 405.0, 236.0, 403.0, 185.0, 401.0, 134.0, 399.0]
rec: 0244817459...............
text_instance: 10
bbox: [104, 402, 79, 66]
bezier_pts: [129.0, 402.0, 139.17, 425.55, 157.32, 438.07, 182.0, 439.0, 178.0, 467.0, 146.95, 459.44, 117.97, 441.03, 104.0, 409.0]
rec: ASARO....................
text_instance: 11
bbox: [241, 397, 94, 75]
bezier_pts: [242.0, 444.0, 275.23, 441.18, 300.82, 428.55, 316.0, 397.0, 334.0, 410.0, 321.32, 454.41, 282.87, 467.87, 241.0, 471.0]
rec: AKWAMU...................
