text_instance: 0
bbox: [238, 50, 393, 105]
bezier_pts: [256.0, 103.0, 385.29, 83.93, 507.24, 68.91, 630.0, 50.0, 626.0, 88.0, 490.56, 87.22, 364.53, 114.72, 238.0, 154.0]
rec: SABRETT..................
text_instance: 1
bbox: [104, 191, 559, 126]
bezier_pts: [104.0, 222.0, 280.17, 186.17, 480.38, 182.4, 662.0, 200.0, 646.0, 298.0, 460.65, 271.47, 288.87, 295.92, 112.0, 316.0]
rec: SABRETT..................
text_instance: 2
bbox: [56, 902, 921, 303]
bezier_pts: [56.0, 1088.0, 335.79, 902.07, 675.87, 930.68, 976.0, 902.0, 948.0, 999.0, 652.65, 1014.61, 363.82, 1074.52, 106.0, 1204.0]
rec: SABRETT..................
text_instance: 3
bbox: [760, 212, 107, 57]
bezier_pts: [760.0, 230.0, 795.33, 224.0, 830.67, 218.0, 866.0, 212.0, 864.0, 264.0, 834.0, 265.33, 804.0, 266.67, 774.0, 268.0]
rec: WERE.....................
text_instance: 4
bbox: [970, 208, 63, 51]
bezier_pts: [970.0, 208.0, 990.67, 210.0, 1011.33, 212.0, 1032.0, 214.0, 1030.0, 258.0, 1011.33, 258.0, 992.67, 258.0, 974.0, 258.0]
rec: ROL......................
text_instance: 5
bbox: [546, 1170, 121, 69]
bezier_pts: [560.0, 1170.0, 595.33, 1177.33, 630.67, 1184.67, 666.0, 1192.0, 658.0, 1238.0, 620.67, 1230.67, 583.33, 1223.33, 546.0, 1216.0]
rec: 200c.....................
text_instance: 6
bbox: [696, 1164, 187, 75]
bezier_pts: [696.0, 1186.0, 756.0, 1178.67, 816.0, 1171.33, 876.0, 1164.0, 882.0, 1210.0, 821.27, 1222.22, 760.15, 1231.56, 698.0, 1238.0]
rec: SPECIALc.................
text_instance: 7
bbox: [362, 1380, 191, 65]
bezier_pts: [362.0, 1394.0, 425.33, 1389.33, 488.67, 1384.67, 552.0, 1380.0, 550.0, 1440.0, 488.67, 1443.11, 427.33, 1444.45, 366.0, 1444.0]
rec: ROLL.....................
text_instance: 8
bbox: [444, 1258, 105, 79]
bezier_pts: [482.0, 1258.0, 504.0, 1268.67, 526.0, 1279.33, 548.0, 1290.0, 520.0, 1336.0, 493.35, 1326.99, 468.73, 1314.66, 444.0, 1304.0]
rec: ALL......................
text_instance: 9
bbox: [560, 1300, 113, 75]
bezier_pts: [574.0, 1300.0, 606.67, 1308.67, 639.33, 1317.33, 672.0, 1326.0, 642.0, 1374.0, 613.53, 1367.19, 586.45, 1357.97, 560.0, 1346.0]
rec: DAY......................
text_instance: 10
bbox: [684, 1330, 275, 60]
bezier_pts: [704.0, 1336.0, 788.67, 1334.0, 873.33, 1332.0, 958.0, 1330.0, 952.0, 1386.0, 862.64, 1386.4, 773.8, 1387.02, 684.0, 1384.0]
rec: EVERYDAY.................
text_instance: 11
bbox: [724, 1252, 95, 31]
bezier_pts: [726.0, 1254.0, 755.33, 1253.33, 784.67, 1252.67, 814.0, 1252.0, 818.0, 1278.0, 786.67, 1279.33, 755.33, 1280.67, 724.0, 1282.0]
rec: INCLUDES.................
text_instance: 12
bbox: [830, 1244, 53, 35]
bezier_pts: [830.0, 1250.0, 846.0, 1248.0, 862.0, 1246.0, 878.0, 1244.0, 882.0, 1272.0, 864.67, 1274.0, 847.33, 1276.0, 830.0, 1278.0]
rec: SOFT.....................
text_instance: 13
bbox: [886, 1240, 65, 33]
bezier_pts: [886.0, 1242.0, 906.0, 1241.33, 926.0, 1240.67, 946.0, 1240.0, 950.0, 1264.0, 928.67, 1266.67, 907.33, 1269.33, 886.0, 1272.0]
rec: DRINK....................
text_instance: 14
bbox: [828, 1268, 75, 37]
bezier_pts: [828.0, 1282.0, 852.67, 1277.33, 877.33, 1272.67, 902.0, 1268.0, 894.0, 1296.0, 874.0, 1298.67, 854.0, 1301.33, 834.0, 1304.0]
rec: POTATO...................
text_instance: 15
bbox: [902, 1268, 65, 31]
bezier_pts: [902.0, 1272.0, 923.33, 1270.67, 944.67, 1269.33, 966.0, 1268.0, 964.0, 1298.0, 943.33, 1297.33, 922.67, 1296.67, 902.0, 1296.0]
rec: CHIPS....................
text_instance: 16
bbox: [875, 214, 53, 48]
bezier_pts: [875.0, 218.0, 891.61, 214.76, 909.39, 213.21, 926.0, 215.0, 927.0, 257.0, 909.67, 258.33, 892.33, 259.67, 875.0, 261.0]
rec: ON.......................
text_instance: 17
bbox: [929, 216, 39, 43]
bezier_pts: [929.0, 217.0, 941.65, 217.44, 954.52, 215.65, 967.0, 218.0, 964.0, 256.0, 952.14, 257.97, 941.05, 259.08, 929.0, 257.0]
rec: A........................
text_instance: 18
bbox: [606, 395, 57, 26]
bezier_pts: [606.0, 400.0, 622.16, 396.62, 639.82, 396.97, 657.0, 395.0, 662.0, 413.0, 644.52, 417.44, 627.05, 419.82, 609.0, 420.0]
rec: Lays.....................
text_instance: 19
bbox: [829, 1302, 42, 25]
bezier_pts: [829.0, 1306.0, 842.19, 1303.14, 856.0, 1300.72, 870.0, 1303.0, 867.0, 1322.0, 854.39, 1325.13, 841.71, 1326.44, 829.0, 1326.0]
rec: HOT......................
text_instance: 20
bbox: [875, 1299, 43, 22]
bezier_pts: [875.0, 1303.0, 889.07, 1298.01, 902.65, 1297.71, 917.0, 1300.0, 916.0, 1319.0, 902.33, 1319.33, 888.67, 1319.67, 875.0, 1320.0]
rec: DOG......................
text_instance: 21
bbox: [78, 1308, 128, 63]
bezier_pts: [83.0, 1308.0, 123.67, 1308.33, 164.33, 1308.67, 205.0, 1309.0, 203.0, 1368.0, 161.36, 1369.29, 118.98, 1369.96, 78.0, 1369.0]
rec: WE.......................
text_instance: 22
bbox: [243, 1304, 112, 67]
bezier_pts: [247.0, 1305.0, 283.54, 1302.17, 317.49, 1306.25, 354.0, 1306.0, 346.0, 1366.0, 312.7, 1369.36, 277.23, 1370.64, 243.0, 1370.0]
rec: RE.......................
text_instance: 23
bbox: [81, 1387, 126, 66]
bezier_pts: [86.0, 1389.0, 126.0, 1386.99, 166.0, 1387.66, 206.0, 1391.0, 205.0, 1452.0, 163.67, 1452.0, 122.33, 1452.0, 81.0, 1452.0]
rec: ON.......................
text_instance: 24
bbox: [249, 1388, 74, 61]
bezier_pts: [255.0, 1390.0, 276.6, 1388.64, 296.72, 1385.87, 318.0, 1392.0, 322.0, 1447.0, 298.12, 1447.38, 273.15, 1447.92, 249.0, 1445.0]
rec: A........................
text_instance: 25
bbox: [253, 800, 64, 29]
bezier_pts: [256.0, 803.0, 276.42, 802.46, 295.86, 796.07, 316.0, 803.0, 313.0, 819.0, 292.59, 823.19, 272.8, 827.18, 253.0, 828.0]
rec: Fritos...................
text_instance: 26
bbox: [439, 779, 32, 39]
bezier_pts: [439.0, 796.0, 446.43, 790.81, 451.7, 783.42, 460.0, 779.0, 470.0, 795.0, 462.31, 803.04, 454.63, 809.99, 446.0, 817.0]
rec: Vgo......................
text_instance: 27
bbox: [473, 773, 45, 55]
bezier_pts: [473.0, 803.0, 485.99, 793.93, 495.61, 782.41, 509.0, 773.0, 517.0, 793.0, 506.91, 806.26, 495.19, 817.62, 482.0, 827.0]
rec: aygo.....................
