text_instance: 0
bbox: [33, 30, 72, 26]
bezier_pts: [33.0, 40.0, 56.64, 23.94, 82.09, 24.59, 104.0, 42.0, 99.0, 55.0, 79.73, 42.32, 57.1, 43.14, 39.0, 55.0]
rec: RHONDAS..................
text_instance: 1
bbox: [107, 54, 63, 32]
bezier_pts: [107.0, 54.0, 127.0, 54.0, 147.0, 54.0, 167.0, 54.0, 169.0, 81.0, 150.51, 91.77, 128.71, 82.75, 110.0, 81.0]
rec: DOG......................
text_instance: 2
bbox: [36, 84, 165, 31]
bezier_pts: [36.0, 86.0, 90.33, 85.33, 144.67, 84.67, 199.0, 84.0, 200.0, 113.0, 145.33, 113.33, 90.67, 113.67, 36.0, 114.0]
rec: GROOMING.................
text_instance: 3
bbox: [65, 114, 44, 18]
bezier_pts: [65.0, 115.0, 79.8, 113.26, 94.03, 113.13, 108.0, 115.0, 108.0, 130.0, 93.61, 131.62, 79.8, 130.89, 65.0, 131.0]
rec: 389......................
text_instance: 4
bbox: [115, 114, 59, 18]
bezier_pts: [116.0, 115.0, 134.36, 112.88, 154.14, 114.36, 173.0, 114.0, 173.0, 130.0, 154.12, 131.63, 134.04, 130.93, 115.0, 131.0]
rec: 9962.....................
