text_instance: 0
bbox: [22, 579, 1279, 483]
bezier_pts: [22.0, 897.0, 423.06, 580.35, 876.73, 553.92, 1300.0, 848.0, 1194.0, 1050.0, 846.9, 753.6, 445.06, 764.57, 108.0, 1061.0]
rec: BARIAS...................
text_instance: 1
bbox: [380, 893, 283, 123]
bezier_pts: [398.0, 896.0, 486.0, 895.0, 574.0, 894.0, 662.0, 893.0, 644.0, 1004.0, 555.8, 1009.69, 468.02, 1012.68, 380.0, 1013.0]
rec: Simply...................
text_instance: 2
bbox: [668, 884, 289, 96]
bezier_pts: [680.0, 899.0, 772.42, 885.18, 863.58, 888.48, 956.0, 884.0, 947.0, 965.0, 854.47, 971.92, 761.76, 975.95, 668.0, 977.0]
rec: Divine...................
text_instance: 3
bbox: [479, 1079, 189, 206]
bezier_pts: [488.0, 1083.0, 548.37, 1080.11, 607.01, 1077.57, 667.0, 1082.0, 667.0, 1279.0, 604.37, 1282.68, 542.03, 1283.3, 479.0, 1281.0]
rec: VEG......................
text_instance: 4
bbox: [79, 1367, 215, 96]
bezier_pts: [95.0, 1367.0, 161.0, 1375.0, 227.0, 1383.0, 293.0, 1391.0, 285.0, 1462.0, 216.33, 1456.67, 147.67, 1451.33, 79.0, 1446.0]
rec: Da.......................
text_instance: 5
bbox: [228, 1087, 112, 204]
bezier_pts: [252.0, 1087.0, 281.0, 1087.33, 310.0, 1087.67, 339.0, 1088.0, 323.0, 1290.0, 291.33, 1287.67, 259.67, 1285.33, 228.0, 1283.0]
rec: N........................
