text_instance: 0
bbox: [216, 389, 82, 76]
bezier_pts: [216.0, 424.0, 234.2, 408.01, 256.12, 400.91, 276.0, 389.0, 297.0, 430.0, 278.33, 441.33, 259.67, 452.67, 241.0, 464.0]
rec: ST.......................
text_instance: 1
bbox: [301, 372, 237, 171]
bezier_pts: [301.0, 376.0, 412.57, 356.36, 523.12, 392.7, 537.0, 524.0, 493.0, 542.0, 485.73, 436.68, 405.35, 394.69, 309.0, 422.0]
rec: DALFOUR..................
text_instance: 2
bbox: [289, 448, 177, 112]
bezier_pts: [303.0, 448.0, 370.58, 438.1, 421.96, 461.8, 465.0, 518.0, 418.0, 559.0, 401.66, 494.21, 346.16, 484.11, 289.0, 484.0]
rec: SHAUN....................
text_instance: 3
bbox: [161, 532, 243, 187]
bezier_pts: [403.0, 718.0, 254.69, 757.85, 179.08, 675.29, 161.0, 541.0, 214.0, 532.0, 221.43, 639.79, 296.17, 695.3, 399.0, 673.0]
rec: DALFOUR..................
text_instance: 4
bbox: [418, 620, 78, 76]
bezier_pts: [495.0, 649.0, 477.29, 667.98, 455.15, 679.41, 436.0, 695.0, 418.0, 653.0, 433.0, 642.0, 448.0, 631.0, 463.0, 620.0]
rec: ST.......................
text_instance: 5
bbox: [350, 581, 38, 39]
bezier_pts: [355.0, 618.0, 356.98, 604.8, 350.39, 593.96, 350.0, 581.0, 378.0, 581.0, 374.88, 588.17, 379.86, 603.58, 387.0, 619.0]
rec: 28.......................
