text_instance: 0
bbox: [72, 130, 110, 52]
bezier_pts: [72.0, 130.0, 106.33, 130.33, 140.67, 130.67, 175.0, 131.0, 181.0, 181.0, 144.67, 181.0, 108.33, 181.0, 72.0, 181.0]
rec: HOME.....................
text_instance: 1
bbox: [265, 132, 72, 50]
bezier_pts: [265.0, 133.0, 288.0, 132.67, 311.0, 132.33, 334.0, 132.0, 336.0, 180.0, 313.93, 180.2, 292.36, 180.47, 270.0, 178.0]
rec: THE......................
text_instance: 2
bbox: [354, 131, 153, 52]
bezier_pts: [358.0, 131.0, 406.67, 131.0, 455.33, 131.0, 504.0, 131.0, 506.0, 179.0, 456.27, 181.86, 405.02, 181.21, 354.0, 182.0]
rec: FAMOUS...................
text_instance: 3
bbox: [210, 185, 160, 51]
bezier_pts: [210.0, 186.0, 263.0, 185.67, 316.0, 185.33, 369.0, 185.0, 369.0, 234.0, 317.58, 235.63, 264.47, 234.59, 214.0, 234.0]
rec: JALAMA...................
text_instance: 4
bbox: [77, 241, 416, 119]
bezier_pts: [77.0, 300.0, 211.75, 216.99, 358.97, 222.66, 492.0, 301.0, 471.0, 359.0, 354.03, 297.46, 222.8, 293.91, 104.0, 359.0]
rec: HAMBURGER................
text_instance: 5
bbox: [197, 132, 65, 52]
bezier_pts: [201.0, 132.0, 218.67, 132.0, 236.33, 132.0, 254.0, 132.0, 261.0, 182.0, 239.67, 182.33, 218.33, 182.67, 197.0, 183.0]
rec: OF.......................
