text_instance: 0
bbox: [320, 480, 40, 27]
bezier_pts: [324.0, 480.0, 336.53, 483.72, 351.7, 485.01, 359.0, 497.0, 345.0, 506.0, 340.62, 493.87, 333.72, 493.74, 320.0, 494.0]
rec: LOVE.....................
text_instance: 1
bbox: [340, 500, 28, 61]
bezier_pts: [360.0, 500.0, 376.06, 521.91, 365.54, 545.91, 344.0, 560.0, 340.0, 549.0, 354.81, 536.73, 358.52, 520.06, 350.0, 503.0]
rec: ULTIMATE.................
text_instance: 2
bbox: [286, 493, 41, 71]
bezier_pts: [304.0, 498.0, 289.86, 524.12, 296.65, 545.09, 326.0, 553.0, 323.0, 563.0, 286.64, 555.67, 271.5, 521.69, 299.0, 493.0]
rec: XCOMSPORTS...............
