text_instance: 0
bbox: [161, 299, 66, 33]
bezier_pts: [161.0, 299.0, 182.67, 299.0, 204.33, 299.0, 226.0, 299.0, 226.0, 330.0, 204.33, 330.0, 182.67, 330.0, 161.0, 330.0]
rec: RIDE.....................
text_instance: 1
bbox: [299, 306, 42, 31]
bezier_pts: [299.0, 306.0, 312.67, 306.0, 326.33, 306.0, 340.0, 306.0, 340.0, 336.0, 326.33, 336.0, 312.67, 336.0, 299.0, 336.0]
rec: 325......................
text_instance: 2
bbox: [338, 307, 44, 33]
bezier_pts: [338.0, 307.0, 352.33, 307.0, 366.67, 307.0, 381.0, 307.0, 381.0, 339.0, 366.67, 339.0, 352.33, 339.0, 338.0, 339.0]
rec: ALL......................
text_instance: 3
bbox: [128, 155, 391, 141]
bezier_pts: [133.0, 170.0, 264.96, 161.87, 391.3, 129.82, 505.0, 211.0, 518.0, 295.0, 392.39, 253.05, 255.28, 252.95, 128.0, 268.0]
rec: Carowinds................
text_instance: 4
bbox: [228, 303, 66, 33]
bezier_pts: [232.0, 303.0, 252.33, 304.33, 272.67, 305.67, 293.0, 307.0, 292.0, 335.0, 271.12, 334.09, 249.34, 334.43, 228.0, 331.0]
rec: FURY.....................
text_instance: 5
bbox: [385, 310, 86, 34]
bezier_pts: [385.0, 310.0, 412.0, 312.33, 439.0, 314.67, 466.0, 317.0, 470.0, 343.0, 442.33, 341.67, 414.67, 340.33, 387.0, 339.0]
rec: SEASON...................
text_instance: 6
bbox: [160, 338, 72, 34]
bezier_pts: [160.0, 338.0, 183.67, 338.67, 207.33, 339.33, 231.0, 340.0, 231.0, 371.0, 207.03, 370.55, 183.71, 369.62, 160.0, 368.0]
rec: WITH.....................
text_instance: 7
bbox: [233, 342, 25, 27]
bezier_pts: [234.0, 344.0, 241.0, 343.33, 248.0, 342.67, 255.0, 342.0, 257.0, 368.0, 249.0, 368.0, 241.0, 368.0, 233.0, 368.0]
rec: A........................
text_instance: 8
bbox: [256, 340, 68, 34]
bezier_pts: [256.0, 340.0, 278.05, 343.15, 302.07, 337.52, 323.0, 344.0, 320.0, 373.0, 299.67, 373.0, 279.33, 373.0, 259.0, 373.0]
rec: GOLD.....................
text_instance: 9
bbox: [325, 344, 90, 38]
bezier_pts: [326.0, 344.0, 355.33, 345.0, 384.67, 346.0, 414.0, 347.0, 414.0, 379.0, 383.03, 372.2, 354.02, 392.31, 325.0, 372.0]
rec: SEASON...................
text_instance: 10
bbox: [416, 347, 58, 32]
bezier_pts: [416.0, 347.0, 433.7, 361.89, 454.69, 338.96, 473.0, 352.0, 472.0, 377.0, 453.71, 377.56, 436.38, 379.01, 418.0, 377.0]
rec: PASS.....................
