text_instance: 0
bbox: [5, 6, 323, 53]
bezier_pts: [6.0, 6.0, 113.0, 6.33, 220.0, 6.67, 327.0, 7.0, 327.0, 53.0, 216.75, 60.77, 109.7, 58.86, 5.0, 54.0]
rec: GARBOS...................
text_instance: 1
bbox: [94, 160, 144, 50]
bezier_pts: [94.0, 189.0, 135.92, 147.64, 195.39, 147.72, 237.0, 192.0, 217.0, 209.0, 185.84, 170.75, 144.85, 174.31, 110.0, 209.0]
rec: GARBOS...................
text_instance: 2
bbox: [79, 227, 73, 19]
bezier_pts: [79.0, 227.0, 103.0, 227.67, 127.0, 228.33, 151.0, 229.0, 151.0, 242.0, 127.87, 244.71, 105.12, 243.9, 81.0, 242.0]
rec: Swedish..................
text_instance: 3
bbox: [156, 229, 94, 18]
bezier_pts: [156.0, 229.0, 187.0, 229.67, 218.0, 230.33, 249.0, 231.0, 247.0, 242.0, 217.17, 250.03, 189.65, 246.05, 160.0, 242.0]
rec: Restaurant...............
