text_instance: 0
bbox: [17, 335, 169, 34]
bezier_pts: [17.0, 335.0, 73.0, 338.33, 129.0, 341.67, 185.0, 345.0, 185.0, 368.0, 129.72, 364.72, 73.58, 361.34, 18.0, 357.0]
rec: Thailand.................
text_instance: 1
bbox: [340, 139, 161, 89]
bezier_pts: [352.0, 139.0, 389.16, 183.08, 445.0, 191.59, 500.0, 198.0, 492.0, 227.0, 441.33, 212.0, 390.67, 197.0, 340.0, 182.0]
rec: Thailand.................
text_instance: 2
bbox: [347, 678, 64, 41]
bezier_pts: [347.0, 705.0, 364.0, 696.0, 381.0, 687.0, 398.0, 678.0, 410.0, 692.0, 394.52, 701.96, 377.82, 711.08, 361.0, 718.0]
rec: THAI.....................
text_instance: 3
bbox: [373, 758, 61, 36]
bezier_pts: [373.0, 763.0, 391.33, 761.33, 409.67, 759.67, 428.0, 758.0, 433.0, 781.0, 415.33, 784.33, 397.67, 787.67, 380.0, 791.0]
rec: Highlands................
text_instance: 4
bbox: [222, 857, 32, 49]
bezier_pts: [232.0, 905.0, 255.75, 845.7, 239.7, 867.82, 253.0, 899.0, 246.0, 857.0, 217.9, 916.62, 236.78, 898.84, 222.0, 857.0]
rec: Bali.....................
text_instance: 5
bbox: [152, 398, 71, 100]
bezier_pts: [169.0, 398.0, 200.31, 424.36, 220.83, 454.72, 222.0, 497.0, 200.0, 497.0, 203.55, 462.56, 179.44, 433.7, 152.0, 414.0]
rec: HatYai...................
text_instance: 6
bbox: [4, 503, 17, 56]
bezier_pts: [4.0, 504.0, 8.0, 503.67, 12.0, 503.33, 16.0, 503.0, 20.0, 555.0, 15.0, 556.0, 10.0, 557.0, 5.0, 558.0]
rec: MoLoew...................
text_instance: 7
bbox: [4, 630, 124, 32]
bezier_pts: [5.0, 630.0, 45.67, 635.0, 86.33, 640.0, 127.0, 645.0, 123.0, 661.0, 83.33, 654.67, 43.67, 648.33, 4.0, 642.0]
rec: anaraforhow..............
