text_instance: 0
bbox: [209, 42, 66, 43]
bezier_pts: [209.0, 42.0, 230.4, 45.03, 253.08, 39.17, 273.0, 49.0, 274.0, 82.0, 251.44, 87.46, 232.16, 80.78, 212.0, 76.0]
rec: THE......................
text_instance: 1
bbox: [16, 89, 367, 139]
bezier_pts: [16.0, 149.0, 131.31, 83.55, 276.37, 54.15, 382.0, 148.0, 367.0, 207.0, 267.0, 160.32, 153.67, 188.35, 59.0, 227.0]
rec: BULLPEN..................
text_instance: 2
bbox: [166, 215, 55, 29]
bezier_pts: [166.0, 217.0, 184.0, 216.33, 202.0, 215.67, 220.0, 215.0, 218.0, 238.0, 202.67, 239.67, 187.33, 241.33, 172.0, 243.0]
rec: BAR......................
text_instance: 3
bbox: [250, 206, 70, 30]
bezier_pts: [250.0, 212.0, 271.15, 208.53, 293.21, 207.44, 314.0, 206.0, 319.0, 228.0, 298.27, 237.5, 276.18, 235.34, 255.0, 234.0]
rec: GRILLE...................
