text_instance: 0
bbox: [636, 163, 151, 83]
bezier_pts: [636.0, 234.0, 640.73, 131.08, 760.35, 138.89, 786.0, 229.0, 762.0, 245.0, 747.24, 177.37, 666.27, 168.14, 660.0, 241.0]
rec: CRUMPLER.................
text_instance: 1
bbox: [655, 279, 78, 34]
bezier_pts: [665.0, 279.0, 686.0, 284.33, 707.0, 289.67, 728.0, 295.0, 732.0, 311.0, 705.82, 308.72, 680.27, 303.28, 655.0, 295.0]
rec: MELBOURNE................
text_instance: 2
bbox: [731, 283, 28, 27]
bezier_pts: [731.0, 294.0, 736.33, 290.33, 741.67, 286.67, 747.0, 283.0, 758.0, 293.0, 750.55, 299.22, 743.82, 305.37, 735.0, 309.0]
rec: 1995.....................
