text_instance: 0
bbox: [342, 287, 75, 31]
bezier_pts: [342.0, 287.0, 366.67, 287.0, 391.33, 287.0, 416.0, 287.0, 416.0, 317.0, 391.33, 317.0, 366.67, 317.0, 342.0, 317.0]
rec: TM.......................
text_instance: 1
bbox: [22, 305, 40, 16]
bezier_pts: [22.0, 305.0, 35.0, 305.0, 48.0, 305.0, 61.0, 305.0, 61.0, 318.0, 48.0, 318.0, 35.0, 318.0, 22.0, 318.0]
rec: KIOSK....................
text_instance: 2
bbox: [24, 292, 79, 17]
bezier_pts: [24.0, 292.0, 50.0, 292.0, 76.0, 292.0, 102.0, 292.0, 102.0, 306.0, 75.88, 308.56, 50.77, 307.99, 24.0, 306.0]
rec: SELFSERVICE..............
text_instance: 3
bbox: [64, 305, 33, 16]
bezier_pts: [64.0, 305.0, 74.67, 305.0, 85.33, 305.0, 96.0, 305.0, 96.0, 318.0, 85.66, 320.61, 74.88, 320.78, 64.0, 318.0]
rec: SSK......................
text_instance: 4
bbox: [111, 256, 34, 24]
bezier_pts: [111.0, 271.0, 118.18, 258.88, 132.09, 258.59, 144.0, 256.0, 144.0, 267.0, 135.33, 271.0, 126.67, 275.0, 118.0, 279.0]
rec: RELOAD...................
text_instance: 5
bbox: [145, 258, 24, 22]
bezier_pts: [147.0, 258.0, 155.37, 258.62, 161.18, 265.29, 168.0, 270.0, 160.0, 279.0, 155.0, 275.33, 150.0, 271.67, 145.0, 268.0]
rec: HERE.....................
text_instance: 6
bbox: [292, 169, 79, 34]
bezier_pts: [292.0, 174.0, 316.59, 166.77, 343.13, 171.97, 368.0, 169.0, 370.0, 198.0, 344.39, 201.43, 319.67, 201.0, 295.0, 202.0]
rec: CIMB.....................
text_instance: 7
bbox: [375, 163, 79, 37]
bezier_pts: [375.0, 170.0, 399.6, 165.27, 426.24, 164.75, 451.0, 163.0, 453.0, 194.0, 427.55, 196.95, 401.26, 196.78, 376.0, 196.0]
rec: BANK.....................
text_instance: 8
bbox: [295, 219, 73, 30]
bezier_pts: [295.0, 221.0, 318.67, 220.33, 342.33, 219.67, 366.0, 219.0, 367.0, 243.0, 345.31, 244.97, 323.5, 245.85, 301.0, 246.0]
rec: CIMB.....................
text_instance: 9
bbox: [371, 209, 120, 34]
bezier_pts: [371.0, 216.0, 411.18, 206.44, 448.48, 211.9, 490.0, 209.0, 488.0, 239.0, 449.79, 242.54, 411.06, 242.54, 374.0, 242.0]
rec: ISLAMIC..................
text_instance: 10
bbox: [111, 295, 16, 18]
bezier_pts: [118.0, 295.0, 120.74, 298.64, 120.6, 300.92, 126.0, 302.0, 119.0, 312.0, 123.77, 314.38, 108.49, 297.71, 111.0, 302.0]
rec: NO.......................
text_instance: 11
bbox: [122, 305, 36, 15]
bezier_pts: [125.0, 305.0, 136.06, 308.23, 144.66, 314.28, 149.0, 305.0, 157.0, 310.0, 153.52, 320.98, 131.61, 324.3, 122.0, 314.0]
rec: REALOAD..................
text_instance: 12
bbox: [153, 294, 19, 17]
bezier_pts: [153.0, 304.0, 155.67, 300.67, 158.33, 297.33, 161.0, 294.0, 171.0, 301.0, 167.64, 304.3, 163.77, 307.1, 160.0, 310.0]
rec: FEE......................
text_instance: 13
bbox: [107, 319, 15, 15]
bezier_pts: [107.0, 320.0, 111.67, 319.67, 116.33, 319.33, 121.0, 319.0, 120.0, 331.0, 116.4, 333.48, 111.95, 333.81, 108.0, 332.0]
rec: 24.......................
text_instance: 14
bbox: [122, 321, 25, 11]
bezier_pts: [123.0, 321.0, 130.67, 321.0, 138.33, 321.0, 146.0, 321.0, 146.0, 329.0, 138.37, 331.46, 130.02, 331.83, 122.0, 330.0]
rec: hours....................
text_instance: 15
bbox: [146, 318, 30, 15]
bezier_pts: [147.0, 319.0, 156.33, 318.67, 165.67, 318.33, 175.0, 318.0, 168.0, 330.0, 160.8, 332.7, 153.2, 331.54, 146.0, 330.0]
rec: daily....................
