text_instance: 0
bbox: [120, 35, 100, 57]
bezier_pts: [120.0, 78.0, 144.55, 48.92, 180.78, 30.09, 219.0, 35.0, 217.0, 53.0, 182.62, 50.34, 154.78, 69.08, 132.0, 91.0]
rec: MICHAEL..................
text_instance: 1
bbox: [222, 33, 74, 62]
bezier_pts: [226.0, 33.0, 262.09, 31.14, 288.48, 51.77, 295.0, 85.0, 274.0, 94.0, 258.09, 79.79, 242.11, 62.56, 222.0, 54.0]
rec: SYMONS...................
text_instance: 2
bbox: [33, 86, 297, 110]
bezier_pts: [65.0, 86.0, 155.53, 85.38, 244.81, 92.58, 329.0, 101.0, 297.0, 195.0, 210.52, 188.64, 123.71, 202.19, 33.0, 172.0]
rec: Roast....................
text_instance: 3
bbox: [108, 222, 47, 47]
bezier_pts: [124.0, 222.0, 134.0, 228.33, 144.0, 234.67, 154.0, 241.0, 145.0, 268.0, 128.88, 267.66, 112.85, 258.98, 108.0, 246.0]
rec: EST......................
text_instance: 4
bbox: [166, 234, 69, 41]
bezier_pts: [166.0, 246.0, 182.73, 243.91, 205.06, 245.65, 219.0, 234.0, 234.0, 254.0, 216.64, 271.56, 190.78, 278.45, 167.0, 271.0]
rec: 2008.....................
