text_instance: 0
bbox: [110, 366, 469, 241]
bezier_pts: [110.0, 546.0, 238.05, 428.64, 406.08, 367.42, 578.0, 366.0, 578.0, 438.0, 433.21, 477.94, 287.35, 532.64, 163.0, 606.0]
rec: CLINTON..................
text_instance: 1
bbox: [604, 357, 145, 74]
bezier_pts: [604.0, 357.0, 652.86, 359.24, 701.3, 355.16, 748.0, 364.0, 748.0, 430.0, 700.96, 428.47, 652.87, 426.5, 605.0, 424.0]
rec: ST.......................
text_instance: 2
bbox: [804, 364, 388, 246]
bezier_pts: [816.0, 364.0, 958.79, 409.76, 1094.94, 450.54, 1191.0, 566.0, 1159.0, 609.0, 1058.74, 523.84, 939.72, 460.12, 804.0, 438.0]
rec: BAKING...................
text_instance: 3
bbox: [404, 487, 507, 69]
bezier_pts: [404.0, 487.0, 572.67, 487.67, 741.33, 488.33, 910.0, 489.0, 910.0, 549.0, 741.33, 551.0, 572.67, 553.0, 404.0, 555.0]
rec: COMPANY..................
text_instance: 4
bbox: [466, 564, 439, 50]
bezier_pts: [466.0, 565.0, 611.0, 564.67, 756.0, 564.33, 901.0, 564.0, 904.0, 613.0, 759.33, 612.67, 614.67, 612.33, 470.0, 612.0]
rec: RESTAURANT...............
text_instance: 5
bbox: [124, 714, 178, 43]
bezier_pts: [124.0, 714.0, 183.0, 714.33, 242.0, 714.67, 301.0, 715.0, 301.0, 756.0, 243.0, 755.33, 185.0, 754.67, 127.0, 754.0]
rec: www......................
text_instance: 6
bbox: [316, 712, 719, 52]
bezier_pts: [316.0, 712.0, 554.33, 714.0, 792.67, 716.0, 1031.0, 718.0, 1034.0, 759.0, 797.67, 760.33, 561.33, 761.67, 325.0, 763.0]
rec: CLINTONSTREETBAKING......
text_instance: 7
bbox: [637, 240, 92, 102]
bezier_pts: [637.0, 241.0, 667.33, 242.0, 697.67, 243.0, 728.0, 244.0, 728.0, 341.0, 697.67, 340.33, 667.33, 339.67, 637.0, 339.0]
rec: 4........................
text_instance: 8
bbox: [1058, 716, 145, 52]
bezier_pts: [1062.0, 716.0, 1107.33, 717.0, 1152.67, 718.0, 1198.0, 719.0, 1202.0, 767.0, 1154.0, 765.67, 1106.0, 764.33, 1058.0, 763.0]
rec: com......................
