text_instance: 0
bbox: [187, 145, 38, 36]
bezier_pts: [187.0, 161.0, 196.33, 155.67, 205.67, 150.33, 215.0, 145.0, 224.0, 163.0, 215.67, 168.67, 207.33, 174.33, 199.0, 180.0]
rec: LIVE.....................
text_instance: 1
bbox: [218, 127, 41, 36]
bezier_pts: [218.0, 143.0, 227.67, 137.67, 237.33, 132.33, 247.0, 127.0, 258.0, 147.0, 248.33, 152.0, 238.67, 157.0, 229.0, 162.0]
rec: FIGHT....................
text_instance: 2
bbox: [251, 111, 41, 37]
bezier_pts: [251.0, 121.0, 262.67, 117.67, 274.33, 114.33, 286.0, 111.0, 291.0, 131.0, 281.33, 136.33, 271.67, 141.67, 262.0, 147.0]
rec: WORK.....................
text_instance: 3
bbox: [288, 102, 30, 35]
bezier_pts: [288.0, 106.0, 296.0, 104.67, 304.0, 103.33, 312.0, 102.0, 317.0, 126.0, 308.33, 129.33, 299.67, 132.67, 291.0, 136.0]
rec: AND......................
text_instance: 4
bbox: [317, 96, 40, 28]
bezier_pts: [317.0, 101.0, 329.67, 99.33, 342.33, 97.67, 355.0, 96.0, 356.0, 114.0, 345.0, 117.0, 334.0, 120.0, 323.0, 123.0]
rec: STUDY....................
text_instance: 5
bbox: [356, 90, 19, 28]
bezier_pts: [356.0, 92.0, 361.33, 91.33, 366.67, 90.67, 372.0, 90.0, 374.0, 110.0, 370.14, 114.48, 364.7, 116.3, 359.0, 117.0]
rec: AS.......................
text_instance: 6
bbox: [372, 89, 27, 26]
bezier_pts: [375.0, 89.0, 382.67, 89.67, 390.33, 90.33, 398.0, 91.0, 398.0, 113.0, 389.33, 113.33, 380.67, 113.67, 372.0, 114.0]
rec: THE......................
text_instance: 7
bbox: [399, 90, 62, 27]
bezier_pts: [399.0, 90.0, 419.33, 91.67, 439.67, 93.33, 460.0, 95.0, 456.0, 116.0, 437.33, 114.67, 418.67, 113.33, 400.0, 112.0]
rec: EXAMPLE..................
text_instance: 8
bbox: [462, 95, 24, 27]
bezier_pts: [464.0, 95.0, 471.0, 96.0, 478.0, 97.0, 485.0, 98.0, 480.0, 121.0, 474.0, 120.0, 468.0, 119.0, 462.0, 118.0]
rec: SET......................
text_instance: 9
bbox: [481, 99, 24, 27]
bezier_pts: [485.0, 99.0, 491.33, 101.33, 497.67, 103.67, 504.0, 106.0, 495.0, 125.0, 489.87, 122.94, 485.37, 121.4, 481.0, 118.0]
rec: BY.......................
text_instance: 10
bbox: [492, 103, 50, 40]
bezier_pts: [503.0, 103.0, 515.67, 107.33, 528.33, 111.67, 541.0, 116.0, 532.0, 142.0, 518.67, 136.67, 505.33, 131.33, 492.0, 126.0]
rec: GREAT....................
text_instance: 11
bbox: [536, 118, 45, 39]
bezier_pts: [545.0, 118.0, 556.67, 124.0, 568.33, 130.0, 580.0, 136.0, 575.0, 156.0, 562.0, 150.0, 549.0, 144.0, 536.0, 138.0]
rec: UNCLE....................
text_instance: 12
bbox: [575, 135, 24, 31]
bezier_pts: [579.0, 135.0, 585.33, 138.67, 591.67, 142.33, 598.0, 146.0, 586.0, 165.0, 582.33, 162.33, 578.67, 159.67, 575.0, 157.0]
rec: HO.......................
