text_instance: 0
bbox: [160, 360, 92, 68]
bezier_pts: [160.0, 364.0, 188.67, 362.67, 217.33, 361.33, 246.0, 360.0, 251.0, 393.0, 222.42, 395.72, 195.16, 408.28, 172.0, 427.0]
rec: DAC......................
text_instance: 1
bbox: [255, 359, 70, 60]
bezier_pts: [255.0, 359.0, 276.67, 359.33, 298.33, 359.67, 320.0, 360.0, 324.0, 418.0, 301.67, 409.33, 279.33, 400.67, 257.0, 392.0]
rec: BIET.....................
text_instance: 2
bbox: [213, 399, 89, 37]
bezier_pts: [213.0, 417.0, 239.45, 394.37, 272.66, 395.89, 301.0, 410.0, 299.0, 435.0, 272.97, 405.73, 244.15, 418.6, 218.0, 435.0]
rec: MUA2TANG1................
text_instance: 3
bbox: [238, 480, 77, 30]
bezier_pts: [238.0, 487.0, 263.2, 478.08, 288.83, 478.24, 314.0, 482.0, 314.0, 503.0, 291.47, 507.9, 269.59, 509.62, 247.0, 509.0]
rec: Mua2.....................
text_instance: 4
bbox: [178, 457, 52, 31]
bezier_pts: [178.0, 461.0, 194.16, 458.06, 211.82, 456.62, 229.0, 457.0, 229.0, 475.0, 212.0, 479.0, 195.0, 483.0, 178.0, 487.0]
rec: HAPPY....................
text_instance: 5
bbox: [231, 452, 83, 24]
bezier_pts: [231.0, 455.0, 257.67, 451.86, 284.33, 450.08, 311.0, 456.0, 313.0, 474.0, 287.0, 474.33, 261.0, 474.67, 235.0, 475.0]
rec: TEACHER'S................
text_instance: 6
bbox: [312, 456, 26, 19]
bezier_pts: [313.0, 456.0, 321.0, 456.33, 329.0, 456.67, 337.0, 457.0, 336.0, 474.0, 328.33, 473.87, 319.73, 474.56, 312.0, 473.0]
rec: DAY......................
text_instance: 7
bbox: [315, 479, 28, 15]
bezier_pts: [315.0, 479.0, 324.0, 479.0, 333.0, 479.0, 342.0, 479.0, 342.0, 491.0, 333.58, 492.57, 323.78, 491.83, 315.0, 492.0]
rec: LATTE....................
text_instance: 8
bbox: [352, 487, 30, 23]
bezier_pts: [352.0, 497.0, 359.25, 491.53, 368.04, 487.29, 377.0, 487.0, 381.0, 505.0, 374.0, 506.33, 367.0, 507.67, 360.0, 509.0]
rec: LET'S....................
text_instance: 9
bbox: [384, 489, 17, 19]
bezier_pts: [386.0, 489.0, 390.67, 490.33, 395.33, 491.67, 400.0, 493.0, 397.0, 507.0, 392.67, 506.67, 388.33, 506.33, 384.0, 506.0]
rec: BE.......................
text_instance: 10
bbox: [423, 490, 30, 17]
bezier_pts: [423.0, 491.0, 432.0, 490.67, 441.0, 490.33, 450.0, 490.0, 452.0, 505.0, 442.53, 506.62, 432.65, 505.81, 423.0, 506.0]
rec: TODAY....................
