text_instance: 0
bbox: [280, 259, 70, 57]
bezier_pts: [280.0, 298.0, 295.82, 275.45, 321.87, 262.97, 349.0, 259.0, 348.0, 283.0, 328.43, 288.47, 311.43, 293.97, 304.0, 315.0]
rec: HUE......................
text_instance: 1
bbox: [349, 250, 75, 66]
bezier_pts: [354.0, 250.0, 383.51, 256.34, 406.73, 274.47, 423.0, 298.0, 403.0, 315.0, 386.08, 303.68, 373.1, 280.61, 349.0, 286.0]
rec: SIGN.....................
text_instance: 2
bbox: [282, 354, 137, 57]
bezier_pts: [297.0, 354.0, 328.44, 393.71, 370.55, 395.05, 404.0, 356.0, 418.0, 374.0, 375.18, 425.3, 313.97, 426.92, 282.0, 365.0]
rec: COFFEE...................
