text_instance: 0
bbox: [71, 260, 228, 86]
bezier_pts: [98.0, 260.0, 151.94, 278.97, 215.62, 295.44, 271.0, 265.0, 298.0, 312.0, 228.72, 356.83, 140.12, 362.6, 71.0, 308.0]
rec: SABAH....................
text_instance: 1
bbox: [288, 118, 99, 165]
bezier_pts: [384.0, 118.0, 396.02, 182.89, 364.94, 235.12, 327.0, 282.0, 288.0, 250.0, 319.95, 216.65, 337.26, 176.88, 338.0, 131.0]
rec: WIND.....................
text_instance: 2
bbox: [44, 120, 53, 162]
bezier_pts: [59.0, 281.0, 37.36, 230.08, 38.42, 169.96, 66.0, 120.0, 96.0, 123.0, 84.3, 164.18, 77.99, 210.87, 95.0, 251.0]
rec: LAND.....................
text_instance: 3
bbox: [88, 3, 171, 98]
bezier_pts: [88.0, 84.0, 130.73, 34.23, 186.54, -7.73, 258.0, 4.0, 241.0, 41.0, 189.67, 29.32, 146.2, 64.03, 119.0, 100.0]
rec: BELOW....................
text_instance: 4
bbox: [274, 6, 97, 91]
bezier_pts: [290.0, 6.0, 326.78, 9.13, 361.26, 26.89, 370.0, 68.0, 329.0, 96.0, 316.69, 72.55, 295.15, 57.1, 274.0, 40.0]
rec: THE......................
