text_instance: 0
bbox: [382, 251, 1209, 551]
bezier_pts: [382.0, 641.0, 772.0, 385.53, 1210.17, 398.2, 1590.0, 671.0, 1419.0, 801.0, 1156.77, 480.81, 822.28, 469.55, 533.0, 757.0]
rec: SEOUL....................
text_instance: 1
bbox: [766, 537, 416, 163]
bezier_pts: [766.0, 557.0, 899.12, 521.65, 1046.45, 520.87, 1176.0, 560.0, 1181.0, 699.0, 1047.33, 689.67, 913.67, 680.33, 780.0, 671.0]
rec: THE......................
text_instance: 2
bbox: [604, 643, 706, 199]
bezier_pts: [658.0, 667.0, 868.22, 643.83, 1080.44, 621.5, 1284.0, 680.0, 1309.0, 840.0, 1074.0, 834.33, 839.0, 828.67, 604.0, 823.0]
rec: TABLE....................
text_instance: 3
bbox: [589, 812, 744, 318]
bezier_pts: [589.0, 821.0, 834.89, 810.17, 1084.66, 812.56, 1332.0, 829.0, 1330.0, 1075.0, 1097.84, 1160.66, 834.62, 1145.11, 599.0, 1071.0]
rec: BARBEQUE.................
text_instance: 4
bbox: [707, 1084, 508, 228]
bezier_pts: [707.0, 1084.0, 876.0, 1089.67, 1045.0, 1095.33, 1214.0, 1101.0, 1191.0, 1267.0, 1036.63, 1323.09, 860.85, 1342.77, 717.0, 1246.0]
rec: PEOPLE...................
text_instance: 5
bbox: [316, 874, 1345, 699]
bezier_pts: [523.0, 874.0, 813.74, 1141.32, 1170.64, 1146.15, 1466.0, 883.0, 1660.0, 953.0, 1214.81, 1214.4, 736.39, 1193.9, 316.0, 896.0]
rec: GARDEN...................
