text_instance: 0
bbox: [100, 189, 214, 114]
bezier_pts: [100.0, 191.0, 169.45, 179.08, 245.11, 208.19, 311.0, 225.0, 313.0, 281.0, 237.27, 236.96, 182.52, 311.6, 102.0, 302.0]
rec: JUNGLE...................
text_instance: 1
bbox: [325, 208, 181, 87]
bezier_pts: [325.0, 278.0, 368.43, 215.63, 436.12, 194.44, 504.0, 216.0, 505.0, 241.0, 445.22, 227.47, 384.4, 248.61, 346.0, 294.0]
rec: EXPEDITION...............
text_instance: 2
bbox: [187, 267, 222, 107]
bezier_pts: [187.0, 267.0, 272.75, 245.06, 324.47, 337.02, 408.0, 296.0, 407.0, 351.0, 336.93, 362.22, 263.48, 379.55, 192.0, 371.0]
rec: CRUISE...................
text_instance: 3
bbox: [192, 461, 169, 53]
bezier_pts: [192.0, 461.0, 250.05, 473.59, 305.57, 450.59, 360.0, 472.0, 359.0, 513.0, 303.35, 503.57, 245.64, 521.56, 192.0, 500.0]
rec: EXOTIC...................
