text_instance: 0
bbox: [6, 499, 216, 559]
bezier_pts: [11.0, 1057.0, -3.47, 849.61, -5.89, 657.46, 131.0, 499.0, 221.0, 562.0, 136.94, 700.02, 68.2, 879.21, 104.0, 1042.0]
rec: UCUZ.....................
text_instance: 1
bbox: [215, 128, 564, 322]
bezier_pts: [215.0, 371.0, 352.5, 217.36, 530.55, 161.83, 724.0, 128.0, 778.0, 239.0, 582.44, 223.47, 447.54, 325.59, 317.0, 449.0]
rec: PARA.....................
text_instance: 2
bbox: [988, 129, 818, 822]
bezier_pts: [988.0, 129.0, 1427.33, 238.72, 1792.55, 481.96, 1805.0, 950.0, 1665.0, 942.0, 1655.13, 538.74, 1368.22, 305.29, 992.0, 227.0]
rec: TRANSFERi................
text_instance: 3
bbox: [236, 622, 1274, 439]
bezier_pts: [236.0, 670.0, 660.33, 654.0, 1084.67, 638.0, 1509.0, 622.0, 1500.0, 1012.0, 1099.96, 1028.68, 697.47, 1044.51, 296.0, 1060.0]
rec: UPT......................
text_instance: 4
bbox: [601, 1120, 589, 112]
bezier_pts: [601.0, 1141.0, 792.42, 1126.4, 992.17, 1125.86, 1183.0, 1120.0, 1189.0, 1210.0, 997.0, 1217.0, 805.0, 1224.0, 613.0, 1231.0]
rec: UNIVERSAL................
text_instance: 5
bbox: [640, 1249, 514, 115]
bezier_pts: [640.0, 1267.0, 815.22, 1254.77, 978.23, 1253.06, 1147.0, 1249.0, 1153.0, 1327.0, 987.0, 1339.0, 821.0, 1351.0, 655.0, 1363.0]
rec: PAYMENT..................
text_instance: 6
bbox: [625, 1360, 550, 120]
bezier_pts: [634.0, 1393.0, 813.0, 1382.0, 992.0, 1371.0, 1171.0, 1360.0, 1174.0, 1455.0, 991.0, 1463.0, 808.0, 1471.0, 625.0, 1479.0]
rec: TRANSFER.................
text_instance: 7
bbox: [293, 1473, 402, 277]
bezier_pts: [320.0, 1473.0, 414.54, 1574.4, 556.34, 1643.35, 694.0, 1662.0, 661.0, 1749.0, 526.68, 1719.95, 402.15, 1637.11, 293.0, 1563.0]
rec: WWW......................
text_instance: 8
bbox: [730, 1662, 286, 135]
bezier_pts: [751.0, 1662.0, 831.0, 1662.0, 911.0, 1662.0, 991.0, 1662.0, 1015.0, 1767.0, 932.77, 1817.99, 817.7, 1807.92, 730.0, 1773.0]
rec: upt......................
text_instance: 9
bbox: [1051, 1554, 337, 193]
bezier_pts: [1051.0, 1659.0, 1149.67, 1660.94, 1238.63, 1607.94, 1312.0, 1554.0, 1387.0, 1626.0, 1283.19, 1668.74, 1178.07, 1708.89, 1072.0, 1746.0]
rec: com......................
text_instance: 10
bbox: [1379, 1439, 157, 148]
bezier_pts: [1379.0, 1502.0, 1413.83, 1482.26, 1447.74, 1454.45, 1484.0, 1439.0, 1535.0, 1500.0, 1500.33, 1528.67, 1465.67, 1557.33, 1431.0, 1586.0]
rec: tr.......................
