text_instance: 0
bbox: [16, 30, 419, 135]
bezier_pts: [16.0, 81.0, 148.85, 21.91, 294.9, 7.17, 434.0, 59.0, 420.0, 126.0, 311.77, 62.58, 184.4, 106.06, 87.0, 164.0]
rec: MOREYS...................
text_instance: 1
bbox: [450, 75, 180, 180]
bezier_pts: [457.0, 75.0, 523.09, 114.07, 578.27, 156.2, 629.0, 213.0, 609.0, 254.0, 568.62, 201.28, 515.3, 151.94, 450.0, 131.0]
rec: PIERS....................
text_instance: 2
bbox: [449, 360, 80, 44]
bezier_pts: [449.0, 375.0, 472.81, 369.58, 496.84, 362.96, 521.0, 360.0, 528.0, 390.0, 503.97, 395.33, 480.2, 399.59, 455.0, 403.0]
rec: PRETZEL..................
text_instance: 3
bbox: [523, 336, 85, 53]
bezier_pts: [523.0, 355.0, 546.35, 340.59, 573.12, 338.69, 598.0, 336.0, 607.0, 372.0, 583.34, 380.27, 559.04, 385.76, 534.0, 388.0]
rec: STAND....................
text_instance: 4
bbox: [572, 372, 51, 32]
bezier_pts: [572.0, 385.0, 587.83, 380.08, 605.29, 376.3, 622.0, 372.0, 622.0, 391.0, 607.65, 397.82, 592.16, 401.86, 576.0, 403.0]
rec: Everyday.................
text_instance: 5
bbox: [491, 390, 50, 24]
bezier_pts: [491.0, 397.0, 504.67, 394.67, 518.33, 392.33, 532.0, 390.0, 540.0, 408.0, 526.18, 411.34, 511.66, 413.76, 497.0, 413.0]
rec: Hotdogs..................
text_instance: 6
bbox: [457, 395, 43, 26]
bezier_pts: [457.0, 405.0, 469.67, 401.67, 482.33, 398.33, 495.0, 395.0, 499.0, 413.0, 486.56, 418.09, 473.82, 419.44, 461.0, 420.0]
rec: Ratteld..................
