text_instance: 0
bbox: [668, 356, 36, 23]
bezier_pts: [668.0, 358.0, 679.18, 356.31, 690.56, 355.91, 702.0, 356.0, 703.0, 376.0, 691.33, 376.67, 679.67, 377.33, 668.0, 378.0]
rec: M2.......................
text_instance: 1
bbox: [1134, 412, 61, 16]
bezier_pts: [1134.0, 415.0, 1154.0, 414.67, 1174.0, 414.33, 1194.0, 414.0, 1194.0, 426.0, 1174.0, 426.33, 1154.0, 426.67, 1134.0, 427.0]
rec: GUINNESS.................
text_instance: 2
bbox: [642, 379, 55, 22]
bezier_pts: [642.0, 390.0, 657.76, 381.64, 676.83, 381.99, 694.0, 379.0, 696.0, 389.0, 678.67, 392.67, 661.33, 396.33, 644.0, 400.0]
rec: SPORTS...................
text_instance: 3
bbox: [700, 381, 28, 15]
bezier_pts: [701.0, 381.0, 709.95, 380.01, 718.66, 383.2, 727.0, 386.0, 726.0, 395.0, 717.33, 393.0, 708.67, 391.0, 700.0, 389.0]
rec: BAR......................
text_instance: 4
bbox: [182, 423, 83, 18]
bezier_pts: [182.0, 424.0, 209.33, 424.0, 236.67, 424.0, 264.0, 424.0, 264.0, 436.0, 237.0, 437.33, 210.0, 438.67, 183.0, 440.0]
rec: Heineken.................
