text_instance: 0
bbox: [552, 767, 453, 425]
bezier_pts: [552.0, 1143.0, 592.34, 919.92, 772.61, 795.42, 973.0, 767.0, 1004.0, 853.0, 812.65, 871.16, 672.52, 974.13, 650.0, 1191.0]
rec: iSTANBUL.................
text_instance: 1
bbox: [827, 1426, 303, 113]
bezier_pts: [857.0, 1426.0, 934.33, 1428.0, 1011.67, 1430.0, 1089.0, 1432.0, 1129.0, 1511.0, 1033.42, 1558.52, 924.84, 1536.16, 827.0, 1515.0]
rec: 1453.....................
text_instance: 2
bbox: [1040, 780, 386, 637]
bezier_pts: [1054.0, 780.0, 1363.29, 882.92, 1519.88, 1114.69, 1327.0, 1416.0, 1226.0, 1356.0, 1426.49, 1140.36, 1320.99, 917.4, 1040.0, 858.0]
rec: UNIVERSiTESi.............
text_instance: 3
bbox: [568, 1190, 159, 221]
bezier_pts: [681.0, 1410.0, 622.46, 1367.61, 598.37, 1293.18, 568.0, 1231.0, 646.0, 1190.0, 677.18, 1243.05, 685.48, 1298.1, 726.0, 1346.0]
rec: T.C......................
