text_instance: 0
bbox: [25, 86, 118, 78]
bezier_pts: [25.0, 114.0, 56.45, 88.72, 92.87, 86.91, 132.0, 86.0, 142.0, 123.0, 103.8, 107.34, 73.0, 129.81, 57.0, 163.0]
rec: TAPATIO..................
text_instance: 1
bbox: [91, 227, 43, 16]
bezier_pts: [91.0, 229.0, 104.33, 228.33, 117.67, 227.67, 131.0, 227.0, 133.0, 241.0, 118.81, 241.43, 104.93, 241.63, 91.0, 241.0]
rec: SALSA....................
text_instance: 2
bbox: [133, 193, 40, 47]
bezier_pts: [133.0, 227.0, 142.98, 213.3, 152.92, 201.14, 168.0, 193.0, 172.0, 208.0, 160.43, 218.25, 157.44, 235.42, 140.0, 239.0]
rec: PICANTE..................
text_instance: 3
bbox: [114, 247, 30, 21]
bezier_pts: [114.0, 254.0, 122.0, 251.67, 130.0, 249.33, 138.0, 247.0, 143.0, 259.0, 135.74, 263.87, 127.52, 265.9, 119.0, 267.0]
rec: Hot......................
text_instance: 4
bbox: [141, 227, 35, 30]
bezier_pts: [141.0, 243.0, 150.0, 237.67, 159.0, 232.33, 168.0, 227.0, 175.0, 235.0, 172.67, 252.04, 159.61, 254.02, 144.0, 256.0]
rec: Sauce....................
text_instance: 5
bbox: [109, 272, 21, 10]
bezier_pts: [109.0, 272.0, 114.67, 272.0, 120.33, 272.0, 126.0, 272.0, 129.0, 277.0, 123.67, 278.33, 118.33, 279.67, 113.0, 281.0]
rec: FL.......................
text_instance: 6
bbox: [129, 262, 24, 15]
bezier_pts: [129.0, 267.0, 134.04, 264.96, 139.34, 262.7, 145.0, 262.0, 152.0, 268.0, 145.85, 272.29, 139.31, 275.02, 132.0, 276.0]
rec: OZ.......................
text_instance: 7
bbox: [158, 242, 21, 22]
bezier_pts: [158.0, 254.0, 167.35, 244.54, 174.09, 239.54, 175.0, 242.0, 178.0, 251.0, 173.32, 255.87, 169.0, 259.99, 163.0, 263.0]
rec: 148......................
text_instance: 8
bbox: [174, 232, 17, 19]
bezier_pts: [174.0, 241.0, 177.67, 238.0, 181.33, 235.0, 185.0, 232.0, 190.0, 239.0, 187.64, 244.04, 184.31, 247.95, 179.0, 250.0]
rec: ml.......................
