text_instance: 0
bbox: [115, 202, 1652, 466]
bezier_pts: [115.0, 298.0, 663.53, 251.93, 1222.75, 198.6, 1766.0, 202.0, 1760.0, 404.0, 1211.28, 510.1, 659.49, 513.39, 116.0, 667.0]
rec: CAMERONc.................
text_instance: 1
bbox: [1839, 100, 1135, 453]
bezier_pts: [1839.0, 100.0, 2219.9, 79.92, 2611.24, 280.36, 2973.0, 362.0, 2947.0, 552.0, 2580.56, 464.96, 2224.79, 415.17, 1869.0, 488.0]
rec: VALLE....................
text_instance: 2
bbox: [1008, 831, 1215, 385]
bezier_pts: [1008.0, 833.0, 1401.2, 833.56, 1801.41, 934.6, 2205.0, 909.0, 2222.0, 1108.0, 1835.67, 1097.17, 1396.65, 1206.49, 1008.0, 1214.0]
rec: Cameron..................
text_instance: 3
bbox: [1244, 1204, 823, 256]
bezier_pts: [1244.0, 1204.0, 1518.0, 1209.0, 1792.0, 1214.0, 2066.0, 1219.0, 2042.0, 1438.0, 1778.0, 1445.0, 1514.0, 1452.0, 1250.0, 1459.0]
rec: BHARAT...................
text_instance: 4
bbox: [1203, 1493, 879, 231]
bezier_pts: [1279.0, 1496.0, 1517.78, 1621.8, 1792.16, 1566.37, 2035.0, 1493.0, 2081.0, 1600.0, 1800.89, 1787.01, 1467.57, 1780.24, 1203.0, 1601.0]
rec: PLANTATIONS..............
