text_instance: 0
bbox: [236, 36, 195, 84]
bezier_pts: [236.0, 89.0, 295.51, 61.06, 363.25, 49.91, 428.0, 36.0, 430.0, 75.0, 364.03, 68.47, 301.42, 84.95, 248.0, 119.0]
rec: BFDAY....................
text_instance: 1
bbox: [473, 38, 186, 82]
bezier_pts: [474.0, 38.0, 535.33, 49.1, 596.67, 63.28, 658.0, 87.0, 647.0, 119.0, 596.02, 79.05, 535.2, 73.28, 473.0, 72.0]
rec: SCHOOL...................
text_instance: 2
bbox: [717, 798, 87, 39]
bezier_pts: [717.0, 798.0, 745.67, 800.67, 774.33, 803.33, 803.0, 806.0, 802.0, 836.0, 773.67, 836.0, 745.33, 836.0, 717.0, 836.0]
rec: fine.....................
text_instance: 3
bbox: [810, 799, 60, 39]
bezier_pts: [810.0, 808.0, 829.33, 805.0, 848.67, 802.0, 868.0, 799.0, 869.0, 836.0, 849.83, 836.17, 829.75, 836.88, 811.0, 835.0]
rec: art......................
text_instance: 4
bbox: [719, 839, 150, 31]
bezier_pts: [719.0, 843.0, 767.9, 842.54, 815.81, 833.83, 867.0, 845.0, 868.0, 867.0, 818.36, 868.29, 767.98, 868.96, 719.0, 868.0]
rec: america..................
