text_instance: 0
bbox: [67, 277, 743, 382]
bezier_pts: [67.0, 529.0, 261.08, 336.28, 533.5, 264.99, 806.0, 277.0, 809.0, 391.0, 563.94, 400.8, 330.91, 493.16, 161.0, 658.0]
rec: Frikkie..................
text_instance: 1
bbox: [891, 253, 216, 171]
bezier_pts: [903.0, 253.0, 984.91, 242.36, 1025.97, 317.04, 1106.0, 318.0, 1098.0, 423.0, 1029.0, 411.67, 960.0, 400.33, 891.0, 389.0]
rec: du.......................
text_instance: 2
bbox: [1180, 310, 327, 291]
bezier_pts: [1195.0, 310.0, 1319.99, 340.21, 1397.01, 441.25, 1506.0, 503.0, 1456.0, 600.0, 1364.0, 550.33, 1272.0, 500.67, 1180.0, 451.0]
rec: Toit.....................
text_instance: 3
bbox: [537, 511, 651, 142]
bezier_pts: [540.0, 511.0, 750.67, 512.67, 961.33, 514.33, 1172.0, 516.0, 1187.0, 651.0, 970.33, 651.33, 753.67, 651.67, 537.0, 652.0]
rec: Safaris..................
