text_instance: 0
bbox: [215, 285, 272, 63]
bezier_pts: [215.0, 289.0, 304.31, 283.65, 392.03, 284.22, 486.0, 286.0, 481.0, 344.0, 393.47, 346.64, 305.66, 347.26, 217.0, 347.0]
rec: FOREST...................
text_instance: 1
bbox: [174, 350, 355, 64]
bezier_pts: [174.0, 356.0, 290.33, 354.0, 406.67, 352.0, 523.0, 350.0, 528.0, 401.0, 411.57, 405.79, 293.15, 409.88, 174.0, 413.0]
rec: PRESERVE.................
text_instance: 2
bbox: [208, 452, 157, 138]
bezier_pts: [208.0, 563.0, 240.91, 509.38, 284.01, 458.25, 357.0, 452.0, 364.0, 494.0, 305.91, 502.17, 275.38, 544.72, 244.0, 589.0]
rec: STATE....................
text_instance: 3
bbox: [396, 454, 121, 127]
bezier_pts: [403.0, 454.0, 455.02, 474.33, 496.17, 509.33, 516.0, 560.0, 487.0, 580.0, 457.38, 552.71, 436.84, 515.95, 396.0, 500.0]
rec: LAND.....................
text_instance: 4
bbox: [156, 797, 412, 85]
bezier_pts: [156.0, 821.0, 293.0, 813.0, 430.0, 805.0, 567.0, 797.0, 565.0, 848.0, 433.71, 861.66, 301.13, 872.35, 169.0, 881.0]
rec: WILDERNESS...............
text_instance: 5
bbox: [277, 869, 187, 61]
bezier_pts: [277.0, 883.0, 333.89, 874.78, 392.55, 873.67, 453.0, 869.0, 463.0, 916.0, 403.27, 923.28, 343.02, 927.62, 282.0, 929.0]
rec: AREA.....................
text_instance: 6
bbox: [247, 734, 127, 49]
bezier_pts: [265.0, 734.0, 296.61, 763.56, 334.16, 765.07, 373.0, 766.0, 369.0, 782.0, 326.33, 783.0, 281.46, 773.05, 247.0, 748.0]
rec: ENVIRONMENTAL............
text_instance: 7
bbox: [376, 718, 109, 68]
bezier_pts: [376.0, 764.0, 411.55, 760.27, 442.53, 744.03, 469.0, 718.0, 484.0, 730.0, 450.56, 750.81, 415.65, 769.3, 379.0, 785.0]
rec: CONSERVATION.............
text_instance: 8
bbox: [283, 710, 52, 21]
bezier_pts: [283.0, 713.0, 299.0, 712.0, 315.0, 711.0, 331.0, 710.0, 334.0, 725.0, 317.7, 727.99, 302.3, 728.35, 286.0, 730.0]
rec: STATE....................
text_instance: 9
bbox: [408, 703, 43, 22]
bezier_pts: [409.0, 706.0, 421.0, 705.0, 433.0, 704.0, 445.0, 703.0, 450.0, 724.0, 436.0, 724.0, 422.0, 724.0, 408.0, 724.0]
rec: YORK.....................
text_instance: 10
bbox: [319, 719, 94, 25]
bezier_pts: [319.0, 725.0, 349.0, 723.0, 379.0, 721.0, 409.0, 719.0, 412.0, 733.0, 382.65, 736.9, 351.92, 740.36, 321.0, 743.0]
rec: DEPARTMENT...............
text_instance: 11
bbox: [341, 709, 25, 16]
bezier_pts: [341.0, 712.0, 348.01, 707.91, 356.54, 708.85, 364.0, 711.0, 365.0, 723.0, 358.0, 723.35, 350.36, 724.22, 343.0, 724.0]
rec: OF.......................
text_instance: 12
bbox: [376, 708, 30, 15]
bezier_pts: [376.0, 710.0, 385.33, 709.33, 394.67, 708.67, 404.0, 708.0, 405.0, 718.0, 396.19, 721.96, 386.47, 723.09, 377.0, 721.0]
rec: NEW......................
