text_instance: 0
bbox: [294, 449, 58, 14]
bezier_pts: [294.0, 449.0, 313.0, 449.0, 332.0, 449.0, 351.0, 449.0, 351.0, 461.0, 332.0, 461.0, 313.0, 461.0, 294.0, 461.0]
rec: Supplies.................
text_instance: 1
bbox: [276, 524, 44, 17]
bezier_pts: [276.0, 524.0, 290.33, 524.0, 304.67, 524.0, 319.0, 524.0, 319.0, 537.0, 304.15, 538.66, 289.97, 538.73, 276.0, 537.0]
rec: JILLYS...................
text_instance: 2
bbox: [145, 526, 40, 13]
bezier_pts: [145.0, 526.0, 158.0, 526.0, 171.0, 526.0, 184.0, 526.0, 184.0, 538.0, 171.0, 538.0, 158.0, 538.0, 145.0, 538.0]
rec: RAGED....................
text_instance: 3
bbox: [252, 506, 47, 15]
bezier_pts: [252.0, 506.0, 267.33, 506.0, 282.67, 506.0, 298.0, 506.0, 298.0, 520.0, 282.67, 520.0, 267.33, 520.0, 252.0, 520.0]
rec: PEARL....................
text_instance: 4
bbox: [120, 341, 149, 42]
bezier_pts: [120.0, 356.0, 168.16, 338.9, 221.49, 333.97, 268.0, 353.0, 254.0, 382.0, 210.0, 381.67, 166.0, 381.33, 122.0, 381.0]
rec: ENCHANTED................
text_instance: 5
bbox: [272, 322, 94, 53]
bezier_pts: [272.0, 347.0, 303.0, 338.67, 334.0, 330.33, 365.0, 322.0, 365.0, 354.0, 339.47, 375.49, 309.36, 371.86, 280.0, 374.0]
rec: FOREST...................
text_instance: 6
bbox: [144, 398, 191, 41]
bezier_pts: [148.0, 404.0, 210.0, 402.0, 272.0, 400.0, 334.0, 398.0, 331.0, 430.0, 267.92, 435.01, 204.96, 436.3, 144.0, 438.0]
rec: SAFEWAY..................
text_instance: 7
bbox: [166, 450, 120, 29]
bezier_pts: [170.0, 452.0, 208.33, 451.33, 246.67, 450.67, 285.0, 450.0, 284.0, 473.0, 245.07, 477.48, 206.3, 478.63, 166.0, 478.0]
rec: PETCO....................
text_instance: 8
bbox: [123, 483, 114, 22]
bezier_pts: [123.0, 485.0, 160.67, 484.33, 198.33, 483.67, 236.0, 483.0, 236.0, 501.0, 198.95, 504.39, 160.26, 504.58, 123.0, 504.0]
rec: BLOCKBUSTER..............
text_instance: 9
bbox: [177, 505, 57, 18]
bezier_pts: [180.0, 506.0, 197.33, 505.67, 214.67, 505.33, 232.0, 505.0, 233.0, 521.0, 214.65, 522.55, 195.2, 521.88, 177.0, 522.0]
rec: WILLIAMS.................
text_instance: 10
bbox: [188, 524, 29, 17]
bezier_pts: [189.0, 524.0, 198.0, 524.0, 207.0, 524.0, 216.0, 524.0, 215.0, 539.0, 206.48, 540.6, 196.76, 539.84, 188.0, 540.0]
rec: BIN......................
text_instance: 11
bbox: [302, 505, 48, 18]
bezier_pts: [302.0, 505.0, 317.67, 505.0, 333.33, 505.0, 349.0, 505.0, 347.0, 521.0, 334.0, 521.33, 321.0, 521.67, 308.0, 522.0]
rec: VISION...................
text_instance: 12
bbox: [313, 460, 36, 17]
bezier_pts: [313.0, 462.0, 324.67, 461.33, 336.33, 460.67, 348.0, 460.0, 348.0, 476.0, 336.33, 475.67, 324.67, 475.33, 313.0, 475.0]
rec: Fish.....................
text_instance: 13
bbox: [243, 485, 49, 18]
bezier_pts: [243.0, 485.0, 258.67, 485.0, 274.33, 485.0, 290.0, 485.0, 291.0, 501.0, 275.33, 501.33, 259.67, 501.67, 244.0, 502.0]
rec: CELEBREE.................
