text_instance: 0
bbox: [104, 95, 65, 26]
bezier_pts: [104.0, 101.0, 124.14, 90.23, 148.93, 96.46, 168.0, 105.0, 157.0, 120.0, 142.59, 110.12, 123.3, 105.14, 107.0, 114.0]
rec: BAGGE....................
text_instance: 1
bbox: [67, 180, 110, 22]
bezier_pts: [68.0, 183.0, 103.67, 182.0, 139.33, 181.0, 175.0, 180.0, 176.0, 196.0, 139.34, 199.77, 102.67, 201.55, 67.0, 201.0]
rec: MERCHANT.................
text_instance: 2
bbox: [83, 106, 27, 23]
bezier_pts: [83.0, 115.0, 88.29, 109.5, 95.5, 107.2, 103.0, 106.0, 109.0, 116.0, 104.88, 123.99, 100.95, 119.89, 93.0, 128.0]
rec: T........................
