text_instance: 0
bbox: [150, 235, 65, 78]
bezier_pts: [178.0, 312.0, 169.24, 286.34, 154.23, 262.88, 150.0, 237.0, 188.0, 235.0, 192.93, 255.8, 194.3, 277.16, 214.0, 290.0]
rec: CITY.....................
text_instance: 1
bbox: [157, 58, 107, 122]
bezier_pts: [157.0, 158.0, 173.39, 113.74, 202.85, 83.85, 242.0, 58.0, 263.0, 89.0, 226.99, 111.21, 200.05, 138.92, 189.0, 179.0]
rec: CARMEL...................
text_instance: 2
bbox: [245, 337, 132, 46]
bezier_pts: [256.0, 337.0, 288.19, 361.56, 332.91, 366.84, 371.0, 356.0, 376.0, 380.0, 329.14, 384.05, 286.57, 385.15, 245.0, 358.0]
rec: INCORPORATED.............
text_instance: 3
bbox: [446, 113, 64, 195]
bezier_pts: [476.0, 113.0, 522.03, 172.56, 516.15, 244.11, 486.0, 307.0, 447.0, 295.0, 486.99, 245.05, 472.67, 186.01, 446.0, 134.0]
rec: CALIFORNIA...............
text_instance: 4
bbox: [150, 181, 40, 43]
bezier_pts: [150.0, 222.0, 157.14, 210.11, 153.39, 194.67, 156.0, 181.0, 188.0, 191.0, 191.72, 203.11, 183.59, 212.59, 185.0, 223.0]
rec: OF.......................
text_instance: 5
bbox: [269, 40, 42, 44]
bezier_pts: [269.0, 49.0, 282.67, 46.0, 296.33, 43.0, 310.0, 40.0, 310.0, 75.0, 300.33, 77.67, 290.67, 80.33, 281.0, 83.0]
rec: BY.......................
text_instance: 6
bbox: [329, 40, 63, 42]
bezier_pts: [329.0, 40.0, 350.87, 38.2, 371.71, 43.56, 391.0, 53.0, 382.0, 81.0, 365.67, 78.33, 349.33, 75.67, 333.0, 73.0]
rec: THE......................
text_instance: 7
bbox: [395, 59, 65, 64]
bezier_pts: [412.0, 59.0, 428.18, 70.32, 443.56, 84.81, 459.0, 97.0, 439.0, 122.0, 424.33, 110.33, 409.67, 98.67, 395.0, 87.0]
rec: SEA......................
text_instance: 8
bbox: [378, 342, 39, 34]
bezier_pts: [378.0, 357.0, 388.33, 352.0, 398.67, 347.0, 409.0, 342.0, 416.0, 360.0, 406.0, 365.0, 396.0, 370.0, 386.0, 375.0]
rec: 1916.....................
