text_instance: 0
bbox: [46, 100, 63, 48]
bezier_pts: [46.0, 138.0, 57.45, 115.68, 78.38, 101.77, 104.0, 100.0, 108.0, 112.0, 87.17, 114.67, 69.99, 130.01, 59.0, 147.0]
rec: SEOUL....................
text_instance: 1
bbox: [110, 97, 94, 45]
bezier_pts: [110.0, 98.0, 146.07, 92.51, 181.05, 104.86, 203.0, 133.0, 189.0, 141.0, 170.83, 114.63, 142.36, 106.84, 110.0, 109.0]
rec: SAUSAGE..................
text_instance: 2
bbox: [123, 182, 27, 16]
bezier_pts: [123.0, 182.0, 131.0, 182.33, 139.0, 182.67, 147.0, 183.0, 149.0, 195.0, 140.67, 195.67, 132.33, 196.33, 124.0, 197.0]
rec: 2010.....................
text_instance: 3
bbox: [78, 207, 101, 30]
bezier_pts: [84.0, 211.0, 113.42, 225.73, 142.74, 224.4, 172.0, 207.0, 178.0, 217.0, 147.77, 241.15, 111.07, 240.34, 78.0, 222.0]
rec: COMPANY..................
text_instance: 4
bbox: [236, 125, 254, 62]
bezier_pts: [236.0, 134.0, 312.45, 116.95, 393.23, 129.95, 473.0, 125.0, 489.0, 185.0, 406.12, 184.94, 324.21, 186.2, 241.0, 184.0]
rec: seoul....................
text_instance: 5
bbox: [101, 187, 23, 11]
bezier_pts: [101.0, 188.0, 108.51, 185.75, 115.49, 187.33, 123.0, 187.0, 123.0, 196.0, 116.02, 197.63, 108.08, 196.81, 101.0, 197.0]
rec: EST......................
