text_instance: 0
bbox: [167, 53, 67, 47]
bezier_pts: [167.0, 74.0, 187.13, 63.8, 206.39, 57.16, 229.0, 53.0, 233.0, 83.0, 214.67, 88.33, 196.33, 93.67, 178.0, 99.0]
rec: FOR......................
text_instance: 1
bbox: [241, 48, 87, 46]
bezier_pts: [241.0, 48.0, 270.85, 52.55, 299.13, 52.81, 327.0, 63.0, 321.0, 93.0, 295.83, 75.54, 269.55, 78.31, 241.0, 78.0]
rec: SALE.....................
text_instance: 2
bbox: [124, 96, 231, 50]
bezier_pts: [124.0, 108.0, 197.82, 101.4, 275.65, 100.67, 350.0, 96.0, 354.0, 139.0, 279.34, 141.83, 203.28, 143.87, 126.0, 145.0]
rec: GREEN....................
