text_instance: 0
bbox: [196, 118, 310, 165]
bezier_pts: [196.0, 216.0, 296.81, 54.53, 461.67, 103.23, 505.0, 276.0, 446.0, 282.0, 421.85, 174.05, 305.85, 136.82, 264.0, 246.0]
rec: SOUTHPORT................
text_instance: 1
bbox: [194, 266, 118, 130]
bezier_pts: [262.0, 266.0, 280.75, 290.24, 281.49, 327.21, 311.0, 346.0, 270.0, 395.0, 213.85, 370.61, 210.96, 316.49, 194.0, 269.0]
rec: LANES....................
text_instance: 2
bbox: [372, 299, 141, 141]
bezier_pts: [372.0, 365.0, 420.45, 368.84, 435.3, 325.03, 458.0, 299.0, 512.0, 325.0, 504.84, 396.7, 459.2, 439.71, 387.0, 439.0]
rec: BILLARDS.................
