text_instance: 0
bbox: [110, 262, 664, 858]
bezier_pts: [159.0, 1119.0, 168.58, 705.41, 358.44, 359.88, 773.0, 262.0, 744.0, 446.0, 383.54, 459.97, 277.51, 750.22, 351.0, 1066.0]
rec: PLANET...................
text_instance: 1
bbox: [413, 731, 520, 329]
bezier_pts: [419.0, 731.0, 590.0, 731.0, 761.0, 731.0, 932.0, 731.0, 923.0, 1058.0, 753.19, 1057.37, 582.49, 1054.64, 413.0, 1049.0]
rec: 21.......................
text_instance: 2
bbox: [314, 1106, 136, 151]
bezier_pts: [362.0, 1106.0, 384.13, 1145.48, 438.5, 1155.88, 449.0, 1205.0, 407.0, 1256.0, 368.4, 1226.02, 319.85, 1198.75, 314.0, 1145.0]
rec: THE......................
text_instance: 3
bbox: [419, 1226, 298, 160]
bezier_pts: [479.0, 1226.0, 558.0, 1255.0, 637.0, 1284.0, 716.0, 1313.0, 710.0, 1385.0, 604.99, 1368.53, 509.77, 1326.97, 419.0, 1271.0]
rec: ACCOR....................
text_instance: 4
bbox: [728, 1127, 493, 262]
bezier_pts: [737.0, 1322.0, 893.14, 1289.23, 1049.12, 1250.21, 1172.0, 1127.0, 1220.0, 1175.0, 1117.37, 1345.28, 930.52, 1392.9, 728.0, 1388.0]
rec: SUSTAINABLE..............
text_instance: 5
bbox: [364, 1280, 562, 182]
bezier_pts: [402.0, 1280.0, 562.12, 1373.0, 745.74, 1409.11, 923.0, 1385.0, 925.0, 1446.0, 729.63, 1480.15, 517.6, 1465.1, 364.0, 1323.0]
rec: DEVELOPMENT..............
text_instance: 6
bbox: [938, 1187, 349, 253]
bezier_pts: [938.0, 1382.0, 1044.04, 1326.33, 1139.07, 1261.33, 1235.0, 1187.0, 1286.0, 1217.0, 1207.88, 1342.23, 1102.55, 1427.38, 956.0, 1439.0]
rec: PROGRAM..................
text_instance: 7
bbox: [89, 1565, 364, 124]
bezier_pts: [89.0, 1565.0, 210.0, 1566.0, 331.0, 1567.0, 452.0, 1568.0, 452.0, 1688.0, 332.11, 1686.68, 213.62, 1686.21, 95.0, 1682.0]
rec: THE......................
text_instance: 8
bbox: [647, 1571, 697, 139]
bezier_pts: [647.0, 1571.0, 878.0, 1573.0, 1109.0, 1575.0, 1340.0, 1577.0, 1343.0, 1709.0, 1117.51, 1702.76, 890.75, 1697.19, 665.0, 1688.0]
rec: PILLARS..................
text_instance: 9
bbox: [504, 1567, 98, 113]
bezier_pts: [507.0, 1570.0, 538.33, 1569.0, 569.67, 1568.0, 601.0, 1567.0, 599.0, 1675.0, 568.14, 1677.02, 536.26, 1678.47, 504.0, 1679.0]
rec: 7........................
