text_instance: 0
bbox: [58, 324, 394, 149]
bezier_pts: [151.0, 354.0, 229.86, 411.1, 323.53, 422.04, 382.0, 324.0, 451.0, 367.0, 344.87, 501.73, 206.41, 479.92, 58.0, 414.0]
rec: joanie...................
text_instance: 1
bbox: [132, 442, 206, 57]
bezier_pts: [145.0, 442.0, 201.13, 470.22, 267.16, 492.47, 328.0, 459.0, 337.0, 489.0, 269.72, 509.27, 199.61, 494.72, 132.0, 472.0]
rec: RECRUITMENT..............
text_instance: 2
bbox: [340, 433, 53, 43]
bezier_pts: [340.0, 456.0, 351.33, 448.33, 362.67, 440.67, 374.0, 433.0, 392.0, 450.0, 381.74, 460.18, 369.32, 467.38, 357.0, 475.0]
rec: VP.......................
text_instance: 3
bbox: [6, 572, 401, 159]
bezier_pts: [67.0, 580.0, 166.35, 660.32, 268.87, 671.92, 348.0, 572.0, 406.0, 629.0, 285.95, 748.97, 134.96, 772.12, 6.0, 671.0]
rec: grace....................
text_instance: 4
bbox: [43, 700, 99, 62]
bezier_pts: [75.0, 700.0, 97.0, 709.33, 119.0, 718.67, 141.0, 728.0, 127.0, 761.0, 99.0, 749.67, 71.0, 738.33, 43.0, 727.0]
rec: ASST.....................
text_instance: 5
bbox: [129, 686, 221, 81]
bezier_pts: [145.0, 731.0, 210.33, 745.75, 280.24, 735.02, 333.0, 686.0, 349.0, 707.0, 289.82, 767.91, 204.55, 770.63, 129.0, 763.0]
rec: RECRUITMENT..............
text_instance: 6
bbox: [345, 630, 68, 74]
bezier_pts: [345.0, 688.0, 360.67, 668.67, 376.33, 649.33, 392.0, 630.0, 412.0, 640.0, 398.1, 662.96, 382.19, 684.05, 364.0, 703.0]
rec: CHAIR....................
text_instance: 7
bbox: [418, 456, 312, 148]
bezier_pts: [467.0, 477.0, 528.15, 572.51, 637.22, 575.3, 671.0, 456.0, 729.0, 517.0, 639.8, 647.84, 505.73, 611.06, 418.0, 509.0]
rec: mallory..................
text_instance: 8
bbox: [487, 590, 184, 50]
bezier_pts: [495.0, 590.0, 546.67, 615.19, 611.6, 629.33, 667.0, 604.0, 670.0, 623.0, 612.0, 655.19, 544.6, 634.47, 487.0, 611.0]
rec: RECRUITMENT..............
text_instance: 9
bbox: [669, 562, 64, 56]
bezier_pts: [669.0, 601.0, 684.0, 588.0, 699.0, 575.0, 714.0, 562.0, 732.0, 573.0, 717.06, 589.92, 700.62, 604.57, 682.0, 617.0]
rec: CHAIR....................
text_instance: 10
bbox: [484, 1, 177, 63]
bezier_pts: [505.0, 2.0, 539.41, 18.12, 578.82, 9.55, 614.0, 1.0, 660.0, 38.0, 605.48, 88.53, 538.94, 53.34, 484.0, 39.0]
rec: rah......................
