text_instance: 0
bbox: [127, 319, 148, 169]
bezier_pts: [127.0, 462.0, 145.91, 400.09, 189.08, 355.51, 239.0, 319.0, 274.0, 366.0, 219.28, 386.13, 185.49, 434.53, 173.0, 487.0]
rec: STILL....................
text_instance: 1
bbox: [277, 313, 226, 160]
bezier_pts: [280.0, 313.0, 379.82, 304.2, 471.27, 351.89, 502.0, 450.0, 457.0, 472.0, 432.45, 379.75, 359.1, 357.86, 277.0, 355.0]
rec: MOVING...................
text_instance: 2
bbox: [133, 496, 212, 171]
bezier_pts: [344.0, 666.0, 221.57, 680.34, 152.96, 614.18, 133.0, 503.0, 179.0, 496.0, 188.71, 585.85, 251.7, 636.44, 342.0, 621.0]
rec: GUNFIRE..................
text_instance: 3
bbox: [202, 459, 230, 79]
bezier_pts: [209.0, 459.0, 281.67, 459.0, 354.33, 459.0, 427.0, 459.0, 431.0, 537.0, 354.67, 537.0, 278.33, 537.0, 202.0, 537.0]
rec: SMG......................
text_instance: 4
bbox: [244, 403, 145, 36]
bezier_pts: [244.0, 403.0, 292.0, 404.0, 340.0, 405.0, 388.0, 406.0, 386.0, 438.0, 340.84, 437.6, 295.98, 438.68, 251.0, 436.0]
rec: 1307.....................
text_instance: 5
bbox: [351, 484, 149, 176]
bezier_pts: [499.0, 484.0, 499.14, 567.39, 446.41, 635.5, 370.0, 659.0, 351.0, 621.0, 407.51, 599.43, 456.03, 555.02, 455.0, 485.0]
rec: UNDER....................
