text_instance: 0
bbox: [147, 80, 79, 71]
bezier_pts: [147.0, 137.0, 162.82, 107.06, 187.11, 86.08, 223.0, 80.0, 225.0, 105.0, 192.95, 97.94, 181.44, 124.66, 172.0, 150.0]
rec: CALEB....................
text_instance: 1
bbox: [235, 84, 129, 63]
bezier_pts: [235.0, 85.0, 285.47, 92.13, 361.89, 56.06, 363.0, 145.0, 342.0, 146.0, 334.93, 76.08, 269.3, 111.44, 236.0, 104.0]
rec: UNIVERSITY...............
text_instance: 2
bbox: [620, 354, 22, 17]
bezier_pts: [620.0, 354.0, 627.01, 354.26, 634.09, 353.07, 641.0, 355.0, 641.0, 368.0, 634.49, 370.52, 627.62, 370.9, 621.0, 369.0]
rec: en.......................
