text_instance: 0
bbox: [259, 612, 149, 34]
bezier_pts: [260.0, 613.0, 307.67, 612.67, 355.33, 612.33, 403.0, 612.0, 407.0, 645.0, 358.29, 643.77, 308.28, 642.26, 259.0, 640.0]
rec: muskifest................
text_instance: 1
bbox: [262, 645, 143, 47]
bezier_pts: [262.0, 645.0, 308.0, 646.33, 354.0, 647.67, 400.0, 649.0, 404.0, 688.0, 357.67, 688.67, 311.33, 689.33, 265.0, 690.0]
rec: NARA.....................
text_instance: 2
bbox: [265, 696, 140, 48]
bezier_pts: [268.0, 699.0, 313.33, 698.0, 358.67, 697.0, 404.0, 696.0, 400.0, 741.0, 355.81, 741.51, 310.38, 742.1, 265.0, 739.0]
rec: 2016.....................
text_instance: 3
bbox: [220, 774, 82, 74]
bezier_pts: [248.0, 774.0, 268.45, 782.56, 287.32, 796.88, 301.0, 814.0, 284.0, 847.0, 253.31, 845.01, 233.22, 827.8, 220.0, 802.0]
rec: 5th......................
text_instance: 4
bbox: [300, 778, 289, 99]
bezier_pts: [319.0, 819.0, 403.55, 864.11, 502.29, 833.27, 570.0, 778.0, 588.0, 812.0, 498.92, 866.95, 400.11, 902.11, 300.0, 854.0]
rec: Anniversary..............
text_instance: 5
bbox: [1006, 576, 214, 105]
bezier_pts: [1012.0, 576.0, 1079.0, 577.33, 1146.0, 578.67, 1213.0, 580.0, 1219.0, 679.0, 1148.0, 678.0, 1077.0, 677.0, 1006.0, 676.0]
rec: 611......................
text_instance: 6
bbox: [857, 729, 111, 43]
bezier_pts: [857.0, 729.0, 893.0, 729.33, 929.0, 729.67, 965.0, 730.0, 967.0, 769.0, 931.33, 769.0, 895.67, 769.0, 860.0, 769.0]
rec: ANA......................
text_instance: 7
bbox: [1088, 726, 70, 50]
bezier_pts: [1088.0, 727.0, 1110.67, 726.67, 1133.33, 726.33, 1156.0, 726.0, 1157.0, 775.0, 1136.67, 774.0, 1116.33, 773.0, 1096.0, 772.0]
rec: JR.......................
