text_instance: 0
bbox: [201, 721, 65, 34]
bezier_pts: [201.0, 721.0, 222.33, 721.0, 243.67, 721.0, 265.0, 721.0, 265.0, 753.0, 243.67, 753.0, 222.33, 753.0, 201.0, 753.0]
rec: my.......................
text_instance: 1
bbox: [48, 466, 70, 55]
bezier_pts: [48.0, 499.0, 60.59, 495.77, 85.29, 483.1, 84.0, 466.0, 117.0, 492.0, 99.0, 501.33, 81.0, 510.67, 63.0, 520.0]
rec: MON......................
text_instance: 2
bbox: [91, 431, 37, 53]
bezier_pts: [91.0, 462.0, 97.35, 451.91, 103.36, 444.38, 101.0, 431.0, 127.0, 440.0, 125.2, 454.08, 117.69, 469.76, 110.0, 483.0]
rec: FRI......................
text_instance: 3
bbox: [50, 494, 81, 56]
bezier_pts: [50.0, 533.0, 70.67, 520.0, 91.33, 507.0, 112.0, 494.0, 130.0, 505.0, 108.17, 522.29, 84.81, 536.95, 60.0, 549.0]
rec: 1100am...................
text_instance: 4
bbox: [110, 423, 55, 80]
bezier_pts: [110.0, 476.0, 123.0, 458.33, 136.0, 440.67, 149.0, 423.0, 164.0, 426.0, 155.89, 450.78, 142.97, 479.02, 131.0, 502.0]
rec: 100pm....................
text_instance: 5
bbox: [39, 545, 72, 77]
bezier_pts: [39.0, 569.0, 55.67, 561.0, 72.33, 553.0, 89.0, 545.0, 110.0, 580.0, 91.67, 593.67, 73.33, 607.33, 55.0, 621.0]
rec: Last.....................
text_instance: 6
bbox: [97, 522, 55, 54]
bezier_pts: [97.0, 543.0, 108.0, 536.0, 119.0, 529.0, 130.0, 522.0, 151.0, 549.0, 137.0, 557.67, 123.0, 566.33, 109.0, 575.0]
rec: call.....................
text_instance: 7
bbox: [89, 561, 74, 72]
bezier_pts: [89.0, 598.0, 107.33, 585.67, 125.67, 573.33, 144.0, 561.0, 162.0, 587.0, 143.28, 603.28, 123.18, 618.55, 102.0, 632.0]
rec: 145pm....................
text_instance: 8
bbox: [167, 401, 113, 83]
bezier_pts: [167.0, 447.0, 195.16, 423.05, 231.35, 410.48, 265.0, 401.0, 279.0, 431.0, 242.21, 429.48, 223.21, 468.97, 193.0, 483.0]
rec: LUNCH....................
text_instance: 9
bbox: [457, 390, 95, 92]
bezier_pts: [468.0, 390.0, 495.67, 404.0, 523.33, 418.0, 551.0, 432.0, 523.0, 481.0, 510.42, 449.93, 484.06, 435.96, 457.0, 419.0]
rec: DINNER...................
text_instance: 10
bbox: [548, 440, 42, 29]
bezier_pts: [551.0, 440.0, 563.67, 441.67, 576.33, 443.33, 589.0, 445.0, 584.0, 468.0, 571.96, 467.6, 559.86, 466.5, 548.0, 465.0]
rec: TUE......................
text_instance: 11
bbox: [592, 445, 45, 40]
bezier_pts: [602.0, 445.0, 613.33, 449.0, 624.67, 453.0, 636.0, 457.0, 629.0, 484.0, 616.67, 479.67, 604.33, 475.33, 592.0, 471.0]
rec: SUN......................
text_instance: 12
bbox: [543, 460, 64, 29]
bezier_pts: [548.0, 460.0, 567.33, 463.33, 586.67, 466.67, 606.0, 470.0, 606.0, 488.0, 585.0, 488.0, 564.0, 488.0, 543.0, 488.0]
rec: 500pm....................
text_instance: 13
bbox: [572, 484, 55, 42]
bezier_pts: [572.0, 484.0, 590.0, 484.67, 608.0, 485.33, 626.0, 486.0, 626.0, 525.0, 609.67, 523.33, 593.33, 521.67, 577.0, 520.0]
rec: 1015pm...................
text_instance: 14
bbox: [179, 507, 212, 125]
bezier_pts: [179.0, 556.0, 251.17, 566.27, 323.27, 530.38, 390.0, 507.0, 388.0, 592.0, 312.08, 591.48, 253.06, 632.76, 182.0, 631.0]
rec: Serving..................
text_instance: 15
bbox: [193, 590, 175, 117]
bezier_pts: [193.0, 644.0, 243.49, 620.07, 294.87, 608.02, 345.0, 590.0, 367.0, 616.0, 311.33, 646.0, 255.67, 676.0, 200.0, 706.0]
rec: Humble...................
text_instance: 16
bbox: [242, 611, 152, 102]
bezier_pts: [242.0, 670.0, 283.33, 650.33, 324.67, 630.67, 366.0, 611.0, 393.0, 639.0, 351.77, 665.9, 309.22, 690.35, 265.0, 712.0]
rec: BURGERS..................
text_instance: 17
bbox: [393, 480, 51, 150]
bezier_pts: [393.0, 629.0, 398.44, 581.23, 391.62, 528.87, 395.0, 482.0, 440.0, 480.0, 434.15, 528.28, 451.19, 580.66, 438.0, 629.0]
rec: SELLING..................
text_instance: 18
bbox: [443, 517, 37, 94]
bezier_pts: [443.0, 609.0, 445.89, 578.54, 440.9, 547.91, 444.0, 517.0, 477.0, 517.0, 479.32, 548.55, 477.62, 577.83, 478.0, 610.0]
rec: real.....................
text_instance: 19
bbox: [481, 497, 44, 142]
bezier_pts: [482.0, 638.0, 485.6, 591.7, 478.27, 541.83, 482.0, 497.0, 518.0, 499.0, 527.04, 543.43, 520.55, 593.49, 524.0, 638.0]
rec: experience...............
text_instance: 20
bbox: [271, 650, 154, 117]
bezier_pts: [278.0, 710.0, 334.88, 710.79, 364.24, 665.51, 411.0, 650.0, 424.0, 697.0, 376.99, 723.59, 334.88, 769.07, 271.0, 766.0]
rec: Burger...................
text_instance: 21
bbox: [414, 631, 107, 67]
bezier_pts: [423.0, 631.0, 455.33, 633.0, 487.67, 635.0, 520.0, 637.0, 510.0, 688.0, 478.0, 691.0, 446.0, 694.0, 414.0, 697.0]
rec: Lab......................
text_instance: 22
bbox: [232, 727, 279, 160]
bezier_pts: [232.0, 810.0, 340.62, 809.77, 401.73, 708.05, 510.0, 727.0, 509.0, 766.0, 410.63, 777.19, 334.3, 873.28, 234.0, 886.0]
rec: HEAPINGHELPING...........
text_instance: 23
bbox: [416, 792, 45, 40]
bezier_pts: [419.0, 797.0, 432.67, 795.33, 446.33, 793.67, 460.0, 792.0, 455.0, 824.0, 442.67, 827.21, 428.41, 828.7, 416.0, 831.0]
rec: OF.......................
text_instance: 24
bbox: [359, 822, 138, 45]
bezier_pts: [365.0, 842.0, 406.0, 835.33, 447.0, 828.67, 488.0, 822.0, 496.0, 848.0, 450.17, 854.19, 404.1, 861.94, 359.0, 866.0]
rec: CUSTOMER.................
text_instance: 25
bbox: [317, 844, 200, 50]
bezier_pts: [317.0, 866.0, 380.33, 858.67, 443.67, 851.33, 507.0, 844.0, 516.0, 872.0, 451.63, 881.55, 387.87, 888.24, 323.0, 892.0]
rec: SUGGESTION...............
text_instance: 26
bbox: [73, 757, 86, 81]
bezier_pts: [102.0, 757.0, 120.67, 774.0, 139.33, 791.0, 158.0, 808.0, 132.0, 837.0, 122.86, 808.42, 100.87, 798.63, 73.0, 786.0]
rec: Passion..................
text_instance: 27
bbox: [574, 738, 65, 52]
bezier_pts: [574.0, 766.0, 588.67, 756.67, 603.33, 747.33, 618.0, 738.0, 638.0, 755.0, 623.33, 766.33, 608.67, 777.67, 594.0, 789.0]
rec: love.....................
text_instance: 28
bbox: [531, 546, 99, 84]
bezier_pts: [574.0, 546.0, 594.51, 568.03, 610.96, 592.43, 629.0, 616.0, 605.0, 629.0, 580.33, 605.67, 555.67, 582.33, 531.0, 559.0]
rec: Lastcall.................
text_instance: 29
bbox: [540, 584, 69, 82]
bezier_pts: [565.0, 584.0, 584.05, 602.85, 591.54, 628.89, 608.0, 649.0, 580.0, 665.0, 568.44, 642.01, 560.56, 615.35, 540.0, 598.0]
rec: 1005pm...................
text_instance: 30
bbox: [408, 207, 31, 65]
bezier_pts: [409.0, 209.0, 419.05, 205.79, 428.13, 207.36, 438.0, 207.0, 438.0, 271.0, 428.25, 270.98, 418.04, 270.09, 408.0, 268.0]
rec: 23.......................
