text_instance: 0
bbox: [159, 105, 51, 86]
bezier_pts: [163.0, 105.0, 177.33, 105.33, 191.67, 105.67, 206.0, 106.0, 209.0, 158.0, 193.43, 170.66, 175.49, 180.26, 159.0, 190.0]
rec: ALL......................
text_instance: 1
bbox: [216, 107, 58, 54]
bezier_pts: [216.0, 109.0, 233.4, 107.53, 252.55, 106.79, 270.0, 107.0, 273.0, 150.0, 255.0, 153.33, 237.0, 156.67, 219.0, 160.0]
rec: OUR......................
text_instance: 2
bbox: [279, 105, 83, 75]
bezier_pts: [283.0, 105.0, 309.0, 106.0, 335.0, 107.0, 361.0, 108.0, 359.0, 179.0, 332.33, 169.0, 305.67, 159.0, 279.0, 149.0]
rec: STAFF....................
text_instance: 3
bbox: [178, 181, 161, 41]
bezier_pts: [178.0, 183.0, 231.0, 182.33, 284.0, 181.67, 337.0, 181.0, 338.0, 217.0, 285.16, 220.77, 231.7, 221.75, 178.0, 220.0]
rec: SPEAK....................
text_instance: 4
bbox: [161, 379, 208, 63]
bezier_pts: [161.0, 381.0, 229.67, 380.33, 298.33, 379.67, 367.0, 379.0, 368.0, 439.0, 299.42, 441.33, 232.12, 440.3, 164.0, 440.0]
rec: ENGLISH..................
