text_instance: 0
bbox: [167, 59, 44, 38]
bezier_pts: [167.0, 74.0, 174.93, 65.94, 188.3, 63.97, 198.0, 59.0, 210.0, 80.0, 199.67, 85.33, 189.33, 90.67, 179.0, 96.0]
rec: BAR......................
text_instance: 1
bbox: [211, 52, 127, 57]
bezier_pts: [211.0, 56.0, 261.67, 43.67, 302.45, 61.09, 337.0, 95.0, 328.0, 108.0, 296.39, 82.82, 257.2, 66.99, 215.0, 77.0]
rec: RESTAURANTE..............
text_instance: 2
bbox: [134, 114, 58, 27]
bezier_pts: [135.0, 114.0, 153.67, 114.33, 172.33, 114.67, 191.0, 115.0, 189.0, 140.0, 170.67, 139.67, 152.33, 139.33, 134.0, 139.0]
rec: jet......................
text_instance: 3
bbox: [313, 126, 54, 27]
bezier_pts: [313.0, 126.0, 330.33, 126.67, 347.67, 127.33, 365.0, 128.0, 366.0, 152.0, 349.67, 151.33, 333.33, 150.67, 317.0, 150.0]
rec: jet......................
text_instance: 4
bbox: [110, 172, 142, 60]
bezier_pts: [110.0, 172.0, 154.67, 175.0, 199.33, 178.0, 244.0, 181.0, 251.0, 231.0, 204.0, 230.67, 157.0, 230.33, 110.0, 230.0]
rec: Bora.....................
text_instance: 5
bbox: [263, 183, 128, 50]
bezier_pts: [263.0, 183.0, 303.67, 185.33, 344.33, 187.67, 385.0, 190.0, 390.0, 232.0, 349.72, 232.57, 310.96, 230.6, 272.0, 226.0]
rec: Bora.....................
text_instance: 6
bbox: [119, 230, 68, 23]
bezier_pts: [121.0, 230.0, 142.67, 230.67, 164.33, 231.33, 186.0, 232.0, 185.0, 252.0, 163.0, 251.33, 141.0, 250.67, 119.0, 250.0]
rec: BEACH....................
text_instance: 7
bbox: [194, 232, 64, 20]
bezier_pts: [196.0, 234.0, 215.33, 233.33, 234.67, 232.67, 254.0, 232.0, 257.0, 251.0, 236.21, 250.94, 214.7, 251.61, 194.0, 250.0]
rec: PLAYA....................
text_instance: 8
bbox: [261, 234, 45, 18]
bezier_pts: [264.0, 234.0, 277.67, 234.33, 291.33, 234.67, 305.0, 235.0, 299.0, 251.0, 286.59, 251.06, 273.42, 251.61, 261.0, 249.0]
rec: DEN......................
text_instance: 9
bbox: [304, 234, 51, 19]
bezier_pts: [305.0, 234.0, 321.0, 234.33, 337.0, 234.67, 353.0, 235.0, 354.0, 252.0, 337.33, 252.0, 320.67, 252.0, 304.0, 252.0]
rec: BOSSA....................
text_instance: 10
bbox: [356, 239, 36, 16]
bezier_pts: [357.0, 239.0, 368.0, 239.33, 379.0, 239.67, 390.0, 240.0, 391.0, 253.0, 379.33, 253.0, 367.67, 253.0, 356.0, 253.0]
rec: IBIZA....................
