text_instance: 0
bbox: [263, 176, 52, 46]
bezier_pts: [263.0, 192.0, 280.0, 186.67, 297.0, 181.33, 314.0, 176.0, 314.0, 196.0, 299.0, 204.33, 284.0, 212.67, 269.0, 221.0]
rec: lower....................
text_instance: 1
bbox: [310, 167, 82, 38]
bezier_pts: [310.0, 178.0, 335.35, 173.92, 360.7, 164.55, 388.0, 167.0, 391.0, 191.0, 368.67, 195.33, 346.33, 199.67, 324.0, 204.0]
rec: ground...................
text_instance: 2
bbox: [386, 169, 108, 46]
bezier_pts: [392.0, 169.0, 427.02, 171.55, 460.61, 180.1, 493.0, 192.0, 489.0, 214.0, 456.28, 196.65, 422.85, 186.06, 386.0, 198.0]
rec: promenade................
text_instance: 3
bbox: [246, 196, 108, 78]
bezier_pts: [246.0, 243.0, 273.1, 212.36, 312.23, 206.22, 350.0, 196.0, 353.0, 234.0, 323.0, 247.0, 293.0, 260.0, 263.0, 273.0]
rec: FOOD.....................
text_instance: 4
bbox: [366, 191, 143, 72]
bezier_pts: [370.0, 191.0, 417.18, 195.93, 462.79, 202.76, 508.0, 225.0, 504.0, 262.0, 463.44, 233.61, 413.17, 229.44, 366.0, 233.0]
rec: STREET...................
text_instance: 5
bbox: [304, 240, 57, 27]
bezier_pts: [304.0, 253.0, 320.21, 247.32, 337.79, 244.25, 354.0, 240.0, 360.0, 256.0, 343.67, 259.33, 327.33, 262.67, 311.0, 266.0]
rec: 1utama...................
text_instance: 6
bbox: [354, 238, 70, 22]
bezier_pts: [354.0, 240.0, 377.0, 239.33, 400.0, 238.67, 423.0, 238.0, 421.0, 257.0, 399.67, 257.67, 378.33, 258.33, 357.0, 259.0]
rec: shopping.................
text_instance: 7
bbox: [421, 238, 47, 27]
bezier_pts: [423.0, 238.0, 437.67, 242.0, 452.33, 246.0, 467.0, 250.0, 464.0, 264.0, 449.67, 262.67, 435.33, 261.33, 421.0, 260.0]
rec: centre...................
text_instance: 8
bbox: [921, 81, 48, 47]
bezier_pts: [921.0, 98.0, 932.33, 92.33, 943.67, 86.67, 955.0, 81.0, 968.0, 114.0, 957.0, 118.33, 946.0, 122.67, 935.0, 127.0]
rec: BEE......................
text_instance: 9
bbox: [960, 33, 93, 76]
bezier_pts: [960.0, 82.0, 988.0, 65.67, 1016.0, 49.33, 1044.0, 33.0, 1052.0, 66.0, 1027.25, 82.01, 1001.04, 94.41, 974.0, 108.0]
rec: CHENG....................
text_instance: 10
bbox: [1055, 19, 27, 45]
bezier_pts: [1055.0, 29.0, 1062.67, 25.67, 1070.33, 22.33, 1078.0, 19.0, 1081.0, 53.0, 1074.02, 57.45, 1066.65, 60.6, 1059.0, 63.0]
rec: H........................
