text_instance: 0
bbox: [18, 1490, 162, 71]
bezier_pts: [24.0, 1490.0, 74.33, 1494.33, 124.67, 1498.67, 175.0, 1503.0, 179.0, 1560.0, 125.33, 1555.67, 71.67, 1551.33, 18.0, 1547.0]
rec: Lekamens.................
text_instance: 1
bbox: [715, 1273, 360, 171]
bezier_pts: [734.0, 1273.0, 845.33, 1288.67, 956.67, 1304.33, 1068.0, 1320.0, 1074.0, 1443.0, 954.08, 1432.29, 834.37, 1418.6, 715.0, 1402.0]
rec: SIA......................
text_instance: 2
bbox: [721, 1408, 354, 77]
bezier_pts: [727.0, 1408.0, 841.67, 1423.0, 956.33, 1438.0, 1071.0, 1453.0, 1074.0, 1484.0, 955.94, 1478.42, 838.35, 1470.09, 721.0, 1459.0]
rec: GLASS....................
text_instance: 3
bbox: [478, 935, 162, 172]
bezier_pts: [639.0, 989.0, 587.68, 1015.9, 571.14, 1066.93, 532.0, 1106.0, 478.0, 1074.0, 517.79, 1025.92, 559.83, 979.31, 604.0, 935.0]
rec: DEN......................
text_instance: 4
bbox: [432, 1112, 113, 449]
bezier_pts: [519.0, 1147.0, 472.89, 1275.36, 487.99, 1410.06, 544.0, 1531.0, 491.0, 1560.0, 424.89, 1423.77, 412.22, 1261.03, 453.0, 1112.0]
rec: SVENSKA..................
text_instance: 5
bbox: [525, 1569, 672, 245]
bezier_pts: [566.0, 1569.0, 751.2, 1725.11, 958.47, 1826.01, 1170.0, 1636.0, 1196.0, 1684.0, 969.85, 1901.94, 692.6, 1847.41, 525.0, 1602.0]
rec: GRADDGLASSENS............
text_instance: 6
bbox: [1147, 1058, 144, 589]
bezier_pts: [1182.0, 1603.0, 1287.07, 1442.23, 1226.49, 1246.01, 1147.0, 1093.0, 1172.0, 1058.0, 1310.54, 1233.98, 1340.84, 1438.57, 1222.0, 1646.0]
rec: SKYDDSANGEL..............
text_instance: 7
bbox: [14, 1256, 141, 93]
bezier_pts: [20.0, 1256.0, 62.33, 1259.33, 104.67, 1262.67, 147.0, 1266.0, 154.0, 1348.0, 107.33, 1344.0, 60.67, 1340.0, 14.0, 1336.0]
rec: EN.......................
