text_instance: 0
bbox: [189, 241, 435, 230]
bezier_pts: [207.0, 249.0, 339.0, 246.33, 471.0, 243.67, 603.0, 241.0, 623.0, 451.0, 478.33, 457.33, 333.67, 463.67, 189.0, 470.0]
rec: CHill....................
text_instance: 1
bbox: [375, 394, 451, 275]
bezier_pts: [375.0, 414.0, 522.14, 451.58, 673.54, 380.97, 824.0, 394.0, 825.0, 668.0, 676.67, 667.0, 528.33, 666.0, 380.0, 665.0]
rec: CHill....................
text_instance: 2
bbox: [241, 640, 107, 96]
bezier_pts: [270.0, 640.0, 295.67, 661.33, 321.33, 682.67, 347.0, 704.0, 343.0, 735.0, 303.74, 716.44, 264.09, 704.6, 241.0, 665.0]
rec: Bangkok..................
text_instance: 3
bbox: [358, 716, 81, 49]
bezier_pts: [369.0, 716.0, 392.0, 723.33, 415.0, 730.67, 438.0, 738.0, 435.0, 764.0, 408.64, 760.28, 382.89, 753.68, 358.0, 744.0]
rec: Kuala....................
text_instance: 4
bbox: [439, 738, 102, 38]
bezier_pts: [439.0, 738.0, 471.33, 740.0, 503.67, 742.0, 536.0, 744.0, 540.0, 769.0, 507.25, 772.14, 473.81, 771.34, 441.0, 772.0]
rec: Lumpur...................
text_instance: 5
bbox: [558, 708, 96, 60]
bezier_pts: [558.0, 736.0, 581.33, 726.67, 604.67, 717.33, 628.0, 708.0, 653.0, 735.0, 624.31, 748.48, 594.66, 759.48, 564.0, 767.0]
rec: Phnom....................
text_instance: 6
bbox: [645, 676, 74, 57]
bezier_pts: [645.0, 702.0, 661.0, 693.33, 677.0, 684.67, 693.0, 676.0, 718.0, 690.0, 707.89, 713.54, 688.96, 731.04, 662.0, 732.0]
rec: Penh.....................
text_instance: 7
bbox: [372, 786, 132, 63]
bezier_pts: [383.0, 786.0, 420.52, 789.19, 463.65, 789.21, 500.0, 799.0, 503.0, 847.0, 458.93, 844.44, 415.19, 838.63, 372.0, 830.0]
rec: Boat.....................
text_instance: 8
bbox: [519, 741, 203, 102]
bezier_pts: [519.0, 794.0, 570.67, 776.33, 622.33, 758.67, 674.0, 741.0, 721.0, 767.0, 682.46, 843.48, 599.27, 839.16, 528.0, 842.0]
rec: Noodle...................
text_instance: 9
bbox: [284, 752, 87, 84]
bezier_pts: [307.0, 752.0, 328.0, 765.33, 349.0, 778.67, 370.0, 792.0, 352.0, 835.0, 327.85, 825.25, 305.18, 812.49, 284.0, 798.0]
rec: by.......................
