text_instance: 0
bbox: [430, 370, 73, 34]
bezier_pts: [502.0, 391.0, 480.0, 395.0, 458.0, 399.0, 436.0, 403.0, 430.0, 381.0, 452.0, 377.33, 474.0, 373.67, 496.0, 370.0]
rec: FOR......................
text_instance: 1
bbox: [511, 368, 67, 23]
bezier_pts: [577.0, 389.0, 555.0, 389.0, 533.0, 389.0, 511.0, 389.0, 511.0, 369.0, 531.16, 369.01, 552.09, 367.66, 572.0, 368.0]
rec: OFF......................
text_instance: 2
bbox: [585, 370, 75, 29]
bezier_pts: [657.0, 398.0, 633.33, 395.33, 609.67, 392.67, 586.0, 390.0, 585.0, 370.0, 609.67, 372.0, 634.33, 374.0, 659.0, 376.0]
rec: RM5......................
text_instance: 3
bbox: [114, 387, 299, 311]
bezier_pts: [412.0, 405.0, 273.43, 453.59, 179.79, 542.88, 155.0, 697.0, 114.0, 695.0, 143.3, 554.41, 243.51, 418.01, 400.0, 387.0]
rec: FRIENDSOFBYTESPIXELS.....
text_instance: 4
bbox: [184, 474, 182, 435]
bezier_pts: [365.0, 498.0, 243.93, 602.5, 246.93, 745.62, 355.0, 857.0, 256.0, 908.0, 148.09, 758.13, 155.17, 589.28, 312.0, 474.0]
rec: GARAGEVAPE...............
text_instance: 5
bbox: [364, 596, 356, 319]
bezier_pts: [364.0, 828.0, 469.29, 735.44, 598.55, 676.06, 706.0, 596.0, 719.0, 691.0, 624.15, 767.63, 525.16, 855.68, 418.0, 914.0]
rec: GARAGE...................
text_instance: 6
bbox: [294, 946, 160, 81]
bezier_pts: [294.0, 961.0, 342.67, 956.0, 391.33, 951.0, 440.0, 946.0, 453.0, 1007.0, 403.67, 1013.33, 354.33, 1019.67, 305.0, 1026.0]
rec: 10m......................
text_instance: 7
bbox: [446, 1023, 109, 88]
bezier_pts: [459.0, 1023.0, 490.67, 1033.67, 522.33, 1044.33, 554.0, 1055.0, 546.0, 1110.0, 512.67, 1097.67, 479.33, 1085.33, 446.0, 1073.0]
rec: RM5......................
text_instance: 8
bbox: [562, 1062, 110, 58]
bezier_pts: [565.0, 1062.0, 599.33, 1066.67, 633.67, 1071.33, 668.0, 1076.0, 671.0, 1116.0, 634.22, 1115.02, 597.93, 1110.95, 562.0, 1104.0]
rec: OFF......................
text_instance: 9
bbox: [576, 774, 85, 66]
bezier_pts: [576.0, 816.0, 596.67, 802.0, 617.33, 788.0, 638.0, 774.0, 660.0, 795.0, 644.21, 811.85, 626.61, 826.85, 607.0, 839.0]
rec: THE......................
text_instance: 10
bbox: [646, 728, 72, 62]
bezier_pts: [646.0, 771.0, 665.0, 756.67, 684.0, 742.33, 703.0, 728.0, 717.0, 753.0, 702.94, 766.7, 688.11, 778.64, 672.0, 789.0]
rec: VAP......................
text_instance: 11
bbox: [147, 13, 297, 177]
bezier_pts: [188.0, 13.0, 183.26, 184.43, 336.62, 165.77, 441.0, 174.0, 443.0, 189.0, 336.32, 189.03, 153.33, 201.58, 172.0, 13.0]
rec: RM5OFFFORFRIENDSOFBYTESPI
text_instance: 12
bbox: [236, 102, 344, 69]
bezier_pts: [267.0, 102.0, 350.66, 145.76, 458.61, 148.59, 543.0, 112.0, 579.0, 145.0, 463.88, 178.59, 341.25, 185.32, 236.0, 134.0]
rec: GARAGEVAPE...............
text_instance: 13
bbox: [588, 86, 51, 45]
bezier_pts: [603.0, 130.0, 600.08, 115.67, 590.46, 102.85, 588.0, 86.0, 615.0, 86.0, 622.67, 100.0, 630.33, 114.0, 638.0, 128.0]
rec: 10m......................
text_instance: 14
bbox: [465, 56, 98, 61]
bezier_pts: [528.0, 116.0, 506.62, 103.43, 485.37, 87.29, 465.0, 74.0, 508.0, 56.0, 526.0, 67.0, 544.0, 78.0, 562.0, 89.0]
rec: GA.......................
text_instance: 15
bbox: [664, 1072, 52, 52]
bezier_pts: [664.0, 1075.0, 677.67, 1074.0, 691.33, 1073.0, 705.0, 1072.0, 715.0, 1116.0, 699.9, 1118.67, 685.4, 1122.78, 670.0, 1123.0]
rec: F........................
text_instance: 16
bbox: [483, 33, 35, 25]
bezier_pts: [508.0, 57.0, 499.82, 50.57, 490.18, 45.94, 483.0, 38.0, 494.0, 33.0, 501.67, 37.67, 509.33, 42.33, 517.0, 47.0]
rec: THE......................
text_instance: 17
bbox: [621, 19, 33, 75]
bezier_pts: [623.0, 85.0, 635.63, 63.13, 635.65, 42.29, 621.0, 23.0, 639.0, 19.0, 652.49, 42.99, 660.05, 67.11, 644.0, 93.0]
rec: RM5OFFFOR................
