text_instance: 0
bbox: [352, 126, 56, 20]
bezier_pts: [356.0, 128.0, 372.67, 127.33, 389.33, 126.67, 406.0, 126.0, 407.0, 142.0, 388.94, 144.11, 370.31, 144.99, 352.0, 145.0]
rec: PROJEK...................
text_instance: 1
bbox: [410, 125, 42, 16]
bezier_pts: [413.0, 126.0, 425.67, 125.67, 438.33, 125.33, 451.0, 125.0, 449.0, 138.0, 435.86, 140.61, 423.29, 140.12, 410.0, 140.0]
rec: ANAK.....................
text_instance: 2
bbox: [454, 119, 58, 22]
bezier_pts: [456.0, 122.0, 473.67, 121.0, 491.33, 120.0, 509.0, 119.0, 511.0, 134.0, 492.35, 137.62, 472.49, 138.7, 454.0, 140.0]
rec: ANGKAT...................
text_instance: 3
bbox: [325, 144, 59, 25]
bezier_pts: [325.0, 148.0, 344.33, 146.67, 363.67, 145.33, 383.0, 144.0, 382.0, 166.0, 363.67, 166.67, 345.33, 167.33, 327.0, 168.0]
rec: JABATAN..................
text_instance: 4
bbox: [386, 140, 77, 24]
bezier_pts: [390.0, 146.0, 414.0, 144.0, 438.0, 142.0, 462.0, 140.0, 462.0, 159.0, 436.67, 160.33, 411.33, 161.67, 386.0, 163.0]
rec: PERIKANAN................
text_instance: 5
bbox: [470, 138, 64, 21]
bezier_pts: [470.0, 141.0, 491.0, 140.0, 512.0, 139.0, 533.0, 138.0, 532.0, 154.0, 511.67, 155.33, 491.33, 156.67, 471.0, 158.0]
rec: MALAYSIA.................
text_instance: 6
bbox: [243, 178, 136, 68]
bezier_pts: [243.0, 217.0, 285.22, 198.66, 329.22, 183.88, 375.0, 178.0, 378.0, 202.0, 338.33, 216.33, 298.67, 230.67, 259.0, 245.0]
rec: KEROPOK..................
text_instance: 7
bbox: [397, 171, 54, 35]
bezier_pts: [397.0, 171.0, 414.67, 173.33, 432.33, 175.67, 450.0, 178.0, 445.0, 205.0, 429.0, 203.67, 413.0, 202.33, 397.0, 201.0]
rec: CAp......................
text_instance: 8
bbox: [457, 179, 95, 53]
bezier_pts: [465.0, 179.0, 494.85, 183.21, 522.99, 193.59, 551.0, 207.0, 538.0, 231.0, 511.38, 222.59, 483.65, 214.63, 457.0, 203.0]
rec: INTAN....................
text_instance: 9
bbox: [242, 292, 68, 20]
bezier_pts: [243.0, 294.0, 264.67, 293.33, 286.33, 292.67, 308.0, 292.0, 309.0, 310.0, 286.67, 310.33, 264.33, 310.67, 242.0, 311.0]
rec: ROHANI...................
text_instance: 10
bbox: [314, 289, 53, 21]
bezier_pts: [314.0, 290.0, 331.33, 289.67, 348.67, 289.33, 366.0, 289.0, 366.0, 309.0, 349.33, 309.0, 332.67, 309.0, 316.0, 309.0]
rec: BINTI....................
text_instance: 11
bbox: [369, 289, 68, 19]
bezier_pts: [369.0, 289.0, 391.33, 289.0, 413.67, 289.0, 436.0, 289.0, 435.0, 307.0, 413.0, 306.0, 391.0, 305.0, 369.0, 304.0]
rec: AWANG....................
text_instance: 12
bbox: [469, 284, 78, 24]
bezier_pts: [469.0, 287.0, 494.67, 286.0, 520.33, 285.0, 546.0, 284.0, 545.0, 307.0, 519.67, 307.0, 494.33, 307.0, 469.0, 307.0]
rec: MAMAT....................
text_instance: 13
bbox: [278, 340, 38, 21]
bezier_pts: [278.0, 342.0, 290.0, 341.33, 302.0, 340.67, 314.0, 340.0, 315.0, 357.0, 303.0, 358.0, 291.0, 359.0, 279.0, 360.0]
rec: Kami.....................
text_instance: 14
bbox: [315, 341, 41, 16]
bezier_pts: [318.0, 341.0, 329.33, 341.0, 340.67, 341.0, 352.0, 341.0, 355.0, 356.0, 341.67, 356.0, 328.33, 356.0, 315.0, 356.0]
rec: sedia....................
text_instance: 15
bbox: [352, 338, 73, 20]
bezier_pts: [359.0, 341.0, 380.67, 340.0, 402.33, 339.0, 424.0, 338.0, 424.0, 357.0, 400.0, 356.67, 376.0, 356.33, 352.0, 356.0]
rec: menerima.................
text_instance: 16
bbox: [430, 338, 68, 20]
bezier_pts: [430.0, 338.0, 452.0, 338.0, 474.0, 338.0, 496.0, 338.0, 497.0, 357.0, 474.67, 357.0, 452.33, 357.0, 430.0, 357.0]
rec: tempahan.................
text_instance: 17
bbox: [240, 357, 56, 22]
bezier_pts: [240.0, 359.0, 258.33, 358.33, 276.67, 357.67, 295.0, 357.0, 292.0, 376.0, 274.8, 378.68, 257.83, 378.03, 241.0, 378.0]
rec: keropok..................
text_instance: 18
bbox: [297, 356, 36, 21]
bezier_pts: [300.0, 358.0, 310.67, 357.33, 321.33, 356.67, 332.0, 356.0, 331.0, 374.0, 319.67, 374.67, 308.33, 375.33, 297.0, 376.0]
rec: lekor....................
text_instance: 19
bbox: [336, 356, 28, 20]
bezier_pts: [337.0, 356.0, 345.67, 356.0, 354.33, 356.0, 363.0, 356.0, 362.0, 374.0, 353.79, 375.55, 344.2, 374.82, 336.0, 375.0]
rec: dan......................
text_instance: 20
bbox: [365, 357, 60, 21]
bezier_pts: [368.0, 358.0, 385.33, 357.67, 402.67, 357.33, 420.0, 357.0, 424.0, 375.0, 404.1, 377.61, 384.51, 377.08, 365.0, 377.0]
rec: keropok..................
text_instance: 21
bbox: [427, 356, 48, 23]
bezier_pts: [427.0, 356.0, 442.67, 356.33, 458.33, 356.67, 474.0, 357.0, 474.0, 378.0, 458.6, 377.98, 442.83, 377.26, 427.0, 376.0]
rec: keping...................
text_instance: 22
bbox: [483, 355, 45, 25]
bezier_pts: [483.0, 357.0, 497.67, 356.33, 512.33, 355.67, 527.0, 355.0, 527.0, 377.0, 513.15, 378.85, 498.85, 378.23, 484.0, 378.0]
rec: kering...................
