text_instance: 0
bbox: [2, 257, 34, 48]
bezier_pts: [3.0, 259.0, 13.67, 258.33, 24.33, 257.67, 35.0, 257.0, 31.0, 304.0, 21.33, 303.33, 11.67, 302.67, 2.0, 302.0]
rec: JAK......................
text_instance: 1
bbox: [178, 225, 72, 42]
bezier_pts: [178.0, 231.0, 200.15, 222.74, 225.47, 222.3, 249.0, 228.0, 245.0, 266.0, 223.0, 265.67, 201.0, 265.33, 179.0, 265.0]
rec: CHINA....................
text_instance: 2
bbox: [256, 212, 110, 57]
bezier_pts: [258.0, 227.0, 292.61, 213.71, 328.24, 213.4, 365.0, 212.0, 357.0, 254.0, 323.33, 258.67, 289.67, 263.33, 256.0, 268.0]
rec: RAMEN....................
text_instance: 3
bbox: [208, 261, 46, 42]
bezier_pts: [212.0, 261.0, 225.67, 264.0, 239.33, 267.0, 253.0, 270.0, 251.0, 302.0, 236.42, 302.57, 221.96, 299.6, 208.0, 294.0]
rec: SUI......................
text_instance: 4
bbox: [262, 254, 74, 53]
bezier_pts: [264.0, 273.0, 286.56, 260.09, 309.33, 256.96, 335.0, 254.0, 335.0, 290.0, 311.3, 298.06, 287.12, 303.42, 262.0, 306.0]
rec: JIAO.....................
text_instance: 5
bbox: [443, 181, 248, 79]
bezier_pts: [443.0, 215.0, 518.26, 170.41, 609.07, 179.99, 690.0, 184.0, 688.0, 222.0, 604.64, 203.72, 530.12, 214.82, 457.0, 259.0]
rec: Vietnamese...............
text_instance: 6
bbox: [509, 233, 98, 53]
bezier_pts: [509.0, 233.0, 539.33, 233.0, 569.67, 233.0, 600.0, 233.0, 606.0, 285.0, 574.39, 285.45, 543.14, 283.19, 512.0, 278.0]
rec: Beef.....................
text_instance: 7
bbox: [617, 173, 198, 109]
bezier_pts: [617.0, 233.0, 677.33, 213.0, 737.67, 193.0, 798.0, 173.0, 814.0, 214.0, 757.09, 251.4, 694.2, 277.81, 629.0, 281.0]
rec: Noodle...................
