text_instance: 0
bbox: [138, 198, 169, 111]
bezier_pts: [138.0, 260.0, 187.37, 230.26, 242.68, 213.15, 298.0, 198.0, 306.0, 248.0, 260.46, 254.77, 204.65, 255.02, 180.0, 308.0]
rec: DAILY....................
text_instance: 1
bbox: [314, 206, 287, 141]
bezier_pts: [314.0, 206.0, 418.77, 220.98, 528.85, 228.8, 600.0, 312.0, 572.0, 346.0, 511.05, 254.5, 401.24, 262.58, 314.0, 252.0]
rec: GROCERIES................
text_instance: 2
bbox: [42, 1032, 207, 237]
bezier_pts: [100.0, 1032.0, 118.14, 1120.55, 160.73, 1193.3, 248.0, 1226.0, 226.0, 1268.0, 117.51, 1238.0, 87.94, 1133.15, 42.0, 1048.0]
rec: FRIENDLY.................
text_instance: 3
bbox: [286, 1230, 191, 59]
bezier_pts: [286.0, 1232.0, 347.33, 1231.33, 408.67, 1230.67, 470.0, 1230.0, 476.0, 1282.0, 412.67, 1284.0, 349.33, 1286.0, 286.0, 1288.0]
rec: LOCAL....................
text_instance: 4
bbox: [522, 1012, 159, 241]
bezier_pts: [522.0, 1204.0, 596.69, 1168.78, 635.47, 1093.86, 630.0, 1012.0, 680.0, 1034.0, 670.0, 1114.8, 623.63, 1193.62, 568.0, 1252.0]
rec: HEALTHY..................
