text_instance: 0
bbox: [354, 351, 789, 292]
bezier_pts: [354.0, 535.0, 607.26, 268.56, 919.31, 297.31, 1142.0, 593.0, 1024.0, 642.0, 880.32, 408.8, 636.09, 391.2, 471.0, 610.0]
rec: RANDYS...................
text_instance: 1
bbox: [383, 1024, 716, 209]
bezier_pts: [441.0, 1024.0, 634.03, 1171.16, 836.46, 1138.07, 1053.0, 1055.0, 1098.0, 1135.0, 865.0, 1292.87, 617.78, 1267.73, 383.0, 1118.0]
rec: DONUTS...................
text_instance: 2
bbox: [1884, 466, 848, 424]
bezier_pts: [1884.0, 786.0, 2137.58, 492.5, 2466.72, 483.49, 2731.0, 762.0, 2563.0, 872.0, 2419.12, 601.44, 2212.82, 644.2, 2078.0, 889.0]
rec: DALES....................
text_instance: 3
bbox: [1856, 932, 943, 459]
bezier_pts: [2038.0, 956.0, 2208.41, 1247.16, 2452.86, 1230.82, 2598.0, 932.0, 2798.0, 1015.0, 2515.43, 1313.45, 2162.37, 1344.06, 1856.0, 1063.0]
rec: DONUTS...................
text_instance: 4
bbox: [1393, 1585, 81, 101]
bezier_pts: [1396.0, 1585.0, 1423.18, 1590.06, 1447.69, 1601.67, 1473.0, 1608.0, 1473.0, 1685.0, 1446.33, 1682.67, 1419.67, 1680.33, 1393.0, 1678.0]
rec: Don......................
text_instance: 5
bbox: [636, 1643, 85, 40]
bezier_pts: [636.0, 1643.0, 663.0, 1643.0, 690.0, 1643.0, 717.0, 1643.0, 720.0, 1682.0, 694.33, 1682.0, 668.67, 1682.0, 643.0, 1682.0]
rec: OPEN.....................
text_instance: 6
bbox: [636, 1682, 95, 49]
bezier_pts: [636.0, 1682.0, 663.0, 1682.0, 690.0, 1682.0, 717.0, 1682.0, 730.0, 1730.0, 698.67, 1730.0, 667.33, 1730.0, 636.0, 1730.0]
rec: 24hr.....................
