text_instance: 0
bbox: [22, 150, 156, 69]
bezier_pts: [22.0, 150.0, 62.91, 193.04, 131.65, 142.15, 176.0, 179.0, 177.0, 218.0, 131.56, 167.32, 67.66, 238.28, 22.0, 193.0]
rec: Slumberland..............
text_instance: 1
bbox: [207, 176, 24, 15]
bezier_pts: [207.0, 176.0, 214.67, 177.33, 222.33, 178.67, 230.0, 180.0, 230.0, 190.0, 222.35, 190.7, 215.03, 189.67, 208.0, 186.0]
rec: PUSAT....................
text_instance: 2
bbox: [230, 181, 37, 17]
bezier_pts: [233.0, 181.0, 244.0, 183.0, 255.0, 185.0, 266.0, 187.0, 264.0, 197.0, 252.23, 197.53, 240.99, 195.39, 230.0, 191.0]
rec: PERABOT..................
text_instance: 3
bbox: [206, 188, 70, 56]
bezier_pts: [206.0, 188.0, 228.11, 192.34, 252.89, 194.89, 275.0, 201.0, 275.0, 243.0, 253.43, 241.08, 226.73, 250.22, 210.0, 231.0]
rec: Ym.......................
text_instance: 4
bbox: [280, 225, 80, 34]
bezier_pts: [280.0, 225.0, 306.37, 229.73, 334.35, 230.82, 359.0, 237.0, 359.0, 258.0, 332.28, 256.73, 305.93, 252.3, 280.0, 245.0]
rec: FURNITURE................
text_instance: 5
bbox: [380, 217, 85, 47]
bezier_pts: [382.0, 217.0, 410.88, 221.91, 435.58, 221.81, 464.0, 233.0, 464.0, 263.0, 436.0, 248.17, 408.0, 272.42, 380.0, 256.0]
rec: Slumberland..............
text_instance: 6
bbox: [115, 25, 59, 48]
bezier_pts: [115.0, 25.0, 136.01, 29.63, 154.03, 35.76, 173.0, 46.0, 167.0, 72.0, 147.89, 70.52, 130.12, 69.89, 116.0, 56.0]
rec: Taipan...................
text_instance: 7
bbox: [177, 41, 63, 44]
bezier_pts: [181.0, 41.0, 200.33, 47.0, 219.67, 53.0, 239.0, 59.0, 229.0, 84.0, 210.93, 82.34, 193.52, 77.5, 177.0, 70.0]
rec: Health...................
text_instance: 8
bbox: [232, 65, 69, 38]
bezier_pts: [235.0, 65.0, 257.33, 69.93, 280.58, 70.68, 300.0, 82.0, 294.0, 102.0, 273.01, 101.42, 252.08, 97.54, 232.0, 91.0]
rec: Solution.................
text_instance: 9
bbox: [304, 92, 28, 29]
bezier_pts: [304.0, 92.0, 311.58, 94.59, 321.54, 90.35, 328.0, 98.0, 331.0, 120.0, 322.61, 119.76, 313.74, 117.32, 306.0, 114.0]
rec: RM.......................
text_instance: 10
bbox: [332, 83, 29, 43]
bezier_pts: [332.0, 83.0, 341.06, 85.7, 351.49, 88.0, 360.0, 93.0, 359.0, 125.0, 349.38, 125.32, 340.83, 122.08, 333.0, 117.0]
rec: 38.......................
text_instance: 11
bbox: [321, 53, 86, 51]
bezier_pts: [321.0, 53.0, 347.92, 63.71, 380.77, 69.74, 406.0, 83.0, 406.0, 103.0, 376.6, 95.01, 349.05, 86.48, 321.0, 76.0]
rec: TRADITIONAL..............
text_instance: 12
bbox: [232, 25, 84, 48]
bezier_pts: [233.0, 25.0, 261.56, 33.3, 287.54, 39.67, 315.0, 53.0, 315.0, 72.0, 286.75, 66.44, 259.84, 57.87, 232.0, 48.0]
rec: KESIHATAN................
text_instance: 13
bbox: [162, 10, 63, 36]
bezier_pts: [163.0, 10.0, 184.3, 11.0, 204.54, 13.46, 224.0, 20.0, 223.0, 45.0, 202.74, 38.74, 181.62, 33.58, 162.0, 25.0]
rec: WATAN....................
