text_instance: 0
bbox: [216, 459, 68, 25]
bezier_pts: [216.0, 459.0, 238.33, 459.0, 260.67, 459.0, 283.0, 459.0, 283.0, 481.0, 260.29, 482.66, 238.06, 482.62, 216.0, 481.0]
rec: HongKong.................
text_instance: 1
bbox: [196, 388, 45, 16]
bezier_pts: [196.0, 388.0, 210.67, 388.0, 225.33, 388.0, 240.0, 388.0, 240.0, 401.0, 225.24, 402.72, 210.94, 402.97, 196.0, 401.0]
rec: COFFEE...................
text_instance: 2
bbox: [311, 386, 35, 17]
bezier_pts: [311.0, 386.0, 322.33, 386.0, 333.67, 386.0, 345.0, 386.0, 345.0, 401.0, 333.82, 401.51, 322.72, 403.06, 311.0, 401.0]
rec: MUCH.....................
text_instance: 3
bbox: [281, 386, 28, 17]
bezier_pts: [281.0, 386.0, 290.0, 386.0, 299.0, 386.0, 308.0, 386.0, 308.0, 401.0, 299.12, 402.54, 289.73, 402.7, 281.0, 401.0]
rec: AND......................
text_instance: 4
bbox: [244, 387, 36, 17]
bezier_pts: [244.0, 387.0, 255.67, 387.0, 267.33, 387.0, 279.0, 387.0, 279.0, 402.0, 267.33, 402.0, 255.67, 402.0, 244.0, 402.0]
rec: JUICE....................
text_instance: 5
bbox: [426, 430, 46, 26]
bezier_pts: [426.0, 430.0, 441.0, 430.0, 456.0, 430.0, 471.0, 430.0, 471.0, 453.0, 456.0, 453.0, 441.0, 453.0, 426.0, 453.0]
rec: OVER.....................
text_instance: 6
bbox: [162, 215, 72, 85]
bezier_pts: [162.0, 273.0, 171.72, 249.78, 192.03, 235.07, 206.0, 215.0, 233.0, 247.0, 206.89, 254.39, 207.0, 282.05, 191.0, 299.0]
rec: JOR......................
text_instance: 7
bbox: [248, 189, 77, 43]
bezier_pts: [248.0, 197.0, 273.07, 178.83, 298.77, 191.64, 324.0, 199.0, 312.0, 231.0, 296.45, 216.19, 278.86, 219.12, 261.0, 228.0]
rec: THE......................
text_instance: 8
bbox: [321, 205, 86, 90]
bezier_pts: [332.0, 205.0, 378.77, 209.47, 390.92, 246.8, 406.0, 283.0, 375.0, 294.0, 358.21, 269.33, 353.01, 243.03, 321.0, 232.0]
rec: JUICE....................
text_instance: 9
bbox: [402, 433, 18, 25]
bezier_pts: [402.0, 434.0, 407.33, 431.89, 412.67, 433.33, 418.0, 433.0, 419.0, 457.0, 413.33, 456.67, 407.67, 456.33, 402.0, 456.0]
rec: A........................
