text_instance: 0
bbox: [140, 257, 322, 118]
bezier_pts: [140.0, 275.0, 246.08, 244.33, 354.86, 251.0, 461.0, 295.0, 457.0, 374.0, 361.09, 313.79, 239.52, 315.05, 140.0, 363.0]
rec: AKERSHUS.................
text_instance: 1
bbox: [160, 353, 109, 45]
bezier_pts: [160.0, 367.0, 196.03, 358.56, 229.62, 352.99, 268.0, 353.0, 268.0, 384.0, 234.67, 388.33, 201.33, 392.67, 168.0, 397.0]
rec: ROYAL....................
text_instance: 2
bbox: [277, 353, 162, 53]
bezier_pts: [277.0, 353.0, 332.46, 350.59, 384.34, 357.15, 438.0, 378.0, 431.0, 405.0, 379.67, 397.0, 328.33, 389.0, 277.0, 381.0]
rec: BANQUET..................
text_instance: 3
bbox: [260, 392, 84, 31]
bezier_pts: [261.0, 392.0, 286.0, 393.0, 311.0, 394.0, 336.0, 395.0, 343.0, 419.0, 315.77, 421.06, 288.08, 420.15, 260.0, 417.0]
rec: HALL.....................
text_instance: 4
bbox: [257, 540, 96, 28]
bezier_pts: [257.0, 541.0, 289.36, 537.8, 320.13, 542.82, 351.0, 547.0, 352.0, 567.0, 320.33, 565.0, 288.67, 563.0, 257.0, 561.0]
rec: PRINCESS.................
text_instance: 5
bbox: [229, 558, 91, 27]
bezier_pts: [234.0, 558.0, 262.64, 559.38, 288.13, 559.72, 316.0, 566.0, 319.0, 582.0, 289.12, 582.92, 258.5, 582.22, 229.0, 580.0]
rec: STORYBOOK................
text_instance: 6
bbox: [319, 570, 51, 18]
bezier_pts: [320.0, 571.0, 336.0, 570.67, 352.0, 570.33, 368.0, 570.0, 369.0, 586.0, 352.38, 588.05, 335.2, 587.3, 319.0, 584.0]
rec: DINING...................
