text_instance: 0
bbox: [692, 279, 156, 68]
bezier_pts: [692.0, 279.0, 743.67, 279.0, 795.33, 279.0, 847.0, 279.0, 847.0, 346.0, 795.33, 346.0, 743.67, 346.0, 692.0, 346.0]
rec: ENCINO...................
text_instance: 1
bbox: [655, 573, 57, 25]
bezier_pts: [655.0, 573.0, 673.67, 573.0, 692.33, 573.0, 711.0, 573.0, 711.0, 596.0, 692.52, 598.12, 673.36, 596.5, 655.0, 596.0]
rec: PEDXNG...................
text_instance: 2
bbox: [685, 602, 63, 19]
bezier_pts: [685.0, 602.0, 705.67, 602.0, 726.33, 602.0, 747.0, 602.0, 747.0, 619.0, 726.79, 620.68, 705.58, 620.48, 685.0, 619.0]
rec: imports..................
text_instance: 3
bbox: [782, 217, 62, 37]
bezier_pts: [782.0, 238.0, 799.95, 227.03, 816.74, 218.84, 838.0, 217.0, 843.0, 238.0, 826.67, 243.0, 810.33, 248.0, 794.0, 253.0]
rec: THE......................
text_instance: 4
bbox: [849, 212, 127, 52]
bezier_pts: [849.0, 213.0, 894.57, 208.1, 937.79, 217.65, 975.0, 248.0, 965.0, 263.0, 929.0, 253.67, 893.0, 244.33, 857.0, 235.0]
rec: VALLEYS..................
text_instance: 5
bbox: [776, 367, 124, 57]
bezier_pts: [789.0, 367.0, 825.33, 377.67, 861.67, 388.33, 898.0, 399.0, 899.0, 423.0, 855.18, 424.0, 806.96, 422.76, 776.0, 386.0]
rec: MIRACLE..................
text_instance: 6
bbox: [908, 376, 65, 44]
bezier_pts: [908.0, 395.0, 925.67, 388.67, 943.33, 382.33, 961.0, 376.0, 972.0, 394.0, 952.74, 404.66, 932.48, 413.03, 911.0, 418.0]
rec: MILE.....................
text_instance: 7
bbox: [865, 285, 195, 72]
bezier_pts: [866.0, 285.0, 930.33, 290.33, 994.67, 295.67, 1059.0, 301.0, 1059.0, 356.0, 994.33, 351.0, 929.67, 346.0, 865.0, 341.0]
rec: COMMONS..................
