text_instance: 0
bbox: [393, 60, 52, 44]
bezier_pts: [393.0, 60.0, 408.46, 63.55, 438.77, 55.06, 444.0, 78.0, 442.0, 103.0, 426.88, 102.04, 411.66, 98.7, 397.0, 93.0]
rec: 2012.....................
text_instance: 1
bbox: [386, 112, 94, 99]
bezier_pts: [386.0, 117.0, 420.79, 101.48, 450.34, 125.28, 479.0, 145.0, 477.0, 210.0, 433.04, 212.54, 426.7, 147.92, 388.0, 186.0]
rec: PORK.....................
text_instance: 2
bbox: [346, 280, 42, 54]
bezier_pts: [358.0, 280.0, 367.54, 288.35, 385.16, 293.82, 387.0, 307.0, 375.0, 333.0, 363.95, 328.5, 349.52, 324.18, 346.0, 310.0]
rec: WE.......................
text_instance: 3
bbox: [384, 307, 41, 42]
bezier_pts: [391.0, 307.0, 401.53, 309.67, 415.69, 309.16, 424.0, 319.0, 421.0, 348.0, 408.02, 346.6, 395.68, 342.82, 384.0, 337.0]
rec: Are......................
text_instance: 4
bbox: [429, 321, 35, 37]
bezier_pts: [430.0, 321.0, 440.67, 321.33, 451.33, 321.67, 462.0, 322.0, 463.0, 357.0, 451.67, 356.33, 440.33, 355.67, 429.0, 355.0]
rec: The......................
text_instance: 5
bbox: [462, 313, 49, 43]
bezier_pts: [462.0, 324.0, 473.67, 320.33, 485.33, 316.67, 497.0, 313.0, 510.0, 338.0, 496.8, 346.3, 482.47, 351.98, 467.0, 355.0]
rec: Best.....................
