text_instance: 0
bbox: [698, 242, 1945, 491]
bezier_pts: [734.0, 242.0, 1372.2, 248.17, 2009.46, 249.86, 2642.0, 270.0, 2638.0, 730.0, 1992.95, 722.93, 1345.23, 713.89, 698.0, 702.0]
rec: Smashed..................
text_instance: 1
bbox: [578, 1086, 2241, 381]
bezier_pts: [598.0, 1086.0, 1328.67, 1087.33, 2059.33, 1088.67, 2790.0, 1090.0, 2818.0, 1466.0, 2071.33, 1466.0, 1324.67, 1466.0, 578.0, 1466.0]
rec: BURGERS..................
text_instance: 2
bbox: [658, 1989, 293, 285]
bezier_pts: [766.0, 1989.0, 836.37, 2023.94, 896.22, 2070.77, 950.0, 2129.0, 854.0, 2273.0, 786.76, 2220.49, 721.39, 2165.88, 658.0, 2109.0]
rec: IN.......................
text_instance: 3
bbox: [956, 2190, 691, 331]
bezier_pts: [1022.0, 2190.0, 1230.0, 2251.67, 1438.0, 2313.33, 1646.0, 2375.0, 1644.0, 2520.0, 1402.73, 2519.22, 1164.92, 2433.88, 956.0, 2328.0]
rec: CRUST....................
text_instance: 4
bbox: [1706, 2313, 437, 209]
bezier_pts: [1706.0, 2365.0, 1831.33, 2347.67, 1956.67, 2330.33, 2082.0, 2313.0, 2142.0, 2489.0, 2010.1, 2499.99, 1878.29, 2507.94, 1746.0, 2513.0]
rec: WE.......................
text_instance: 5
bbox: [2154, 2011, 627, 443]
bezier_pts: [2154.0, 2312.0, 2332.0, 2211.67, 2510.0, 2111.33, 2688.0, 2011.0, 2780.0, 2114.0, 2629.27, 2277.73, 2426.82, 2387.13, 2206.0, 2453.0]
rec: TRUST....................
