text_instance: 0
bbox: [65, 98, 160, 132]
bezier_pts: [65.0, 202.0, 94.67, 135.29, 164.79, 126.1, 222.0, 98.0, 224.0, 132.0, 165.41, 139.32, 113.97, 173.85, 92.0, 229.0]
rec: BETTER...................
text_instance: 1
bbox: [268, 104, 152, 116]
bezier_pts: [269.0, 104.0, 330.24, 111.89, 384.55, 150.71, 419.0, 200.0, 386.0, 219.0, 360.84, 174.98, 313.46, 148.73, 268.0, 134.0]
rec: VINES....................
text_instance: 2
bbox: [13, 256, 477, 105]
bezier_pts: [13.0, 256.0, 171.75, 271.49, 330.42, 278.26, 489.0, 271.0, 486.0, 360.0, 330.77, 356.05, 178.11, 349.59, 25.0, 344.0]
rec: CLOSED...................
text_instance: 3
bbox: [73, 384, 165, 117]
bezier_pts: [98.0, 384.0, 130.2, 428.38, 175.68, 471.76, 233.0, 472.0, 237.0, 500.0, 168.97, 493.64, 118.84, 447.97, 73.0, 403.0]
rec: BETTER...................
text_instance: 4
bbox: [265, 405, 157, 96]
bezier_pts: [269.0, 472.0, 318.48, 476.22, 353.14, 440.29, 382.0, 405.0, 421.0, 419.0, 381.81, 461.12, 328.29, 504.8, 265.0, 500.0]
rec: WINES....................
text_instance: 5
bbox: [430, 421, 126, 68]
bezier_pts: [430.0, 422.0, 471.67, 421.67, 513.33, 421.33, 555.0, 421.0, 555.0, 487.0, 513.67, 488.58, 472.33, 487.84, 431.0, 488.0]
rec: PPY......................
text_instance: 6
bbox: [489, 175, 43, 17]
bezier_pts: [491.0, 175.0, 504.0, 175.33, 517.0, 175.67, 530.0, 176.0, 531.0, 189.0, 516.62, 191.19, 503.18, 191.05, 489.0, 191.0]
rec: Chees....................
