text_instance: 0
bbox: [327, 445, 124, 54]
bezier_pts: [327.0, 459.0, 367.67, 454.33, 408.33, 449.67, 449.0, 445.0, 450.0, 477.0, 412.67, 484.0, 375.33, 491.0, 338.0, 498.0]
rec: NGHIEP...................
text_instance: 1
bbox: [687, 386, 37, 23]
bezier_pts: [689.0, 388.0, 698.77, 384.42, 709.77, 387.72, 720.0, 387.0, 723.0, 406.0, 711.27, 407.79, 698.91, 408.15, 687.0, 408.0]
rec: 19.......................
text_instance: 2
bbox: [289, 466, 45, 34]
bezier_pts: [289.0, 474.0, 302.33, 469.55, 315.67, 466.88, 329.0, 466.0, 333.0, 491.0, 320.62, 494.37, 307.4, 496.53, 294.0, 499.0]
rec: XI.......................
text_instance: 3
bbox: [358, 499, 36, 18]
bezier_pts: [358.0, 499.0, 369.67, 499.67, 381.33, 500.33, 393.0, 501.0, 392.0, 515.0, 381.33, 515.0, 370.67, 515.0, 360.0, 515.0]
rec: DAO......................
text_instance: 4
bbox: [401, 500, 21, 16]
bezier_pts: [402.0, 501.0, 408.33, 498.98, 414.77, 500.26, 421.0, 500.0, 420.0, 514.0, 413.75, 514.1, 407.33, 514.9, 401.0, 513.0]
rec: UY.......................
text_instance: 5
bbox: [422, 499, 31, 17]
bezier_pts: [423.0, 500.0, 433.0, 497.8, 442.15, 499.41, 452.0, 499.0, 451.0, 513.0, 441.27, 514.51, 431.69, 514.74, 422.0, 514.0]
rec: ANH......................
text_instance: 6
bbox: [296, 523, 38, 17]
bezier_pts: [298.0, 525.0, 309.27, 523.84, 321.23, 521.82, 333.0, 524.0, 332.0, 539.0, 320.01, 539.06, 308.27, 539.54, 296.0, 537.0]
rec: T:84.....................
text_instance: 7
bbox: [361, 524, 87, 17]
bezier_pts: [362.0, 525.0, 390.33, 525.0, 418.67, 525.0, 447.0, 525.0, 447.0, 539.0, 418.76, 539.4, 390.06, 540.74, 361.0, 539.0]
rec: 38457634-38..............
