text_instance: 0
bbox: [321, 597, 128, 35]
bezier_pts: [324.0, 598.0, 362.7, 614.59, 401.38, 612.49, 440.0, 597.0, 448.0, 613.0, 408.28, 631.42, 360.64, 642.05, 321.0, 618.0]
rec: THAILAND.................
text_instance: 1
bbox: [194, 672, 93, 90]
bezier_pts: [226.0, 672.0, 262.44, 679.82, 249.06, 729.08, 286.0, 737.0, 266.0, 761.0, 235.93, 750.75, 213.27, 731.32, 194.0, 705.0]
rec: Hat......................
text_instance: 2
bbox: [288, 723, 76, 64]
bezier_pts: [291.0, 723.0, 315.0, 728.67, 339.0, 734.33, 363.0, 740.0, 358.0, 785.0, 333.91, 782.91, 310.72, 777.74, 288.0, 770.0]
rec: Yai......................
text_instance: 3
bbox: [382, 637, 182, 146]
bezier_pts: [382.0, 743.0, 445.34, 728.4, 502.11, 696.03, 531.0, 637.0, 563.0, 658.0, 528.77, 722.68, 478.49, 779.61, 397.0, 782.0]
rec: Thailand.................
