text_instance: 0
bbox: [210, 287, 36, 23]
bezier_pts: [210.0, 287.0, 221.67, 287.0, 233.33, 287.0, 245.0, 287.0, 245.0, 309.0, 233.33, 309.0, 221.67, 309.0, 210.0, 309.0]
rec: The......................
text_instance: 1
bbox: [169, 292, 51, 43]
bezier_pts: [169.0, 292.0, 184.77, 299.39, 208.42, 282.61, 218.0, 307.0, 219.0, 326.0, 203.64, 331.37, 187.65, 333.63, 171.0, 333.0]
rec: Tree.....................
text_instance: 2
bbox: [254, 297, 54, 34]
bezier_pts: [255.0, 301.0, 272.86, 292.17, 299.02, 289.47, 307.0, 313.0, 305.0, 330.0, 288.0, 329.67, 271.0, 329.33, 254.0, 329.0]
rec: Life.....................
text_instance: 3
bbox: [182, 325, 99, 38]
bezier_pts: [182.0, 325.0, 216.49, 327.11, 245.42, 325.0, 280.0, 332.0, 279.0, 355.0, 250.0, 357.33, 221.0, 359.67, 192.0, 362.0]
rec: Theather.................
text_instance: 4
bbox: [200, 352, 69, 25]
bezier_pts: [200.0, 358.0, 220.08, 348.4, 243.81, 352.51, 265.0, 355.0, 268.0, 371.0, 245.74, 373.87, 223.22, 375.47, 200.0, 376.0]
rec: Presents.................
text_instance: 5
bbox: [96, 381, 87, 63]
bezier_pts: [96.0, 409.0, 120.01, 390.49, 149.0, 388.84, 177.0, 381.0, 182.0, 416.0, 167.38, 446.36, 138.5, 440.3, 114.0, 443.0]
rec: ITS......................
text_instance: 6
bbox: [180, 372, 154, 55]
bezier_pts: [180.0, 377.0, 230.04, 372.38, 281.64, 367.29, 333.0, 380.0, 313.0, 423.0, 273.67, 424.0, 234.33, 425.0, 195.0, 426.0]
rec: TOUGH....................
text_instance: 7
bbox: [89, 443, 73, 74]
bezier_pts: [89.0, 478.0, 99.69, 453.39, 121.52, 448.78, 146.0, 443.0, 161.0, 462.0, 160.68, 489.02, 139.59, 500.24, 123.0, 516.0]
rec: TO.......................
text_instance: 8
bbox: [245, 430, 83, 50]
bezier_pts: [247.0, 434.0, 273.67, 432.67, 300.33, 431.33, 327.0, 430.0, 322.0, 468.0, 296.33, 471.67, 270.67, 475.33, 245.0, 479.0]
rec: BUG......................
text_instance: 9
bbox: [201, 478, 81, 41]
bezier_pts: [201.0, 478.0, 227.67, 478.0, 254.33, 478.0, 281.0, 478.0, 280.0, 518.0, 255.33, 516.0, 230.67, 514.0, 206.0, 512.0]
rec: Creepy...................
text_instance: 10
bbox: [276, 482, 85, 35]
bezier_pts: [276.0, 482.0, 302.67, 482.67, 329.33, 483.33, 356.0, 484.0, 360.0, 516.0, 332.05, 516.06, 303.97, 515.14, 276.0, 513.0]
rec: Crawly...................
text_instance: 11
bbox: [162, 512, 52, 40]
bezier_pts: [166.0, 512.0, 181.67, 512.67, 197.33, 513.33, 213.0, 514.0, 210.0, 551.0, 194.0, 548.67, 178.0, 546.33, 162.0, 544.0]
rec: Bug......................
text_instance: 12
bbox: [221, 512, 56, 33]
bezier_pts: [221.0, 512.0, 239.33, 512.0, 257.67, 512.0, 276.0, 512.0, 274.0, 543.0, 256.33, 543.33, 238.67, 543.67, 221.0, 544.0]
rec: Eyed.....................
text_instance: 13
bbox: [276, 512, 118, 42]
bezier_pts: [283.0, 512.0, 318.67, 512.67, 354.33, 513.33, 390.0, 514.0, 393.0, 553.0, 354.0, 550.67, 315.0, 548.33, 276.0, 546.0]
rec: Adventure................
text_instance: 14
bbox: [157, 424, 57, 62]
bezier_pts: [157.0, 443.0, 171.23, 432.8, 186.37, 423.68, 205.0, 424.0, 213.0, 461.0, 197.33, 469.0, 181.67, 477.0, 166.0, 485.0]
rec: BE.......................
text_instance: 15
bbox: [207, 429, 39, 42]
bezier_pts: [207.0, 431.0, 219.67, 430.67, 232.33, 430.33, 245.0, 430.0, 245.0, 468.0, 232.89, 469.74, 221.11, 471.02, 209.0, 469.0]
rec: A........................
text_instance: 16
bbox: [169, 480, 34, 32]
bezier_pts: [169.0, 483.0, 178.33, 482.0, 187.67, 481.0, 197.0, 480.0, 202.0, 508.0, 192.21, 510.99, 182.06, 510.13, 172.0, 511.0]
rec: A........................
