text_instance: 0
bbox: [188, 88, 323, 113]
bezier_pts: [188.0, 150.0, 284.52, 63.47, 409.76, 71.73, 510.0, 148.0, 478.0, 195.0, 399.52, 134.79, 296.02, 120.61, 221.0, 200.0]
rec: AUTHORIZED...............
text_instance: 1
bbox: [166, 184, 398, 211]
bezier_pts: [174.0, 232.0, 294.42, 195.75, 425.54, 204.57, 546.0, 184.0, 563.0, 307.0, 430.26, 336.47, 298.36, 367.15, 166.0, 394.0]
rec: Buick....................
text_instance: 2
bbox: [169, 402, 353, 123]
bezier_pts: [213.0, 402.0, 292.2, 477.32, 404.43, 491.28, 482.0, 405.0, 521.0, 449.0, 413.03, 549.75, 272.83, 552.72, 169.0, 442.0]
rec: SERVICE..................
