text_instance: 0
bbox: [195, 81, 280, 281]
bezier_pts: [272.0, 104.0, 335.84, 102.16, 399.1, 69.59, 461.0, 84.0, 474.0, 212.0, 384.84, 260.06, 311.59, 374.11, 195.0, 361.0]
rec: Like.....................
text_instance: 1
bbox: [372, 272, 39, 40]
bezier_pts: [372.0, 277.0, 384.55, 272.41, 397.55, 274.3, 410.0, 272.0, 410.0, 305.0, 399.41, 308.34, 389.99, 309.91, 379.0, 311.0]
rec: US.......................
text_instance: 2
bbox: [425, 265, 40, 36]
bezier_pts: [425.0, 267.0, 437.0, 266.33, 449.0, 265.67, 461.0, 265.0, 464.0, 294.0, 452.52, 297.97, 440.59, 300.62, 428.0, 300.0]
rec: on.......................
text_instance: 3
bbox: [57, 321, 507, 228]
bezier_pts: [57.0, 441.0, 216.71, 371.18, 387.89, 304.0, 563.0, 321.0, 555.0, 410.0, 392.26, 402.44, 233.98, 481.87, 92.0, 548.0]
rec: FACEBOOk.................
