text_instance: 0
bbox: [115, 509, 41, 32]
bezier_pts: [115.0, 509.0, 128.33, 509.0, 141.67, 509.0, 155.0, 509.0, 155.0, 540.0, 141.67, 540.0, 128.33, 540.0, 115.0, 540.0]
rec: EAT......................
text_instance: 1
bbox: [87, 474, 30, 30]
bezier_pts: [87.0, 474.0, 96.67, 474.0, 106.33, 474.0, 116.0, 474.0, 116.0, 503.0, 106.33, 503.0, 96.67, 503.0, 87.0, 503.0]
rec: KG.......................
text_instance: 2
bbox: [178, 316, 63, 89]
bezier_pts: [183.0, 320.0, 200.98, 317.47, 221.93, 317.74, 240.0, 316.0, 239.0, 404.0, 218.67, 403.67, 198.33, 403.33, 178.0, 403.0]
rec: Kg.......................
text_instance: 3
bbox: [155, 422, 40, 32]
bezier_pts: [162.0, 422.0, 174.28, 426.14, 184.56, 431.41, 194.0, 441.0, 193.0, 453.0, 173.92, 453.82, 160.99, 443.47, 155.0, 431.0]
rec: KOREAN...................
text_instance: 4
bbox: [196, 437, 53, 20]
bezier_pts: [196.0, 442.0, 212.0, 440.33, 228.0, 438.67, 244.0, 437.0, 248.0, 446.0, 231.7, 451.89, 214.5, 455.04, 197.0, 455.0]
rec: CHARCOAL.................
text_instance: 5
bbox: [248, 420, 22, 25]
bezier_pts: [248.0, 432.0, 253.0, 428.0, 258.0, 424.0, 263.0, 420.0, 269.0, 431.0, 266.75, 436.33, 261.93, 445.25, 250.0, 444.0]
rec: BBQ......................
text_instance: 6
bbox: [119, 477, 78, 34]
bezier_pts: [119.0, 477.0, 143.67, 477.33, 168.33, 477.67, 193.0, 478.0, 196.0, 510.0, 170.86, 509.21, 144.76, 508.4, 119.0, 504.0]
rec: KOREAN...................
text_instance: 7
bbox: [200, 480, 116, 37]
bezier_pts: [200.0, 480.0, 238.89, 482.22, 276.9, 480.02, 314.0, 484.0, 315.0, 515.0, 276.51, 515.34, 238.61, 512.6, 201.0, 507.0]
rec: CHARCOAL.................
text_instance: 8
bbox: [319, 483, 56, 37]
bezier_pts: [322.0, 483.0, 338.33, 484.0, 354.67, 485.0, 371.0, 486.0, 374.0, 518.0, 355.82, 518.81, 337.05, 516.76, 319.0, 512.0]
rec: BBQ......................
text_instance: 9
bbox: [157, 514, 46, 31]
bezier_pts: [157.0, 514.0, 171.0, 515.0, 185.0, 516.0, 199.0, 517.0, 202.0, 544.0, 188.0, 544.0, 174.0, 544.0, 160.0, 544.0]
rec: ALL......................
text_instance: 10
bbox: [205, 515, 50, 36]
bezier_pts: [205.0, 515.0, 221.33, 516.0, 237.67, 517.0, 254.0, 518.0, 254.0, 550.0, 238.22, 550.06, 223.4, 550.54, 208.0, 548.0]
rec: YOU......................
text_instance: 11
bbox: [258, 518, 58, 39]
bezier_pts: [258.0, 518.0, 277.0, 519.33, 296.0, 520.67, 315.0, 522.0, 312.0, 556.0, 294.51, 556.71, 277.44, 554.25, 261.0, 549.0]
rec: CAN......................
text_instance: 12
bbox: [105, 568, 93, 35]
bezier_pts: [105.0, 568.0, 135.12, 573.03, 166.88, 572.26, 197.0, 579.0, 197.0, 602.0, 166.45, 602.06, 135.69, 599.08, 105.0, 593.0]
rec: WEEKDAYS.................
text_instance: 13
bbox: [216, 582, 44, 27]
bezier_pts: [216.0, 582.0, 230.0, 582.67, 244.0, 583.33, 258.0, 584.0, 259.0, 608.0, 245.49, 608.62, 233.12, 606.67, 221.0, 602.0]
rec: mon......................
text_instance: 14
bbox: [283, 586, 37, 31]
bezier_pts: [285.0, 586.0, 294.67, 587.0, 304.33, 588.0, 314.0, 589.0, 319.0, 616.0, 306.35, 616.63, 294.46, 614.21, 283.0, 609.0]
rec: FRI......................
