text_instance: 0
bbox: [521, 153, 232, 140]
bezier_pts: [521.0, 153.0, 591.55, 155.69, 670.44, 150.98, 741.0, 159.0, 752.0, 290.0, 674.32, 292.5, 597.31, 292.57, 522.0, 291.0]
rec: 20.......................
text_instance: 1
bbox: [573, 229, 117, 25]
bezier_pts: [573.0, 232.0, 611.67, 228.55, 650.33, 227.77, 689.0, 235.0, 685.0, 253.0, 649.0, 252.33, 613.0, 251.67, 577.0, 251.0]
rec: YEARS....................
text_instance: 2
bbox: [196, 439, 281, 101]
bezier_pts: [196.0, 477.0, 284.39, 450.88, 380.8, 438.26, 474.0, 439.0, 476.0, 508.0, 389.33, 518.33, 302.67, 528.67, 216.0, 539.0]
rec: Tokyo....................
text_instance: 3
bbox: [508, 420, 535, 140]
bezier_pts: [511.0, 420.0, 689.0, 424.97, 864.22, 426.19, 1042.0, 493.0, 1028.0, 559.0, 854.67, 530.9, 681.33, 473.45, 508.0, 488.0]
rec: Disneyland...............
text_instance: 4
bbox: [508, 537, 233, 53]
bezier_pts: [508.0, 548.0, 587.96, 515.9, 661.73, 564.69, 740.0, 561.0, 738.0, 589.0, 661.33, 586.33, 584.67, 583.67, 508.0, 581.0]
rec: CHRISTMAS................
text_instance: 5
bbox: [517, 586, 210, 46]
bezier_pts: [520.0, 586.0, 588.67, 587.0, 657.33, 588.0, 726.0, 589.0, 724.0, 625.0, 655.13, 626.91, 585.85, 625.92, 517.0, 622.0]
rec: FANTASY..................
text_instance: 6
bbox: [574, 625, 102, 33]
bezier_pts: [574.0, 625.0, 605.67, 625.33, 637.33, 625.67, 669.0, 626.0, 675.0, 654.0, 642.74, 656.6, 611.05, 656.91, 580.0, 655.0]
rec: 2003.....................
text_instance: 7
bbox: [521, 308, 31, 30]
bezier_pts: [533.0, 308.0, 543.51, 307.69, 542.48, 321.64, 551.0, 320.0, 538.0, 337.0, 532.33, 331.0, 526.67, 325.0, 521.0, 319.0]
rec: THE......................
text_instance: 8
bbox: [543, 321, 67, 35]
bezier_pts: [551.0, 321.0, 570.33, 327.0, 589.67, 333.0, 609.0, 339.0, 608.0, 355.0, 585.57, 350.94, 563.95, 343.9, 543.0, 334.0]
rec: KINGDOM..................
text_instance: 9
bbox: [607, 340, 19, 23]
bezier_pts: [607.0, 340.0, 613.0, 340.67, 619.0, 341.33, 625.0, 342.0, 625.0, 361.0, 620.0, 361.33, 615.0, 361.67, 610.0, 362.0]
rec: OF.......................
text_instance: 10
bbox: [629, 336, 53, 21]
bezier_pts: [629.0, 343.0, 645.33, 340.67, 661.67, 338.33, 678.0, 336.0, 681.0, 350.0, 663.63, 353.13, 646.52, 355.8, 629.0, 355.0]
rec: DREAMS...................
text_instance: 11
bbox: [689, 311, 46, 34]
bezier_pts: [689.0, 332.0, 701.67, 325.0, 714.33, 318.0, 727.0, 311.0, 734.0, 323.0, 722.5, 332.23, 709.65, 339.14, 696.0, 344.0]
rec: MAGIC....................
