text_instance: 0
bbox: [146, 85, 210, 61]
bezier_pts: [146.0, 91.0, 215.71, 81.11, 283.6, 83.0, 355.0, 102.0, 352.0, 145.0, 284.52, 135.92, 221.19, 130.05, 151.0, 139.0]
rec: HOTEL....................
text_instance: 1
bbox: [98, 574, 119, 65]
bezier_pts: [109.0, 574.0, 144.67, 579.33, 180.33, 584.67, 216.0, 590.0, 214.0, 638.0, 176.18, 630.61, 133.96, 641.04, 98.0, 616.0]
rec: Relais...................
text_instance: 2
bbox: [272, 563, 182, 75]
bezier_pts: [272.0, 586.0, 329.15, 586.02, 381.42, 580.54, 435.0, 563.0, 453.0, 611.0, 397.2, 634.09, 334.31, 639.2, 275.0, 637.0]
rec: LOUVRE...................
text_instance: 3
bbox: [40, 558, 62, 56]
bezier_pts: [58.0, 558.0, 72.33, 563.67, 86.67, 569.33, 101.0, 575.0, 90.0, 613.0, 73.09, 611.73, 56.9, 606.59, 40.0, 602.0]
rec: Le.......................
text_instance: 4
bbox: [220, 586, 58, 55]
bezier_pts: [221.0, 586.0, 238.33, 586.67, 255.67, 587.33, 273.0, 588.0, 277.0, 639.0, 258.21, 640.29, 239.16, 639.32, 220.0, 636.0]
rec: du.......................
