text_instance: 0
bbox: [183, 178, 28, 24]
bezier_pts: [183.0, 178.0, 192.0, 178.0, 201.0, 178.0, 210.0, 178.0, 210.0, 201.0, 201.0, 201.0, 192.0, 201.0, 183.0, 201.0]
rec: ABG......................
text_instance: 1
bbox: [357, 174, 26, 22]
bezier_pts: [357.0, 174.0, 365.33, 174.0, 373.67, 174.0, 382.0, 174.0, 382.0, 195.0, 373.67, 195.0, 365.33, 195.0, 357.0, 195.0]
rec: ABG......................
text_instance: 2
bbox: [147, 114, 90, 45]
bezier_pts: [147.0, 131.0, 176.33, 122.67, 205.67, 115.23, 235.0, 114.0, 236.0, 138.0, 208.67, 144.67, 181.33, 151.33, 154.0, 158.0]
rec: BEECH....................
text_instance: 3
bbox: [247, 106, 79, 35]
bezier_pts: [247.0, 106.0, 273.0, 107.67, 299.0, 109.33, 325.0, 111.0, 324.0, 138.0, 299.33, 138.67, 274.67, 139.33, 250.0, 140.0]
rec: GROVE....................
text_instance: 4
bbox: [330, 114, 75, 44]
bezier_pts: [336.0, 114.0, 358.81, 117.92, 382.03, 120.47, 404.0, 131.0, 404.0, 157.0, 378.58, 151.63, 353.8, 145.39, 330.0, 136.0]
rec: FARMS....................
text_instance: 5
bbox: [151, 230, 133, 33]
bezier_pts: [151.0, 236.0, 195.0, 234.0, 239.0, 232.0, 283.0, 230.0, 283.0, 255.0, 239.69, 260.16, 197.34, 262.29, 154.0, 262.0]
rec: REGISTERED...............
text_instance: 6
bbox: [288, 226, 61, 30]
bezier_pts: [288.0, 229.0, 308.0, 228.0, 328.0, 227.0, 348.0, 226.0, 348.0, 252.0, 329.33, 253.0, 310.67, 254.0, 292.0, 255.0]
rec: BLACK....................
text_instance: 7
bbox: [352, 223, 60, 30]
bezier_pts: [353.0, 225.0, 372.33, 224.33, 391.67, 223.67, 411.0, 223.0, 410.0, 246.0, 391.05, 250.4, 371.42, 251.21, 352.0, 252.0]
rec: ANGUS....................
