text_instance: 0
bbox: [166, 135, 135, 108]
bezier_pts: [166.0, 214.0, 197.28, 173.12, 242.21, 150.72, 288.0, 135.0, 300.0, 171.0, 255.72, 185.56, 220.88, 213.81, 186.0, 242.0]
rec: BORDER...................
text_instance: 1
bbox: [299, 110, 104, 61]
bezier_pts: [299.0, 124.0, 334.39, 117.27, 366.04, 109.69, 402.0, 110.0, 400.0, 153.0, 368.0, 158.67, 336.0, 164.33, 304.0, 170.0]
rec: ROADS....................
text_instance: 2
bbox: [407, 115, 195, 118]
bezier_pts: [407.0, 115.0, 480.67, 116.51, 550.31, 152.06, 601.0, 202.0, 583.0, 232.0, 538.11, 187.74, 479.84, 148.15, 408.0, 156.0]
rec: ORGANISATION.............
text_instance: 3
bbox: [225, 262, 209, 54]
bezier_pts: [228.0, 264.0, 296.33, 263.33, 364.67, 262.67, 433.0, 262.0, 432.0, 306.0, 364.81, 324.37, 294.03, 313.59, 225.0, 311.0]
rec: SIMPLICITY...............
text_instance: 4
bbox: [441, 263, 41, 48]
bezier_pts: [441.0, 263.0, 453.33, 263.0, 465.67, 263.0, 478.0, 263.0, 480.0, 307.0, 471.82, 317.53, 453.5, 305.21, 444.0, 309.0]
rec: IS.......................
text_instance: 5
bbox: [485, 258, 69, 49]
bezier_pts: [485.0, 260.0, 507.67, 259.33, 530.33, 258.67, 553.0, 258.0, 551.0, 302.0, 533.68, 311.43, 513.74, 303.2, 496.0, 303.0]
rec: THE......................
text_instance: 6
bbox: [193, 331, 112, 53]
bezier_pts: [193.0, 335.0, 229.0, 333.67, 265.0, 332.33, 301.0, 331.0, 304.0, 378.0, 266.92, 379.88, 230.07, 379.5, 194.0, 377.0]
rec: PEAK.....................
text_instance: 7
bbox: [311, 330, 50, 51]
bezier_pts: [311.0, 334.0, 327.38, 328.04, 343.85, 332.86, 360.0, 330.0, 357.0, 371.0, 353.04, 387.35, 324.74, 379.2, 313.0, 379.0]
rec: OF.......................
text_instance: 8
bbox: [370, 325, 219, 48]
bezier_pts: [370.0, 334.0, 444.16, 324.52, 514.41, 327.88, 588.0, 325.0, 587.0, 365.0, 514.67, 367.33, 442.33, 369.67, 370.0, 372.0]
rec: CIVILIZATION.............
text_instance: 9
bbox: [404, 392, 83, 31]
bezier_pts: [404.0, 395.0, 429.6, 394.21, 460.32, 390.49, 486.0, 393.0, 486.0, 419.0, 459.0, 420.0, 432.0, 421.0, 405.0, 422.0]
rec: JESSIE...................
text_instance: 10
bbox: [490, 385, 98, 32]
bezier_pts: [490.0, 390.0, 522.13, 386.59, 553.48, 386.56, 587.0, 385.0, 587.0, 411.0, 555.0, 412.67, 523.0, 414.33, 491.0, 416.0]
rec: SAMPTER..................
text_instance: 11
bbox: [145, 451, 140, 46]
bezier_pts: [145.0, 458.0, 190.0, 455.67, 235.0, 453.33, 280.0, 451.0, 284.0, 483.0, 237.67, 487.33, 191.33, 491.67, 145.0, 496.0]
rec: 491RMPL..................
text_instance: 12
bbox: [354, 441, 45, 38]
bezier_pts: [354.0, 442.0, 368.0, 441.67, 382.0, 441.33, 396.0, 441.0, 398.0, 475.0, 383.13, 477.13, 368.57, 477.66, 354.0, 475.0]
rec: 54.......................
text_instance: 13
bbox: [401, 439, 48, 34]
bezier_pts: [402.0, 441.0, 416.67, 440.33, 431.33, 439.67, 446.0, 439.0, 448.0, 467.0, 432.71, 468.44, 417.14, 471.0, 401.0, 472.0]
rec: RCC......................
text_instance: 14
bbox: [498, 425, 49, 51]
bezier_pts: [500.0, 427.0, 515.33, 426.33, 530.67, 425.67, 546.0, 425.0, 544.0, 471.0, 528.32, 472.82, 513.28, 473.61, 498.0, 475.0]
rec: 16.......................
text_instance: 15
bbox: [561, 423, 52, 48]
bezier_pts: [561.0, 425.0, 578.29, 425.87, 595.18, 420.97, 612.0, 424.0, 611.0, 470.0, 595.0, 469.0, 579.0, 468.0, 563.0, 467.0]
rec: TF.......................
