text_instance: 0
bbox: [656, 386, 83, 34]
bezier_pts: [656.0, 386.0, 683.33, 386.0, 710.67, 386.0, 738.0, 386.0, 738.0, 419.0, 710.67, 419.0, 683.33, 419.0, 656.0, 419.0]
rec: LITTLE...................
text_instance: 1
bbox: [681, 335, 62, 27]
bezier_pts: [681.0, 335.0, 701.33, 335.0, 721.67, 335.0, 742.0, 335.0, 742.0, 361.0, 721.67, 361.0, 701.33, 361.0, 681.0, 361.0]
rec: Spring...................
text_instance: 2
bbox: [688, 367, 40, 17]
bezier_pts: [688.0, 367.0, 701.0, 367.0, 714.0, 367.0, 727.0, 367.0, 727.0, 383.0, 714.0, 383.0, 701.0, 383.0, 688.0, 383.0]
rec: FROM.....................
text_instance: 3
bbox: [643, 421, 116, 50]
bezier_pts: [648.0, 421.0, 682.33, 421.0, 716.67, 421.0, 751.0, 421.0, 758.0, 464.0, 719.42, 466.03, 681.09, 464.96, 643.0, 461.0]
rec: BARUK....................
text_instance: 4
bbox: [652, 369, 38, 21]
bezier_pts: [652.0, 374.0, 663.33, 372.33, 674.67, 370.67, 686.0, 369.0, 689.0, 384.0, 676.95, 386.8, 666.04, 387.52, 654.0, 389.0]
rec: TALES....................
