text_instance: 0
bbox: [233, 308, 127, 114]
bezier_pts: [233.0, 383.0, 270.61, 355.39, 315.93, 331.71, 357.0, 308.0, 359.0, 362.0, 322.0, 381.67, 285.0, 401.33, 248.0, 421.0]
rec: CAO......................
text_instance: 1
bbox: [377, 256, 102, 94]
bezier_pts: [377.0, 295.0, 403.32, 271.86, 436.77, 264.11, 468.0, 256.0, 478.0, 321.0, 445.74, 313.13, 415.83, 329.4, 392.0, 349.0]
rec: OC.......................
text_instance: 2
bbox: [504, 207, 293, 99]
bezier_pts: [506.0, 241.0, 603.55, 226.11, 700.22, 218.33, 796.0, 207.0, 770.0, 281.0, 681.33, 289.0, 592.67, 297.0, 504.0, 305.0]
rec: SCREC....................
text_instance: 3
bbox: [294, 460, 275, 106]
bezier_pts: [303.0, 503.0, 391.33, 488.67, 479.67, 474.33, 568.0, 460.0, 568.0, 524.0, 476.67, 537.67, 385.33, 551.33, 294.0, 565.0]
rec: coopmart.................
