text_instance: 0
bbox: [135, 247, 221, 40]
bezier_pts: [135.0, 263.0, 209.4, 240.09, 279.18, 246.64, 355.0, 256.0, 342.0, 273.0, 275.68, 265.31, 200.86, 258.81, 139.0, 286.0]
rec: SOMERLED.................
text_instance: 1
bbox: [106, 294, 65, 14]
bezier_pts: [107.0, 294.0, 128.0, 294.0, 149.0, 294.0, 170.0, 294.0, 169.0, 305.0, 147.76, 306.63, 127.49, 307.3, 106.0, 307.0]
rec: CELLAR...................
text_instance: 2
bbox: [175, 291, 36, 14]
bezier_pts: [176.0, 292.0, 187.33, 291.67, 198.67, 291.33, 210.0, 291.0, 210.0, 302.0, 198.43, 304.02, 186.27, 304.16, 175.0, 304.0]
rec: Bar......................
text_instance: 3
bbox: [233, 286, 53, 18]
bezier_pts: [233.0, 286.0, 250.33, 286.33, 267.67, 286.67, 285.0, 287.0, 285.0, 300.0, 268.33, 301.0, 251.67, 302.0, 235.0, 303.0]
rec: PICNIC...................
text_instance: 4
bbox: [291, 284, 91, 15]
bezier_pts: [292.0, 285.0, 321.67, 284.67, 351.33, 284.33, 381.0, 284.0, 381.0, 294.0, 350.91, 297.34, 321.42, 297.14, 291.0, 298.0]
rec: PROVIDORE................
