text_instance: 0
bbox: [342, 212, 149, 32]
bezier_pts: [342.0, 212.0, 391.33, 212.0, 440.67, 212.0, 490.0, 212.0, 490.0, 242.0, 440.67, 242.0, 391.33, 242.0, 342.0, 242.0]
rec: TAPHOUSE.................
text_instance: 1
bbox: [369, 194, 42, 30]
bezier_pts: [369.0, 204.0, 380.67, 200.67, 392.33, 197.33, 404.0, 194.0, 410.0, 209.0, 400.27, 215.69, 388.99, 218.63, 378.0, 223.0]
rec: 4TH......................
text_instance: 2
bbox: [408, 194, 65, 30]
bezier_pts: [415.0, 194.0, 434.83, 196.52, 455.84, 198.67, 472.0, 212.0, 464.0, 223.0, 444.65, 219.53, 426.13, 215.25, 408.0, 210.0]
rec: STREET...................
text_instance: 3
bbox: [338, 275, 49, 46]
bezier_pts: [352.0, 275.0, 363.33, 284.0, 374.67, 293.0, 386.0, 302.0, 381.0, 320.0, 361.08, 321.64, 346.29, 300.84, 338.0, 287.0]
rec: BAR......................
text_instance: 4
bbox: [413, 284, 89, 47]
bezier_pts: [415.0, 310.0, 441.46, 309.65, 470.05, 305.33, 488.0, 284.0, 501.0, 295.0, 482.79, 337.29, 450.17, 328.87, 413.0, 330.0]
rec: GRILLE...................
text_instance: 5
bbox: [921, 379, 157, 192]
bezier_pts: [921.0, 454.0, 975.44, 445.6, 1018.07, 403.89, 1069.0, 379.0, 1077.0, 496.0, 1028.51, 520.86, 980.77, 547.14, 931.0, 570.0]
rec: SPRI.....................
