text_instance: 0
bbox: [10, 11, 566, 386]
bezier_pts: [10.0, 317.0, 165.64, 50.28, 415.12, 73.51, 575.0, 329.0, 550.0, 396.0, 465.21, 119.69, 241.6, 76.62, 84.0, 323.0]
rec: WELCOME..................
text_instance: 1
bbox: [264, 209, 223, 97]
bezier_pts: [264.0, 209.0, 339.13, 221.28, 409.92, 237.2, 481.0, 254.0, 486.0, 305.0, 411.93, 296.13, 340.18, 284.81, 268.0, 271.0]
rec: BOSTONS..................
text_instance: 2
bbox: [266, 301, 217, 81]
bezier_pts: [269.0, 301.0, 338.67, 310.33, 408.33, 319.67, 478.0, 329.0, 482.0, 381.0, 410.37, 376.84, 337.59, 370.41, 266.0, 362.0]
rec: HISTORIC.................
text_instance: 3
bbox: [273, 397, 177, 66]
bezier_pts: [273.0, 397.0, 330.0, 399.33, 387.0, 401.67, 444.0, 404.0, 449.0, 460.0, 391.88, 461.56, 333.88, 462.23, 275.0, 462.0]
rec: NORTH....................
text_instance: 4
bbox: [457, 405, 77, 57]
bezier_pts: [457.0, 405.0, 480.0, 406.33, 503.0, 407.67, 526.0, 409.0, 533.0, 461.0, 510.0, 461.0, 487.0, 461.0, 464.0, 461.0]
rec: END......................
