text_instance: 0
bbox: [16, 244, 563, 255]
bezier_pts: [16.0, 313.0, 198.03, 289.92, 395.99, 201.68, 578.0, 292.0, 560.0, 451.0, 371.1, 410.36, 206.36, 460.16, 26.0, 498.0]
rec: Softlan..................
text_instance: 1
bbox: [76, 483, 154, 119]
bezier_pts: [76.0, 537.0, 120.34, 492.43, 176.12, 505.02, 229.0, 483.0, 209.0, 561.0, 167.67, 574.33, 126.33, 587.67, 85.0, 601.0]
rec: Anti.....................
text_instance: 2
bbox: [248, 472, 283, 84]
bezier_pts: [250.0, 483.0, 347.31, 461.78, 443.5, 463.96, 530.0, 504.0, 509.0, 547.0, 426.31, 551.03, 333.07, 528.17, 248.0, 555.0]
rec: Wrinkles.................
text_instance: 3
bbox: [509, 748, 58, 61]
bezier_pts: [509.0, 792.0, 523.67, 777.33, 538.33, 762.67, 553.0, 748.0, 566.0, 763.0, 550.67, 778.0, 535.33, 793.0, 520.0, 808.0]
rec: washes...................
text_instance: 4
bbox: [401, 832, 117, 61]
bezier_pts: [401.0, 868.0, 440.55, 871.06, 483.69, 869.83, 509.0, 832.0, 517.0, 856.0, 479.45, 870.71, 440.45, 882.91, 401.0, 892.0]
rec: Lavender.................
