text_instance: 0
bbox: [87, 50, 189, 197]
bezier_pts: [87.0, 220.0, 120.94, 138.9, 183.99, 83.15, 268.0, 50.0, 275.0, 78.0, 189.93, 100.26, 136.8, 163.36, 113.0, 246.0]
rec: RAJASEKARAN..............
text_instance: 1
bbox: [271, 38, 136, 38]
bezier_pts: [271.0, 45.0, 316.61, 39.95, 360.97, 39.58, 406.0, 38.0, 400.0, 64.0, 360.22, 59.86, 319.3, 59.71, 282.0, 75.0]
rec: FAMILY...................
text_instance: 2
bbox: [413, 39, 160, 105]
bezier_pts: [415.0, 39.0, 473.76, 52.17, 528.85, 79.4, 572.0, 122.0, 553.0, 143.0, 517.86, 96.21, 469.91, 72.6, 413.0, 68.0]
rec: WELCOME..................
text_instance: 3
bbox: [565, 131, 37, 36]
bezier_pts: [581.0, 131.0, 587.67, 138.33, 594.33, 145.67, 601.0, 153.0, 583.0, 166.0, 569.77, 172.88, 578.26, 162.91, 565.0, 152.0]
rec: U........................
text_instance: 4
bbox: [581, 161, 56, 76]
bezier_pts: [607.0, 161.0, 617.03, 179.73, 627.35, 200.01, 636.0, 219.0, 613.0, 236.0, 602.43, 214.12, 595.84, 193.29, 581.0, 174.0]
rec: ALL......................
