text_instance: 0
bbox: [71, 35, 193, 97]
bezier_pts: [71.0, 101.0, 119.16, -8.11, 227.44, 12.14, 263.0, 118.0, 242.0, 131.0, 213.47, 52.16, 142.87, 24.15, 97.0, 114.0]
rec: LOUISIANA................
text_instance: 1
bbox: [74, 155, 180, 82]
bezier_pts: [99.0, 155.0, 132.46, 217.56, 195.29, 230.11, 238.0, 168.0, 253.0, 185.0, 201.12, 267.33, 115.84, 252.54, 74.0, 168.0]
rec: KITCHEN..................
text_instance: 2
bbox: [8, 272, 288, 69]
bezier_pts: [8.0, 272.0, 103.67, 273.67, 199.33, 275.33, 295.0, 277.0, 292.0, 339.0, 198.72, 340.17, 104.73, 340.07, 10.0, 340.0]
rec: POPEYES..................
text_instance: 3
bbox: [120, 78, 104, 117]
bezier_pts: [120.0, 86.0, 149.56, 78.93, 177.89, 79.67, 209.0, 78.0, 223.0, 171.0, 195.19, 165.7, 173.25, 188.75, 147.0, 194.0]
rec: P........................
