text_instance: 0
bbox: [1631, 810, 1281, 373]
bezier_pts: [1631.0, 906.0, 2060.52, 760.23, 2482.81, 826.52, 2911.0, 946.0, 2879.0, 1162.0, 2488.95, 1017.31, 2102.94, 984.04, 1711.0, 1182.0]
rec: Welcome..................
text_instance: 1
bbox: [862, 1330, 1470, 465]
bezier_pts: [894.0, 1330.0, 1374.08, 1329.5, 1853.02, 1344.16, 2331.0, 1374.0, 2287.0, 1794.0, 1811.44, 1783.63, 1336.78, 1770.34, 862.0, 1754.0]
rec: GHOST....................
text_instance: 2
bbox: [2375, 1338, 1273, 521]
bezier_pts: [2375.0, 1342.0, 2788.33, 1340.67, 3201.67, 1339.33, 3615.0, 1338.0, 3647.0, 1858.0, 3243.0, 1847.33, 2839.0, 1836.67, 2435.0, 1826.0]
rec: TOWN.....................
text_instance: 3
bbox: [1607, 1970, 1169, 217]
bezier_pts: [1607.0, 1970.0, 1996.33, 1971.33, 2385.67, 1972.67, 2775.0, 1974.0, 2771.0, 2170.0, 2389.51, 2177.45, 2006.99, 2181.54, 1627.0, 2186.0]
rec: 1885.....................
text_instance: 4
bbox: [2171, 1108, 196, 175]
bezier_pts: [2171.0, 1168.0, 2229.48, 1143.67, 2295.11, 1126.75, 2355.0, 1108.0, 2366.0, 1217.0, 2302.0, 1238.67, 2238.0, 1260.33, 2174.0, 1282.0]
rec: TO.......................
