text_instance: 0
bbox: [37, 71, 68, 62]
bezier_pts: [37.0, 132.0, 44.76, 93.31, 64.12, 74.54, 102.0, 71.0, 104.0, 87.0, 76.94, 86.88, 59.77, 107.18, 57.0, 132.0]
rec: DESCHUTES................
text_instance: 1
bbox: [112, 73, 53, 58]
bezier_pts: [116.0, 73.0, 150.23, 74.63, 162.61, 100.83, 164.0, 130.0, 143.0, 129.0, 138.81, 110.71, 135.74, 90.38, 112.0, 87.0]
rec: BREWERY..................
text_instance: 2
bbox: [41, 174, 62, 18]
bezier_pts: [42.0, 175.0, 62.0, 174.67, 82.0, 174.33, 102.0, 174.0, 100.0, 188.0, 80.71, 190.97, 60.64, 190.43, 41.0, 190.0]
rec: PUBLIC...................
text_instance: 3
bbox: [109, 172, 57, 20]
bezier_pts: [109.0, 174.0, 127.33, 173.33, 145.67, 172.67, 164.0, 172.0, 165.0, 188.0, 147.33, 191.68, 129.39, 191.9, 111.0, 190.0]
rec: HOUSE....................
text_instance: 4
bbox: [69, 215, 42, 16]
bezier_pts: [69.0, 215.0, 82.33, 215.33, 95.67, 215.67, 109.0, 216.0, 110.0, 229.0, 97.67, 230.56, 85.57, 229.91, 73.0, 230.0]
rec: 1044.....................
