text_instance: 0
bbox: [56, 55, 65, 29]
bezier_pts: [57.0, 56.0, 78.0, 55.67, 99.0, 55.33, 120.0, 55.0, 120.0, 82.0, 98.67, 82.0, 77.33, 82.0, 56.0, 82.0]
rec: YOU......................
text_instance: 1
bbox: [125, 56, 59, 28]
bezier_pts: [126.0, 56.0, 144.67, 56.0, 163.33, 56.0, 182.0, 56.0, 183.0, 83.0, 163.83, 83.08, 144.91, 83.56, 125.0, 81.0]
rec: SEE......................
text_instance: 2
bbox: [192, 56, 166, 31]
bezier_pts: [192.0, 56.0, 246.67, 57.33, 301.33, 58.67, 356.0, 60.0, 357.0, 86.0, 302.0, 85.0, 247.0, 84.0, 192.0, 83.0]
rec: SOMETHING................
text_instance: 3
bbox: [78, 91, 53, 29]
bezier_pts: [78.0, 92.0, 95.33, 91.67, 112.67, 91.33, 130.0, 91.0, 130.0, 116.0, 112.67, 117.36, 96.1, 119.12, 78.0, 118.0]
rec: SAY......................
text_instance: 4
bbox: [139, 91, 168, 28]
bezier_pts: [140.0, 91.0, 195.33, 91.67, 250.67, 92.33, 306.0, 93.0, 306.0, 117.0, 249.75, 116.33, 194.03, 117.05, 139.0, 114.0]
rec: SOMETHING................
text_instance: 5
bbox: [64, 137, 257, 129]
bezier_pts: [64.0, 232.0, 120.21, 97.8, 252.5, 90.81, 320.0, 222.0, 277.0, 265.0, 243.97, 169.8, 160.37, 160.86, 113.0, 254.0]
rec: RIVER....................
text_instance: 6
bbox: [62, 283, 260, 123]
bezier_pts: [110.0, 283.0, 146.98, 382.35, 227.89, 386.37, 276.0, 291.0, 321.0, 309.0, 269.68, 445.65, 120.64, 456.88, 62.0, 310.0]
rec: WATCH....................
text_instance: 7
bbox: [139, 421, 100, 25]
bezier_pts: [139.0, 422.0, 172.0, 421.67, 205.0, 421.33, 238.0, 421.0, 237.0, 442.0, 205.68, 445.34, 174.95, 445.5, 143.0, 445.0]
rec: POLICE...................
text_instance: 8
bbox: [63, 446, 83, 33]
bezier_pts: [63.0, 448.0, 89.67, 447.33, 116.33, 446.67, 143.0, 446.0, 145.0, 478.0, 118.0, 477.67, 91.0, 477.33, 64.0, 477.0]
rec: 0141.....................
text_instance: 9
bbox: [162, 447, 65, 33]
bezier_pts: [163.0, 447.0, 183.67, 447.0, 204.33, 447.0, 225.0, 447.0, 226.0, 479.0, 204.67, 479.0, 183.33, 479.0, 162.0, 479.0]
rec: 532......................
text_instance: 10
bbox: [235, 445, 86, 33]
bezier_pts: [236.0, 445.0, 264.0, 445.33, 292.0, 445.67, 320.0, 446.0, 317.0, 477.0, 289.67, 477.0, 262.33, 477.0, 235.0, 477.0]
rec: 3700.....................
text_instance: 11
bbox: [27, 58, 27, 28]
bezier_pts: [27.0, 58.0, 34.67, 58.33, 42.33, 58.67, 50.0, 59.0, 53.0, 85.0, 44.33, 84.33, 35.67, 83.67, 27.0, 83.0]
rec: IF.......................
