text_instance: 0
bbox: [196, 216, 248, 95]
bezier_pts: [196.0, 216.0, 277.22, 220.31, 366.2, 233.8, 442.0, 259.0, 443.0, 310.0, 362.05, 302.64, 281.97, 292.27, 202.0, 279.0]
rec: BOUTIQUE.................
text_instance: 1
bbox: [197, 330, 247, 205]
bezier_pts: [197.0, 399.0, 302.18, 438.63, 342.68, 301.02, 443.0, 330.0, 442.0, 446.0, 348.99, 439.15, 300.55, 567.46, 202.0, 533.0]
rec: BASKETS..................
text_instance: 2
bbox: [214, 574, 203, 94]
bezier_pts: [214.0, 574.0, 280.33, 574.33, 346.67, 574.67, 413.0, 575.0, 416.0, 643.0, 350.76, 630.83, 278.25, 627.24, 219.0, 667.0]
rec: Amsterdam................
text_instance: 3
bbox: [213, 688, 104, 95]
bezier_pts: [213.0, 748.0, 248.56, 732.49, 271.47, 687.56, 316.0, 688.0, 316.0, 719.0, 285.85, 739.09, 267.14, 779.49, 226.0, 782.0]
rec: PRODUCTS.................
text_instance: 4
bbox: [315, 667, 120, 102]
bezier_pts: [315.0, 738.0, 351.45, 712.29, 380.02, 668.52, 434.0, 671.0, 434.0, 699.0, 381.84, 695.05, 353.68, 746.0, 317.0, 768.0]
rec: SOPHISTIQUES.............
