text_instance: 0
bbox: [180, 70, 50, 63]
bezier_pts: [180.0, 119.0, 194.32, 101.99, 206.4, 80.72, 226.0, 70.0, 229.0, 84.0, 216.0, 100.0, 203.0, 116.0, 190.0, 132.0]
rec: ALOIS....................
text_instance: 1
bbox: [232, 55, 55, 31]
bezier_pts: [232.0, 57.0, 249.37, 56.72, 268.63, 50.88, 286.0, 60.0, 279.0, 85.0, 263.33, 84.67, 247.67, 84.33, 232.0, 84.0]
rec: DANIEl...................
text_instance: 2
bbox: [153, 97, 167, 154]
bezier_pts: [153.0, 175.0, 203.2, 139.9, 261.2, 115.01, 319.0, 97.0, 319.0, 171.0, 274.52, 219.96, 213.65, 227.36, 157.0, 250.0]
rec: BAKERY...................
