text_instance: 0
bbox: [96, 338, 234, 301]
bezier_pts: [96.0, 576.0, 128.87, 480.72, 185.53, 385.31, 284.0, 338.0, 329.0, 381.0, 241.0, 440.93, 189.46, 542.42, 150.0, 638.0]
rec: AVON.....................
text_instance: 1
bbox: [309, 194, 288, 171]
bezier_pts: [309.0, 322.0, 387.71, 244.67, 491.84, 220.03, 589.0, 194.0, 596.0, 259.0, 513.28, 283.11, 435.71, 309.6, 368.0, 364.0]
rec: WALK.....................
text_instance: 2
bbox: [612, 192, 67, 53]
bezier_pts: [612.0, 199.0, 632.33, 196.67, 652.67, 194.33, 673.0, 192.0, 678.0, 234.0, 657.71, 237.47, 638.09, 240.77, 618.0, 243.0]
rec: for......................
text_instance: 3
bbox: [709, 178, 351, 150]
bezier_pts: [709.0, 178.0, 833.24, 176.16, 955.63, 190.65, 1059.0, 265.0, 1033.0, 327.0, 926.0, 298.0, 819.0, 269.0, 712.0, 240.0]
rec: BREAST...................
text_instance: 4
bbox: [1065, 283, 320, 372]
bezier_pts: [1099.0, 283.0, 1241.48, 352.1, 1333.38, 485.53, 1384.0, 628.0, 1320.0, 654.0, 1267.74, 523.78, 1171.1, 415.17, 1065.0, 333.0]
rec: CANCER...................
text_instance: 5
bbox: [658, 373, 159, 38]
bezier_pts: [658.0, 376.0, 710.0, 375.0, 762.0, 374.0, 814.0, 373.0, 816.0, 409.0, 768.33, 409.0, 720.67, 409.0, 673.0, 409.0]
rec: Welcome..................
text_instance: 6
bbox: [592, 460, 159, 43]
bezier_pts: [592.0, 460.0, 642.67, 461.67, 693.33, 463.33, 744.0, 465.0, 750.0, 502.0, 698.0, 502.04, 646.25, 499.0, 595.0, 493.0]
rec: Wellness.................
text_instance: 7
bbox: [757, 459, 118, 43]
bezier_pts: [757.0, 459.0, 794.54, 461.46, 829.46, 458.62, 867.0, 463.0, 874.0, 501.0, 838.0, 501.0, 802.0, 501.0, 766.0, 501.0]
rec: Village..................
text_instance: 8
bbox: [703, 422, 29, 29]
bezier_pts: [703.0, 422.0, 712.41, 422.15, 721.55, 421.34, 730.0, 424.0, 731.0, 449.0, 721.67, 450.58, 712.33, 449.84, 703.0, 450.0]
rec: to.......................
text_instance: 9
bbox: [733, 417, 51, 35]
bezier_pts: [733.0, 418.0, 748.99, 416.28, 765.03, 415.71, 781.0, 421.0, 783.0, 447.0, 766.82, 450.09, 750.3, 449.97, 734.0, 447.0]
rec: the......................
