text_instance: 0
bbox: [46, 112, 59, 38]
bezier_pts: [46.0, 118.0, 63.0, 116.0, 80.0, 114.0, 97.0, 112.0, 104.0, 140.0, 87.42, 145.2, 69.85, 146.61, 53.0, 149.0]
rec: Oik......................
text_instance: 1
bbox: [108, 106, 54, 34]
bezier_pts: [108.0, 106.0, 123.33, 106.0, 138.67, 106.0, 154.0, 106.0, 161.0, 135.0, 145.49, 138.06, 129.71, 139.4, 114.0, 139.0]
rec: Oik......................
text_instance: 2
bbox: [175, 109, 114, 42]
bezier_pts: [175.0, 109.0, 212.54, 114.4, 251.8, 112.6, 288.0, 130.0, 279.0, 150.0, 245.06, 146.75, 212.06, 141.85, 180.0, 136.0]
rec: Sausage..................
text_instance: 3
bbox: [286, 130, 51, 36]
bezier_pts: [292.0, 130.0, 307.35, 131.51, 322.38, 136.9, 336.0, 147.0, 330.0, 165.0, 314.5, 162.74, 299.82, 157.6, 286.0, 150.0]
rec: King.....................
text_instance: 4
bbox: [423, 189, 27, 14]
bezier_pts: [423.0, 190.0, 431.96, 187.76, 440.67, 189.63, 449.0, 191.0, 449.0, 202.0, 440.03, 202.24, 431.44, 201.36, 423.0, 200.0]
rec: FISH.....................
text_instance: 5
bbox: [412, 202, 38, 13]
bezier_pts: [413.0, 202.0, 425.0, 201.78, 437.0, 202.45, 449.0, 204.0, 449.0, 214.0, 436.67, 213.0, 424.33, 212.0, 412.0, 211.0]
rec: 750115...................
