text_instance: 0
bbox: [209, 151, 64, 32]
bezier_pts: [209.0, 170.0, 226.15, 158.19, 248.95, 152.65, 270.0, 151.0, 272.0, 163.0, 253.67, 169.33, 235.33, 175.67, 217.0, 182.0]
rec: CERTIFIED................
text_instance: 1
bbox: [274, 153, 73, 33]
bezier_pts: [276.0, 153.0, 302.24, 151.84, 323.26, 163.25, 346.0, 173.0, 338.0, 185.0, 316.67, 178.33, 295.33, 171.67, 274.0, 165.0]
rec: AUTHENTIC................
text_instance: 2
bbox: [166, 249, 28, 44]
bezier_pts: [182.0, 249.0, 185.75, 260.19, 189.84, 272.45, 193.0, 284.0, 181.0, 292.0, 175.06, 278.67, 171.75, 265.33, 166.0, 252.0]
rec: MADE.....................
text_instance: 3
bbox: [184, 289, 69, 58]
bezier_pts: [196.0, 289.0, 212.05, 302.81, 226.62, 327.39, 252.0, 328.0, 250.0, 346.0, 221.8, 342.1, 202.37, 319.97, 184.0, 300.0]
rec: PRODUCED.................
text_instance: 4
bbox: [279, 302, 78, 49]
bezier_pts: [279.0, 332.0, 302.12, 326.99, 329.22, 327.02, 344.0, 302.0, 356.0, 317.0, 334.15, 337.67, 307.61, 349.64, 279.0, 350.0]
rec: AMERICAN.................
text_instance: 5
bbox: [346, 254, 42, 59]
bezier_pts: [346.0, 298.0, 362.24, 288.3, 366.23, 271.57, 369.0, 254.0, 387.0, 256.0, 384.02, 278.58, 374.52, 300.31, 355.0, 312.0]
rec: INDIANS..................
text_instance: 6
bbox: [256, 332, 23, 18]
bezier_pts: [258.0, 332.0, 264.67, 332.33, 271.33, 332.67, 278.0, 333.0, 277.0, 349.0, 270.08, 349.25, 263.0, 348.65, 256.0, 347.0]
rec: BY.......................
