text_instance: 0
bbox: [112, 472, 813, 186]
bezier_pts: [121.0, 486.0, 386.26, 473.76, 649.63, 472.87, 915.0, 472.0, 924.0, 651.0, 653.4, 655.0, 382.26, 655.52, 112.0, 657.0]
rec: MUSLI....................
text_instance: 1
bbox: [965, 441, 953, 200]
bezier_pts: [965.0, 469.0, 1274.88, 448.8, 1585.74, 448.1, 1893.0, 441.0, 1917.0, 632.0, 1601.35, 636.23, 1285.87, 638.62, 971.0, 640.0]
rec: POWER....................
text_instance: 2
bbox: [910, 869, 443, 178]
bezier_pts: [910.0, 919.0, 1023.0, 902.33, 1136.0, 885.67, 1249.0, 869.0, 1352.0, 949.0, 1225.17, 1053.08, 1067.59, 1028.87, 921.0, 1046.0]
rec: TRA......................
text_instance: 3
bbox: [695, 1087, 660, 128]
bezier_pts: [700.0, 1093.0, 916.33, 1091.0, 1132.67, 1089.0, 1349.0, 1087.0, 1354.0, 1198.0, 1134.94, 1205.14, 914.83, 1208.85, 695.0, 1214.0]
rec: muslipowerxtra...........
text_instance: 4
bbox: [835, 1460, 493, 73]
bezier_pts: [835.0, 1463.0, 999.0, 1462.0, 1163.0, 1461.0, 1327.0, 1460.0, 1327.0, 1526.0, 1169.82, 1530.36, 1013.36, 1531.03, 855.0, 1532.0]
rec: regularly................
text_instance: 5
bbox: [1418, 1454, 313, 81]
bezier_pts: [1418.0, 1465.0, 1522.0, 1461.33, 1626.0, 1457.67, 1730.0, 1454.0, 1727.0, 1534.0, 1623.89, 1534.29, 1520.96, 1532.6, 1418.0, 1529.0]
rec: using....................
text_instance: 6
bbox: [1810, 1465, 233, 68]
bezier_pts: [1810.0, 1465.0, 1887.33, 1465.0, 1964.67, 1465.0, 2042.0, 1465.0, 2039.0, 1526.0, 1969.4, 1530.12, 1900.48, 1531.12, 1832.0, 1532.0]
rec: your.....................
text_instance: 7
bbox: [702, 870, 182, 155]
bezier_pts: [749.0, 870.0, 793.67, 884.67, 838.33, 899.33, 883.0, 914.0, 852.0, 1024.0, 802.88, 1011.34, 752.71, 995.83, 702.0, 980.0]
rec: X........................
text_instance: 8
bbox: [460, 1119, 224, 76]
bezier_pts: [460.0, 1121.0, 537.78, 1118.08, 606.18, 1120.26, 683.0, 1121.0, 670.0, 1194.0, 600.67, 1193.33, 531.33, 1192.67, 462.0, 1192.0]
rec: www......................
text_instance: 9
bbox: [1381, 1114, 195, 80]
bezier_pts: [1381.0, 1116.0, 1445.67, 1115.33, 1510.33, 1114.67, 1575.0, 1114.0, 1574.0, 1190.0, 1509.67, 1190.67, 1445.33, 1191.33, 1381.0, 1192.0]
rec: com......................
text_instance: 10
bbox: [435, 1449, 58, 81]
bezier_pts: [439.0, 1450.0, 456.03, 1448.59, 474.58, 1446.9, 491.0, 1452.0, 492.0, 1528.0, 473.56, 1529.46, 453.3, 1528.86, 435.0, 1529.0]
rec: I........................
text_instance: 11
bbox: [568, 1466, 187, 73]
bezier_pts: [568.0, 1466.0, 628.33, 1468.0, 688.67, 1470.0, 749.0, 1472.0, 754.0, 1536.0, 693.71, 1537.75, 633.31, 1537.54, 573.0, 1535.0]
rec: am.......................
