text_instance: 0
bbox: [433, 61, 57, 18]
bezier_pts: [433.0, 61.0, 451.67, 61.0, 470.33, 61.0, 489.0, 61.0, 489.0, 78.0, 470.33, 78.0, 451.67, 78.0, 433.0, 78.0]
rec: PUSAT....................
text_instance: 1
bbox: [143, 337, 74, 27]
bezier_pts: [143.0, 337.0, 167.33, 337.0, 191.67, 337.0, 216.0, 337.0, 216.0, 362.0, 191.67, 362.0, 167.33, 362.0, 143.0, 362.0]
rec: SWAN.....................
text_instance: 2
bbox: [432, 108, 62, 23]
bezier_pts: [432.0, 108.0, 452.33, 108.0, 472.67, 108.0, 493.0, 108.0, 493.0, 129.0, 472.67, 129.0, 452.33, 129.0, 432.0, 129.0]
rec: Worldbeauty..............
text_instance: 3
bbox: [396, 281, 38, 14]
bezier_pts: [396.0, 281.0, 408.33, 281.0, 420.67, 281.0, 433.0, 281.0, 433.0, 293.0, 419.97, 292.95, 408.93, 293.2, 396.0, 293.0]
rec: NIPPON...................
text_instance: 4
bbox: [432, 281, 28, 12]
bezier_pts: [432.0, 281.0, 441.0, 281.0, 450.0, 281.0, 459.0, 281.0, 459.0, 291.0, 450.22, 291.66, 441.04, 291.66, 432.0, 291.0]
rec: PAINT....................
text_instance: 5
bbox: [9, 10, 111, 145]
bezier_pts: [15.0, 10.0, 60.28, 31.42, 86.01, 72.63, 119.0, 107.0, 107.0, 154.0, 74.33, 128.0, 41.67, 102.0, 9.0, 76.0]
rec: Exclusive................
text_instance: 6
bbox: [391, 187, 57, 21]
bezier_pts: [391.0, 189.0, 409.0, 188.33, 427.0, 187.67, 445.0, 187.0, 447.0, 207.0, 428.67, 207.0, 410.33, 207.0, 392.0, 207.0]
rec: PENGEDAR.................
text_instance: 7
bbox: [110, 296, 28, 56]
bezier_pts: [110.0, 351.0, 115.04, 332.02, 117.98, 313.55, 126.0, 296.0, 137.0, 305.0, 136.85, 321.64, 131.2, 335.07, 127.0, 351.0]
rec: Sales....................
text_instance: 8
bbox: [152, 265, 78, 26]
bezier_pts: [152.0, 269.0, 178.57, 264.51, 205.78, 258.5, 229.0, 277.0, 220.0, 290.0, 199.33, 288.67, 178.67, 287.33, 158.0, 286.0]
rec: Service..................
text_instance: 9
bbox: [223, 284, 33, 72]
bezier_pts: [237.0, 284.0, 258.73, 300.28, 258.04, 330.98, 252.0, 355.0, 238.0, 353.0, 241.97, 333.12, 235.17, 312.37, 223.0, 296.0]
rec: Centre...................
text_instance: 10
bbox: [127, 374, 23, 29]
bezier_pts: [135.0, 374.0, 139.67, 378.67, 144.33, 383.33, 149.0, 388.0, 141.0, 402.0, 135.84, 397.8, 131.06, 392.78, 127.0, 387.0]
rec: MJ.......................
text_instance: 11
bbox: [149, 378, 86, 40]
bezier_pts: [153.0, 393.0, 179.62, 404.91, 207.39, 395.75, 227.0, 378.0, 234.0, 385.0, 221.28, 427.32, 180.47, 426.05, 149.0, 408.0]
rec: BOUTIQUE.................
text_instance: 12
bbox: [349, 225, 29, 53]
bezier_pts: [353.0, 225.0, 361.0, 233.0, 369.0, 241.0, 377.0, 249.0, 375.0, 277.0, 366.33, 268.67, 357.67, 260.33, 349.0, 252.0]
rec: PAINT....................
text_instance: 13
bbox: [131, 30, 23, 44]
bezier_pts: [136.0, 30.0, 147.25, 34.42, 146.9, 47.09, 153.0, 48.0, 149.0, 73.0, 143.0, 67.67, 137.0, 62.33, 131.0, 57.0]
rec: MI.......................
text_instance: 14
bbox: [436, 86, 29, 17]
bezier_pts: [436.0, 86.0, 445.0, 86.0, 454.0, 86.0, 463.0, 86.0, 464.0, 99.0, 454.67, 102.33, 445.33, 103.0, 436.0, 101.0]
rec: PERSO....................
text_instance: 15
bbox: [329, 6, 23, 62]
bezier_pts: [333.0, 6.0, 339.0, 6.0, 345.0, 6.0, 351.0, 6.0, 348.0, 67.0, 341.67, 61.33, 335.33, 55.67, 329.0, 50.0]
rec: AYA......................
text_instance: 16
bbox: [327, 193, 28, 57]
bezier_pts: [329.0, 193.0, 338.35, 201.33, 345.69, 212.19, 354.0, 221.0, 352.0, 249.0, 341.93, 241.15, 334.31, 230.69, 327.0, 221.0]
rec: IPPON....................
text_instance: 17
bbox: [448, 188, 21, 19]
bezier_pts: [448.0, 190.0, 454.67, 186.85, 461.33, 186.91, 468.0, 189.0, 468.0, 205.0, 462.1, 205.0, 456.08, 205.0, 450.0, 205.0]
rec: CAT......................
