text_instance: 0
bbox: [48, 352, 131, 105]
bezier_pts: [48.0, 444.0, 75.0, 398.34, 113.11, 361.96, 168.0, 352.0, 178.0, 386.0, 131.82, 382.38, 104.89, 415.99, 94.0, 456.0]
rec: UGLY.....................
text_instance: 1
bbox: [192, 350, 105, 119]
bezier_pts: [196.0, 350.0, 237.9, 370.69, 280.58, 394.52, 296.0, 442.0, 266.0, 468.0, 261.75, 424.26, 229.28, 396.45, 192.0, 384.0]
rec: MUG......................
text_instance: 2
bbox: [66, 578, 85, 76]
bezier_pts: [92.0, 578.0, 111.33, 596.33, 130.67, 614.67, 150.0, 633.0, 142.0, 653.0, 115.45, 638.01, 91.15, 620.24, 66.0, 601.0]
rec: Cape.....................
text_instance: 3
bbox: [158, 617, 81, 41]
bezier_pts: [162.0, 627.0, 183.33, 623.67, 204.67, 620.33, 226.0, 617.0, 238.0, 649.0, 211.33, 651.67, 184.67, 654.33, 158.0, 657.0]
rec: May......................
text_instance: 4
bbox: [348, 404, 449, 173]
bezier_pts: [348.0, 404.0, 496.58, 406.7, 645.46, 404.67, 796.0, 418.0, 788.0, 574.0, 646.0, 574.0, 504.0, 574.0, 362.0, 574.0]
rec: UGLY.....................
text_instance: 5
bbox: [877, 406, 403, 176]
bezier_pts: [883.0, 406.0, 1015.0, 410.0, 1147.0, 414.0, 1279.0, 418.0, 1279.0, 578.0, 1146.1, 580.25, 1011.8, 580.3, 877.0, 580.0]
rec: MUG......................
text_instance: 6
bbox: [368, 592, 133, 42]
bezier_pts: [370.0, 592.0, 412.0, 592.67, 454.0, 593.33, 496.0, 594.0, 500.0, 633.0, 456.0, 631.67, 412.0, 630.33, 368.0, 629.0]
rec: Good.....................
text_instance: 7
bbox: [510, 592, 115, 39]
bezier_pts: [510.0, 592.0, 547.33, 592.67, 584.67, 593.33, 622.0, 594.0, 624.0, 627.0, 587.05, 629.54, 551.17, 629.22, 514.0, 629.0]
rec: Food.....................
text_instance: 8
bbox: [662, 594, 125, 42]
bezier_pts: [662.0, 594.0, 703.33, 595.33, 744.67, 596.67, 786.0, 598.0, 786.0, 635.0, 747.33, 635.0, 708.67, 635.0, 670.0, 635.0]
rec: Good.....................
text_instance: 9
bbox: [885, 596, 125, 45]
bezier_pts: [885.0, 596.0, 924.69, 597.94, 965.71, 596.74, 1007.0, 601.0, 1009.0, 635.0, 967.54, 639.11, 926.6, 640.36, 885.0, 639.0]
rec: Drink....................
text_instance: 10
bbox: [1041, 592, 117, 42]
bezier_pts: [1041.0, 596.0, 1079.67, 594.67, 1118.33, 593.33, 1157.0, 592.0, 1157.0, 633.0, 1119.32, 633.09, 1080.68, 633.58, 1043.0, 631.0]
rec: Good.....................
text_instance: 11
bbox: [1165, 594, 121, 48]
bezier_pts: [1165.0, 594.0, 1203.67, 594.0, 1242.33, 594.0, 1281.0, 594.0, 1285.0, 641.0, 1250.33, 639.67, 1215.67, 638.33, 1181.0, 637.0]
rec: Time.....................
text_instance: 12
bbox: [1329, 376, 111, 101]
bezier_pts: [1329.0, 458.0, 1351.7, 415.45, 1388.32, 384.16, 1439.0, 376.0, 1437.0, 406.0, 1400.08, 412.48, 1375.1, 442.86, 1363.0, 476.0]
rec: UGLY.....................
text_instance: 13
bbox: [1457, 372, 101, 111]
bezier_pts: [1469.0, 372.0, 1509.13, 389.01, 1534.25, 424.74, 1557.0, 462.0, 1531.0, 482.0, 1511.01, 452.32, 1495.13, 417.69, 1457.0, 404.0]
rec: MUG......................
text_instance: 14
bbox: [1341, 582, 75, 82]
bezier_pts: [1365.0, 582.0, 1375.09, 604.67, 1385.76, 629.56, 1415.0, 633.0, 1403.0, 663.0, 1382.07, 644.14, 1362.14, 623.32, 1341.0, 603.0]
rec: cape.....................
text_instance: 15
bbox: [1419, 627, 69, 35]
bezier_pts: [1425.0, 635.0, 1445.0, 632.33, 1465.0, 629.67, 1485.0, 627.0, 1487.0, 653.0, 1464.61, 657.82, 1441.61, 661.05, 1419.0, 661.0]
rec: May......................
text_instance: 16
bbox: [240, 582, 45, 47]
bezier_pts: [240.0, 612.0, 249.0, 602.0, 258.0, 592.0, 267.0, 582.0, 284.0, 596.0, 274.7, 606.48, 265.35, 617.9, 255.0, 628.0]
rec: NJ.......................
text_instance: 17
bbox: [1493, 591, 38, 44]
bezier_pts: [1493.0, 620.0, 1501.67, 610.33, 1510.33, 600.67, 1519.0, 591.0, 1530.0, 605.0, 1523.1, 616.38, 1513.69, 624.86, 1504.0, 634.0]
rec: NJ.......................
