text_instance: 0
bbox: [137, 42, 172, 181]
bezier_pts: [137.0, 153.0, 177.0, 94.02, 232.33, 55.06, 307.0, 42.0, 308.0, 115.0, 250.84, 131.4, 203.56, 163.51, 180.0, 222.0]
rec: MEAN.....................
text_instance: 1
bbox: [341, 46, 183, 165]
bezier_pts: [354.0, 46.0, 433.87, 49.1, 483.71, 90.94, 523.0, 162.0, 468.0, 210.0, 436.34, 164.28, 403.17, 112.58, 341.0, 108.0]
rec: BEAN.....................
text_instance: 2
bbox: [101, 289, 166, 191]
bezier_pts: [171.0, 289.0, 167.4, 362.43, 228.92, 386.94, 266.0, 432.0, 246.0, 479.0, 152.15, 456.03, 116.35, 386.25, 101.0, 297.0]
rec: COFFEE...................
text_instance: 3
bbox: [363, 269, 172, 209]
bezier_pts: [363.0, 413.0, 427.27, 385.84, 469.84, 338.43, 486.0, 269.0, 534.0, 270.0, 529.36, 369.18, 480.95, 437.65, 387.0, 477.0]
rec: House....................
