text_instance: 0
bbox: [105, 226, 77, 34]
bezier_pts: [105.0, 226.0, 128.72, 241.5, 153.88, 245.63, 181.0, 246.0, 181.0, 259.0, 153.49, 258.9, 130.05, 253.01, 106.0, 239.0]
rec: VENICE...................
text_instance: 1
bbox: [185, 241, 43, 20]
bezier_pts: [189.0, 243.0, 201.0, 242.33, 213.0, 241.67, 225.0, 241.0, 227.0, 254.0, 215.27, 262.73, 199.5, 259.01, 185.0, 258.0]
rec: ALE......................
text_instance: 2
bbox: [159, 160, 102, 80]
bezier_pts: [159.0, 160.0, 188.82, 177.3, 228.85, 157.49, 260.0, 161.0, 243.0, 231.0, 219.86, 236.27, 197.04, 238.3, 173.0, 239.0]
rec: V........................
