text_instance: 0
bbox: [126, 454, 306, 199]
bezier_pts: [126.0, 604.0, 212.83, 543.9, 310.41, 490.89, 412.0, 454.0, 431.0, 511.0, 341.33, 558.0, 251.67, 605.0, 162.0, 652.0]
rec: WELCOME..................
text_instance: 1
bbox: [520, 405, 158, 73]
bezier_pts: [520.0, 423.0, 570.82, 405.98, 622.47, 406.14, 677.0, 405.0, 673.0, 457.0, 629.0, 463.67, 585.0, 470.33, 541.0, 477.0]
rec: EASY.....................
text_instance: 2
bbox: [696, 401, 125, 59]
bezier_pts: [700.0, 401.0, 740.0, 403.0, 780.0, 405.0, 820.0, 407.0, 814.0, 459.0, 774.67, 458.33, 735.33, 457.67, 696.0, 457.0]
rec: AND......................
text_instance: 3
bbox: [826, 405, 134, 81]
bezier_pts: [836.0, 405.0, 878.31, 412.99, 921.71, 414.63, 959.0, 433.0, 941.0, 485.0, 902.67, 476.33, 864.33, 467.67, 826.0, 459.0]
rec: FUN......................
text_instance: 4
bbox: [959, 425, 302, 174]
bezier_pts: [973.0, 425.0, 1075.93, 453.95, 1168.57, 496.42, 1260.0, 546.0, 1236.0, 598.0, 1143.67, 559.0, 1051.33, 520.0, 959.0, 481.0]
rec: LEARNING.................
text_instance: 5
bbox: [1246, 558, 167, 151]
bezier_pts: [1274.0, 558.0, 1320.69, 593.59, 1372.13, 622.07, 1412.0, 663.0, 1381.0, 708.0, 1336.0, 675.67, 1291.0, 643.33, 1246.0, 611.0]
rec: ZONE.....................
text_instance: 6
bbox: [1462, 1069, 74, 92]
bezier_pts: [1470.0, 1069.0, 1491.67, 1082.0, 1513.33, 1095.0, 1535.0, 1108.0, 1523.0, 1160.0, 1501.55, 1148.53, 1482.53, 1136.87, 1462.0, 1124.0]
rec: THE......................
text_instance: 7
bbox: [422, 430, 107, 72]
bezier_pts: [422.0, 448.0, 451.34, 442.01, 480.67, 432.45, 510.0, 430.0, 528.0, 480.0, 499.33, 487.0, 470.67, 494.0, 442.0, 501.0]
rec: TO.......................
text_instance: 8
bbox: [1529, 1114, 64, 67]
bezier_pts: [1544.0, 1114.0, 1560.51, 1120.38, 1577.19, 1126.27, 1592.0, 1136.0, 1584.0, 1180.0, 1564.75, 1175.89, 1546.61, 1168.51, 1529.0, 1159.0]
rec: SC.......................
text_instance: 9
bbox: [1537, 1171, 42, 29]
bezier_pts: [1542.0, 1171.0, 1554.56, 1175.31, 1567.68, 1178.77, 1578.0, 1187.0, 1577.0, 1199.0, 1563.67, 1194.67, 1550.33, 1190.33, 1537.0, 1186.0]
rec: JAYA.....................
