text_instance: 0
bbox: [170, 603, 497, 121]
bezier_pts: [186.0, 603.0, 341.88, 602.98, 503.95, 604.45, 660.0, 623.0, 666.0, 721.0, 501.19, 720.07, 334.72, 716.75, 170.0, 713.0]
rec: LOVECIPES................
text_instance: 1
bbox: [226, 741, 109, 45]
bezier_pts: [228.0, 741.0, 263.33, 741.67, 298.67, 742.33, 334.0, 743.0, 332.0, 785.0, 296.67, 783.0, 261.33, 781.0, 226.0, 779.0]
rec: SPREAD...................
text_instance: 2
bbox: [340, 741, 72, 45]
bezier_pts: [344.0, 741.0, 366.33, 743.0, 388.67, 745.0, 411.0, 747.0, 411.0, 783.0, 387.67, 785.55, 364.35, 785.08, 340.0, 785.0]
rec: LOVE.....................
text_instance: 3
bbox: [457, 749, 62, 43]
bezier_pts: [457.0, 749.0, 477.33, 749.0, 497.67, 749.0, 518.0, 749.0, 516.0, 791.0, 499.0, 791.0, 482.0, 791.0, 465.0, 791.0]
rec: THE......................
text_instance: 4
bbox: [522, 753, 105, 39]
bezier_pts: [526.0, 753.0, 555.33, 754.33, 584.67, 755.67, 614.0, 757.0, 626.0, 791.0, 591.3, 790.41, 556.95, 789.11, 522.0, 787.0]
rec: WORLD....................
text_instance: 5
bbox: [270, 825, 184, 81]
bezier_pts: [290.0, 825.0, 343.0, 839.0, 396.0, 853.0, 449.0, 867.0, 453.0, 905.0, 391.19, 893.59, 330.18, 879.18, 270.0, 862.0]
rec: vintage..................
text_instance: 6
bbox: [463, 831, 98, 65]
bezier_pts: [463.0, 857.0, 490.0, 848.33, 517.0, 839.67, 544.0, 831.0, 560.0, 862.0, 530.2, 875.67, 499.18, 886.88, 467.0, 895.0]
rec: cafe.....................
text_instance: 7
bbox: [415, 750, 48, 37]
bezier_pts: [415.0, 750.0, 430.33, 751.0, 445.67, 752.0, 461.0, 753.0, 462.0, 785.0, 446.4, 785.17, 431.6, 784.67, 416.0, 783.0]
rec: TO.......................
