text_instance: 0
bbox: [369, 357, 62, 28]
bezier_pts: [369.0, 364.0, 388.0, 361.67, 407.0, 359.33, 426.0, 357.0, 430.0, 376.0, 409.67, 378.67, 389.33, 381.33, 369.0, 384.0]
rec: DHL......................
text_instance: 1
bbox: [181, 492, 55, 50]
bezier_pts: [181.0, 517.0, 193.56, 510.01, 199.23, 495.53, 214.0, 492.0, 235.0, 520.0, 228.25, 528.91, 220.63, 537.01, 210.0, 541.0]
rec: V........................
text_instance: 2
bbox: [229, 460, 183, 72]
bezier_pts: [229.0, 472.0, 285.82, 450.67, 358.12, 448.75, 411.0, 490.0, 388.0, 531.0, 343.36, 499.81, 292.86, 505.2, 244.0, 519.0]
rec: PERSIE...................
text_instance: 3
bbox: [186, 543, 259, 233]
bezier_pts: [186.0, 561.0, 258.62, 546.69, 339.34, 546.24, 415.0, 543.0, 444.0, 755.0, 368.26, 764.71, 292.07, 771.41, 216.0, 775.0]
rec: 20.......................
text_instance: 4
bbox: [611, 233, 661, 355]
bezier_pts: [611.0, 533.0, 756.96, 211.15, 1031.26, 180.0, 1271.0, 435.0, 1230.0, 520.0, 1030.3, 280.24, 798.32, 296.34, 680.0, 587.0]
rec: MANCHESTER...............
text_instance: 5
bbox: [802, 878, 478, 181]
bezier_pts: [821.0, 913.0, 955.4, 982.19, 1100.26, 966.01, 1214.0, 878.0, 1279.0, 962.0, 1132.35, 1067.98, 953.91, 1094.09, 802.0, 989.0]
rec: UNITED...................
