text_instance: 0
bbox: [346, 293, 50, 21]
bezier_pts: [346.0, 293.0, 362.33, 293.0, 378.67, 293.0, 395.0, 293.0, 395.0, 312.0, 378.51, 313.68, 362.07, 313.61, 346.0, 312.0]
rec: 1880.....................
text_instance: 1
bbox: [231, 225, 52, 51]
bezier_pts: [231.0, 264.0, 241.84, 255.37, 255.72, 240.25, 262.0, 225.0, 282.0, 237.0, 271.67, 249.67, 261.33, 262.33, 251.0, 275.0]
rec: DEO......................
text_instance: 2
bbox: [301, 182, 98, 40]
bezier_pts: [301.0, 195.0, 332.25, 191.7, 367.13, 185.0, 398.0, 182.0, 394.0, 205.0, 364.43, 201.82, 333.2, 205.98, 308.0, 221.0]
rec: OPTIMO...................
text_instance: 3
bbox: [419, 193, 95, 86]
bezier_pts: [430.0, 193.0, 464.04, 209.76, 493.81, 236.26, 513.0, 268.0, 494.0, 278.0, 480.29, 244.25, 446.14, 228.11, 419.0, 211.0]
rec: MAXIMO...................
text_instance: 4
bbox: [248, 225, 86, 101]
bezier_pts: [248.0, 317.0, 254.46, 275.23, 294.32, 249.36, 323.0, 225.0, 333.0, 250.0, 294.2, 257.79, 281.23, 292.71, 269.0, 325.0]
rec: BEATCEQUE................
text_instance: 5
bbox: [341, 216, 91, 33]
bezier_pts: [341.0, 216.0, 372.08, 220.24, 401.57, 220.34, 431.0, 231.0, 425.0, 248.0, 400.03, 237.63, 373.59, 232.26, 345.0, 241.0]
rec: MARICE...................
text_instance: 6
bbox: [434, 238, 60, 84]
bezier_pts: [442.0, 238.0, 466.38, 260.8, 483.8, 284.69, 493.0, 316.0, 472.0, 321.0, 464.89, 297.3, 458.03, 272.76, 434.0, 260.0]
rec: VIRGINI..................
text_instance: 7
bbox: [302, 253, 147, 54]
bezier_pts: [302.0, 290.0, 348.13, 234.5, 410.25, 242.54, 448.0, 297.0, 434.0, 306.0, 402.45, 260.25, 349.74, 256.86, 314.0, 301.0]
rec: IMMACULATCE..............
