text_instance: 0
bbox: [677, 102, 432, 218]
bezier_pts: [677.0, 129.0, 827.42, 69.12, 978.6, 105.34, 1108.0, 192.0, 1105.0, 319.0, 983.08, 208.0, 839.89, 266.43, 698.0, 292.0]
rec: KINGFISHER...............
text_instance: 1
bbox: [743, 316, 337, 174]
bezier_pts: [743.0, 316.0, 847.82, 333.77, 956.23, 348.1, 1064.0, 373.0, 1079.0, 489.0, 967.67, 473.0, 856.33, 457.0, 745.0, 441.0]
rec: BLUE.....................
text_instance: 2
bbox: [620, 471, 135, 68]
bezier_pts: [622.0, 471.0, 666.0, 477.33, 710.0, 483.67, 754.0, 490.0, 749.0, 538.0, 705.34, 534.29, 663.95, 530.17, 620.0, 526.0]
rec: Tastes...................
text_instance: 3
bbox: [770, 495, 88, 58]
bezier_pts: [770.0, 495.0, 799.0, 499.0, 828.0, 503.0, 857.0, 507.0, 856.0, 552.0, 828.0, 549.0, 800.0, 546.0, 772.0, 543.0]
rec: Best.....................
text_instance: 4
bbox: [865, 504, 98, 67]
bezier_pts: [865.0, 504.0, 897.0, 510.33, 929.0, 516.67, 961.0, 523.0, 962.0, 570.0, 931.0, 564.0, 900.0, 558.0, 869.0, 552.0]
rec: When.....................
text_instance: 5
bbox: [976, 519, 104, 59]
bezier_pts: [983.0, 519.0, 1012.67, 525.33, 1042.33, 531.67, 1072.0, 538.0, 1079.0, 577.0, 1044.67, 574.67, 1010.33, 572.33, 976.0, 570.0]
rec: Extra....................
text_instance: 6
bbox: [1085, 537, 112, 58]
bezier_pts: [1087.0, 537.0, 1126.02, 537.76, 1159.66, 548.09, 1196.0, 556.0, 1189.0, 594.0, 1154.33, 590.33, 1119.67, 586.67, 1085.0, 583.0]
rec: Chilled..................
text_instance: 7
bbox: [32, 526, 210, 145]
bezier_pts: [32.0, 526.0, 102.63, 529.32, 171.27, 536.22, 239.0, 549.0, 241.0, 670.0, 172.0, 667.0, 103.0, 664.0, 34.0, 661.0]
rec: RK.......................
text_instance: 8
bbox: [308, 553, 225, 135]
bezier_pts: [308.0, 553.0, 376.2, 558.6, 449.2, 560.57, 518.0, 573.0, 532.0, 687.0, 459.0, 681.0, 386.0, 675.0, 313.0, 669.0]
rec: BAR......................
text_instance: 9
bbox: [656, 589, 541, 145]
bezier_pts: [656.0, 589.0, 831.8, 599.39, 1015.95, 622.35, 1192.0, 642.0, 1196.0, 733.0, 1016.83, 722.87, 836.82, 710.19, 659.0, 696.0]
rec: RESTAURANT...............
