text_instance: 0
bbox: [93, 82, 44, 108]
bezier_pts: [93.0, 181.0, 99.47, 148.0, 98.94, 113.24, 118.0, 82.0, 136.0, 97.0, 119.54, 125.4, 120.65, 156.18, 119.0, 189.0]
rec: AMERICAN.................
text_instance: 1
bbox: [127, 28, 81, 60]
bezier_pts: [127.0, 72.0, 149.03, 50.62, 173.9, 38.79, 203.0, 28.0, 207.0, 47.0, 180.33, 52.43, 161.64, 70.28, 143.0, 87.0]
rec: SEAFOOD..................
text_instance: 2
bbox: [232, 25, 60, 33]
bezier_pts: [233.0, 25.0, 252.85, 27.93, 271.76, 29.99, 291.0, 36.0, 284.0, 57.0, 266.67, 53.0, 249.33, 49.0, 232.0, 45.0]
rec: STEAK....................
text_instance: 3
bbox: [97, 220, 277, 63]
bezier_pts: [97.0, 226.0, 188.22, 221.33, 276.78, 219.33, 368.0, 220.0, 373.0, 275.0, 283.03, 277.7, 189.9, 280.03, 98.0, 282.0]
rec: SurfNTurf................
