text_instance: 0
bbox: [126, 539, 236, 54]
bezier_pts: [126.0, 539.0, 204.33, 539.0, 282.67, 539.0, 361.0, 539.0, 361.0, 592.0, 282.67, 592.0, 204.33, 592.0, 126.0, 592.0]
rec: 7COFFEE..................
text_instance: 1
bbox: [105, 842, 86, 27]
bezier_pts: [109.0, 842.0, 135.33, 842.33, 161.67, 842.67, 188.0, 843.0, 190.0, 862.0, 161.65, 863.67, 133.23, 862.35, 105.0, 858.0]
rec: 7-COFFEE.................
text_instance: 2
bbox: [199, 374, 38, 63]
bezier_pts: [199.0, 436.0, 193.92, 407.75, 205.44, 389.32, 229.0, 374.0, 236.0, 390.0, 215.52, 399.5, 209.65, 414.77, 214.0, 434.0]
rec: SEVEN....................
text_instance: 3
bbox: [236, 373, 62, 60]
bezier_pts: [236.0, 373.0, 271.36, 367.5, 291.27, 397.29, 297.0, 429.0, 276.0, 432.0, 275.53, 408.13, 264.66, 385.63, 237.0, 390.0]
rec: ELEVEN...................
text_instance: 4
bbox: [207, 447, 75, 32]
bezier_pts: [217.0, 449.0, 235.61, 468.03, 254.46, 462.94, 272.0, 447.0, 281.0, 457.0, 259.86, 484.14, 231.52, 481.88, 207.0, 462.0]
rec: COFFEE...................
text_instance: 5
bbox: [217, 423, 52, 15]
bezier_pts: [219.0, 426.0, 234.67, 425.0, 250.33, 424.0, 266.0, 423.0, 268.0, 433.0, 250.48, 434.78, 234.4, 435.43, 217.0, 437.0]
rec: COFFEE...................
text_instance: 6
bbox: [136, 367, 24, 34]
bezier_pts: [136.0, 370.0, 143.33, 369.0, 150.67, 368.0, 158.0, 367.0, 159.0, 399.0, 153.13, 400.66, 147.53, 400.56, 142.0, 399.0]
rec: 7........................
