text_instance: 0
bbox: [108, 93, 357, 102]
bezier_pts: [108.0, 166.0, 215.7, 81.53, 340.43, 89.83, 464.0, 97.0, 456.0, 138.0, 339.07, 115.3, 229.38, 135.83, 129.0, 194.0]
rec: RESTAURANT...............
text_instance: 1
bbox: [524, 114, 114, 75]
bezier_pts: [532.0, 114.0, 567.95, 126.15, 604.49, 136.99, 637.0, 155.0, 621.0, 188.0, 588.67, 174.67, 556.33, 161.33, 524.0, 148.0]
rec: BAR......................
text_instance: 2
bbox: [82, 319, 572, 133]
bezier_pts: [126.0, 319.0, 301.0, 322.67, 476.0, 326.33, 651.0, 330.0, 653.0, 435.0, 464.45, 466.23, 272.32, 456.5, 82.0, 422.0]
rec: SINGHS...................
text_instance: 3
bbox: [211, 465, 206, 48]
bezier_pts: [211.0, 470.0, 279.51, 462.87, 347.21, 467.86, 416.0, 465.0, 414.0, 509.0, 348.67, 509.67, 283.33, 510.33, 218.0, 511.0]
rec: CARIBBEN.................
text_instance: 4
bbox: [425, 462, 144, 45]
bezier_pts: [426.0, 466.0, 472.67, 464.67, 519.33, 463.33, 566.0, 462.0, 568.0, 501.0, 520.33, 502.67, 472.67, 504.33, 425.0, 506.0]
rec: CUISINE..................
text_instance: 5
bbox: [568, 39, 105, 53]
bezier_pts: [568.0, 53.0, 600.33, 48.33, 632.67, 43.67, 665.0, 39.0, 672.0, 74.0, 645.53, 103.35, 602.84, 85.49, 570.0, 91.0]
rec: Hampton..................
text_instance: 6
bbox: [667, 37, 62, 39]
bezier_pts: [667.0, 43.0, 687.03, 39.62, 705.17, 38.98, 725.0, 37.0, 728.0, 64.0, 712.2, 69.79, 695.59, 71.78, 679.0, 75.0]
rec: INN......................
