text_instance: 0
bbox: [412, 60, 121, 52]
bezier_pts: [412.0, 60.0, 452.0, 60.0, 492.0, 60.0, 532.0, 60.0, 532.0, 111.0, 492.0, 111.0, 452.0, 111.0, 412.0, 111.0]
rec: GRAF.....................
text_instance: 1
bbox: [274, 60, 109, 44]
bezier_pts: [274.0, 60.0, 310.0, 60.0, 346.0, 60.0, 382.0, 60.0, 382.0, 102.0, 346.0, 102.0, 310.0, 102.0, 274.0, 102.0]
rec: ART......................
text_instance: 2
bbox: [359, 106, 82, 27]
bezier_pts: [361.0, 106.0, 387.0, 107.33, 413.0, 108.67, 439.0, 110.0, 440.0, 132.0, 413.0, 132.0, 386.0, 132.0, 359.0, 132.0]
rec: DIY......................
text_instance: 3
bbox: [306, 588, 123, 45]
bezier_pts: [306.0, 612.0, 344.89, 591.65, 387.2, 587.87, 428.0, 588.0, 418.0, 616.0, 387.59, 602.39, 352.88, 610.58, 327.0, 632.0]
rec: STRONG...................
text_instance: 4
bbox: [429, 598, 73, 68]
bezier_pts: [442.0, 598.0, 464.38, 612.34, 484.57, 630.3, 501.0, 651.0, 473.0, 665.0, 466.26, 643.18, 451.18, 627.03, 429.0, 619.0]
rec: HOLD.....................
text_instance: 5
bbox: [275, 677, 113, 95]
bezier_pts: [303.0, 677.0, 306.92, 718.26, 346.38, 745.35, 387.0, 741.0, 387.0, 771.0, 342.2, 757.48, 290.83, 743.96, 275.0, 690.0]
rec: POMADE...................
text_instance: 6
bbox: [397, 718, 91, 54]
bezier_pts: [397.0, 739.0, 418.67, 732.0, 440.33, 725.0, 462.0, 718.0, 487.0, 733.0, 460.4, 748.37, 432.87, 761.19, 404.0, 771.0]
rec: KING.....................
