text_instance: 0
bbox: [193, 253, 170, 48]
bezier_pts: [193.0, 253.0, 252.21, 261.27, 302.85, 288.05, 362.0, 253.0, 362.0, 299.0, 304.6, 299.62, 249.39, 299.45, 193.0, 299.0]
rec: Whenever.................
text_instance: 1
bbox: [282, 202, 106, 32]
bezier_pts: [282.0, 202.0, 317.0, 202.0, 352.0, 202.0, 387.0, 202.0, 387.0, 233.0, 352.0, 233.0, 317.0, 233.0, 282.0, 233.0]
rec: FREE.....................
text_instance: 2
bbox: [224, 173, 106, 26]
bezier_pts: [224.0, 173.0, 259.0, 173.0, 294.0, 173.0, 329.0, 173.0, 329.0, 198.0, 294.0, 198.0, 259.0, 198.0, 224.0, 198.0]
rec: PLEASE...................
text_instance: 3
bbox: [280, 304, 106, 27]
bezier_pts: [280.0, 304.0, 315.0, 304.0, 350.0, 304.0, 385.0, 304.0, 385.0, 329.0, 350.21, 329.56, 314.27, 330.88, 280.0, 329.0]
rec: HEATHER..................
text_instance: 4
bbox: [168, 201, 97, 35]
bezier_pts: [168.0, 201.0, 200.0, 201.0, 232.0, 201.0, 264.0, 201.0, 264.0, 235.0, 232.0, 235.0, 200.0, 235.0, 168.0, 235.0]
rec: FEEl.....................
text_instance: 5
bbox: [271, 84, 116, 44]
bezier_pts: [271.0, 84.0, 309.35, 87.52, 349.46, 101.73, 386.0, 84.0, 386.0, 127.0, 347.67, 127.0, 309.33, 127.0, 271.0, 127.0]
rec: Together.................
text_instance: 6
bbox: [164, 304, 95, 25]
bezier_pts: [164.0, 304.0, 195.33, 304.0, 226.67, 304.0, 258.0, 304.0, 258.0, 328.0, 226.67, 328.0, 195.33, 328.0, 164.0, 328.0]
rec: MANOEI...................
text_instance: 7
bbox: [163, 61, 54, 31]
bezier_pts: [163.0, 75.0, 176.03, 64.43, 193.2, 66.97, 208.0, 61.0, 216.0, 82.0, 204.48, 87.82, 192.3, 91.09, 179.0, 91.0]
rec: WE.......................
text_instance: 8
bbox: [219, 60, 56, 25]
bezier_pts: [219.0, 62.0, 236.0, 61.33, 253.0, 60.67, 270.0, 60.0, 274.0, 78.0, 256.67, 81.98, 239.33, 82.69, 222.0, 84.0]
rec: ARE......................
text_instance: 9
bbox: [280, 57, 114, 38]
bezier_pts: [280.0, 57.0, 315.5, 63.75, 359.95, 56.04, 393.0, 78.0, 384.0, 94.0, 349.33, 87.93, 315.85, 81.93, 281.0, 75.0]
rec: FINALLY..................
text_instance: 10
bbox: [183, 107, 195, 73]
bezier_pts: [200.0, 107.0, 259.0, 114.33, 318.0, 121.67, 377.0, 129.0, 370.0, 171.0, 307.67, 173.67, 245.33, 176.33, 183.0, 179.0]
rec: Forever..................
text_instance: 11
bbox: [291, 241, 40, 25]
bezier_pts: [295.0, 241.0, 306.67, 241.0, 318.33, 241.0, 330.0, 241.0, 324.0, 263.0, 313.07, 264.33, 302.34, 265.17, 291.0, 265.0]
rec: to.......................
text_instance: 12
bbox: [337, 238, 48, 30]
bezier_pts: [342.0, 240.0, 356.0, 239.33, 370.0, 238.67, 384.0, 238.0, 375.0, 267.0, 362.33, 266.67, 349.67, 266.33, 337.0, 266.0]
rec: sit......................
text_instance: 13
bbox: [230, 331, 29, 21]
bezier_pts: [230.0, 331.0, 239.0, 331.0, 248.0, 331.0, 257.0, 331.0, 258.0, 349.0, 250.04, 351.68, 242.25, 351.11, 234.0, 351.0]
rec: 07.......................
text_instance: 14
bbox: [262, 334, 28, 18]
bezier_pts: [262.0, 335.0, 271.0, 334.67, 280.0, 334.33, 289.0, 334.0, 288.0, 350.0, 281.33, 350.33, 274.67, 350.67, 268.0, 351.0]
rec: 15.......................
text_instance: 15
bbox: [297, 332, 25, 19]
bezier_pts: [297.0, 333.0, 305.0, 332.67, 313.0, 332.33, 321.0, 332.0, 321.0, 350.0, 313.19, 350.04, 304.81, 350.62, 297.0, 348.0]
rec: 17.......................
