text_instance: 0
bbox: [41, 312, 372, 131]
bezier_pts: [50.0, 312.0, 169.67, 333.33, 289.33, 354.67, 409.0, 376.0, 412.0, 442.0, 288.33, 424.0, 164.67, 406.0, 41.0, 388.0]
rec: SherlockS................
text_instance: 1
bbox: [88, 610, 104, 55]
bezier_pts: [88.0, 648.0, 115.11, 614.39, 154.36, 617.47, 191.0, 610.0, 191.0, 642.0, 161.67, 649.33, 132.33, 656.67, 103.0, 664.0]
rec: COFFEE...................
text_instance: 2
bbox: [214, 622, 55, 52]
bezier_pts: [221.0, 622.0, 240.08, 624.71, 253.64, 637.4, 268.0, 649.0, 259.0, 673.0, 244.0, 664.0, 229.0, 655.0, 214.0, 646.0]
rec: TEA......................
text_instance: 3
bbox: [118, 694, 116, 44]
bezier_pts: [125.0, 694.0, 156.39, 717.59, 193.72, 716.16, 226.0, 702.0, 233.0, 724.0, 193.38, 746.04, 154.91, 738.55, 118.0, 721.0]
rec: HOUSE....................
text_instance: 4
bbox: [445, 639, 59, 47]
bezier_pts: [445.0, 663.0, 462.33, 651.02, 481.62, 647.02, 500.0, 639.0, 503.0, 669.0, 488.67, 674.33, 474.33, 679.67, 460.0, 685.0]
rec: FINE.....................
text_instance: 5
bbox: [506, 637, 64, 45]
bezier_pts: [506.0, 637.0, 528.97, 642.21, 549.71, 648.59, 569.0, 663.0, 560.0, 681.0, 542.67, 676.0, 525.33, 671.0, 508.0, 666.0]
rec: FOOD.....................
text_instance: 6
bbox: [467, 682, 121, 67]
bezier_pts: [470.0, 721.0, 511.38, 742.57, 556.24, 731.48, 569.0, 682.0, 587.0, 691.0, 568.35, 749.54, 516.13, 749.42, 467.0, 748.0]
rec: BEVERAGES................
text_instance: 7
bbox: [1069, 487, 169, 87]
bezier_pts: [1075.0, 487.0, 1129.0, 498.0, 1183.0, 509.0, 1237.0, 520.0, 1226.0, 573.0, 1173.67, 562.33, 1121.33, 551.67, 1069.0, 541.0]
rec: MASONS...................
text_instance: 8
bbox: [955, 469, 56, 34]
bezier_pts: [956.0, 469.0, 974.0, 473.0, 992.0, 477.0, 1010.0, 481.0, 1010.0, 502.0, 991.67, 498.67, 973.33, 495.33, 955.0, 492.0]
rec: TelFax...................
text_instance: 9
bbox: [929, 486, 49, 31]
bezier_pts: [929.0, 486.0, 945.0, 489.0, 961.0, 492.0, 977.0, 495.0, 974.0, 516.0, 961.0, 513.33, 948.0, 510.67, 935.0, 508.0]
rec: 01947....................
text_instance: 10
bbox: [976, 495, 58, 31]
bezier_pts: [982.0, 495.0, 998.33, 497.33, 1014.67, 499.67, 1031.0, 502.0, 1033.0, 525.0, 1014.0, 521.33, 995.0, 517.67, 976.0, 514.0]
rec: 820240...................
text_instance: 11
bbox: [799, 717, 27, 62]
bezier_pts: [799.0, 717.0, 801.29, 736.58, 805.67, 757.86, 806.0, 778.0, 825.0, 772.0, 826.35, 753.17, 814.11, 735.33, 821.0, 717.0]
rec: RE.......................
text_instance: 12
bbox: [717, 457, 58, 27]
bezier_pts: [719.0, 465.0, 736.07, 456.74, 754.34, 454.88, 772.0, 459.0, 774.0, 475.0, 755.0, 477.67, 736.0, 480.33, 717.0, 483.0]
rec: HANSOM...................
text_instance: 13
bbox: [775, 460, 31, 24]
bezier_pts: [775.0, 460.0, 785.61, 460.57, 795.78, 466.5, 805.0, 471.0, 803.0, 483.0, 793.71, 481.08, 784.2, 477.51, 775.0, 474.0]
rec: CARS.....................
