text_instance: 0
bbox: [89, 169, 96, 21]
bezier_pts: [89.0, 169.0, 120.67, 169.0, 152.33, 169.0, 184.0, 169.0, 184.0, 189.0, 152.33, 189.0, 120.67, 189.0, 89.0, 189.0]
rec: ITHACA...................
text_instance: 1
bbox: [415, 177, 96, 18]
bezier_pts: [415.0, 177.0, 446.67, 177.0, 478.33, 177.0, 510.0, 177.0, 510.0, 193.0, 478.87, 194.33, 447.6, 194.62, 415.0, 193.0]
rec: MARKET...................
text_instance: 2
bbox: [230, 208, 65, 10]
bezier_pts: [230.0, 208.0, 251.33, 208.0, 272.67, 208.0, 294.0, 208.0, 294.0, 217.0, 272.67, 217.0, 251.33, 217.0, 230.0, 217.0]
rec: PRODUCES.................
text_instance: 3
bbox: [257, 111, 53, 23]
bezier_pts: [257.0, 122.0, 269.83, 112.37, 289.85, 112.26, 307.0, 111.0, 309.0, 123.0, 292.89, 122.51, 278.9, 131.9, 263.0, 133.0]
rec: SINCE....................
text_instance: 4
bbox: [311, 111, 39, 25]
bezier_pts: [312.0, 111.0, 324.54, 114.34, 337.2, 116.48, 349.0, 121.0, 343.0, 135.0, 332.33, 131.67, 321.67, 128.33, 311.0, 125.0]
rec: 1973.....................
text_instance: 5
bbox: [192, 148, 218, 56]
bezier_pts: [192.0, 158.0, 263.44, 145.84, 337.55, 158.62, 409.0, 159.0, 402.0, 203.0, 332.38, 199.83, 267.0, 189.8, 200.0, 203.0]
rec: FARMERS..................
text_instance: 6
bbox: [169, 207, 60, 13]
bezier_pts: [169.0, 208.0, 188.67, 207.67, 208.33, 207.33, 228.0, 207.0, 227.0, 218.0, 207.4, 218.72, 188.53, 218.31, 169.0, 217.0]
rec: LOCALLY..................
text_instance: 7
bbox: [310, 209, 53, 12]
bezier_pts: [311.0, 209.0, 328.0, 209.33, 345.0, 209.67, 362.0, 210.0, 362.0, 219.0, 344.72, 219.04, 327.27, 219.62, 310.0, 217.0]
rec: WITHIN...................
text_instance: 8
bbox: [371, 209, 21, 12]
bezier_pts: [371.0, 210.0, 377.33, 209.67, 383.67, 209.33, 390.0, 209.0, 391.0, 219.0, 384.33, 220.58, 377.67, 219.84, 371.0, 220.0]
rec: 30.......................
text_instance: 9
bbox: [393, 210, 42, 13]
bezier_pts: [395.0, 211.0, 407.67, 210.67, 420.33, 210.33, 433.0, 210.0, 434.0, 221.0, 419.93, 220.84, 406.89, 221.61, 393.0, 220.0]
rec: MILES....................
