text_instance: 0
bbox: [314, 404, 64, 29]
bezier_pts: [314.0, 404.0, 333.61, 420.4, 356.34, 403.72, 377.0, 404.0, 377.0, 431.0, 356.01, 432.68, 335.15, 432.56, 314.0, 431.0]
rec: CAFE.....................
text_instance: 1
bbox: [183, 372, 35, 23]
bezier_pts: [183.0, 372.0, 194.33, 372.0, 205.67, 372.0, 217.0, 372.0, 217.0, 393.0, 206.0, 393.33, 195.0, 393.67, 184.0, 394.0]
rec: FE.......................
text_instance: 2
bbox: [5, 476, 33, 13]
bezier_pts: [5.0, 479.0, 15.0, 478.0, 25.0, 477.0, 35.0, 476.0, 37.0, 484.0, 26.45, 486.18, 16.11, 488.82, 5.0, 488.0]
rec: oppo.....................
text_instance: 3
bbox: [314, 433, 65, 21]
bezier_pts: [314.0, 433.0, 335.33, 433.0, 356.67, 433.0, 378.0, 433.0, 378.0, 450.0, 356.9, 451.95, 336.02, 451.28, 315.0, 452.0]
rec: Coffee...................
text_instance: 4
bbox: [314, 453, 43, 20]
bezier_pts: [314.0, 454.0, 327.33, 454.0, 340.67, 454.0, 354.0, 454.0, 356.0, 471.0, 342.79, 472.67, 329.71, 472.57, 317.0, 471.0]
rec: Day......................
text_instance: 5
bbox: [258, 239, 30, 43]
bezier_pts: [258.0, 281.0, 260.24, 264.57, 265.45, 242.46, 284.0, 239.0, 287.0, 249.0, 276.11, 256.52, 269.43, 267.63, 270.0, 281.0]
rec: DAEBAK...................
text_instance: 6
bbox: [322, 240, 33, 42]
bezier_pts: [325.0, 240.0, 342.95, 247.02, 353.02, 261.21, 354.0, 280.0, 346.0, 281.0, 341.97, 266.47, 333.29, 258.52, 322.0, 249.0]
rec: STATION..................
text_instance: 7
bbox: [261, 286, 38, 39]
bezier_pts: [270.0, 286.0, 277.72, 298.19, 283.06, 309.7, 298.0, 315.0, 296.0, 324.0, 278.86, 318.35, 266.95, 307.21, 261.0, 290.0]
rec: KOREAN...................
text_instance: 8
bbox: [297, 286, 58, 41]
bezier_pts: [299.0, 314.0, 323.31, 318.21, 339.6, 308.63, 347.0, 286.0, 354.0, 291.0, 345.48, 319.45, 324.99, 329.36, 297.0, 325.0]
rec: RESTAURANT...............
