text_instance: 0
bbox: [161, 995, 202, 349]
bezier_pts: [287.0, 995.0, 307.57, 1093.07, 337.97, 1181.76, 362.0, 1277.0, 257.0, 1343.0, 132.23, 1274.15, 195.53, 1117.0, 161.0, 1016.0]
rec: BOTH.....................
text_instance: 1
bbox: [284, 1292, 331, 265]
bezier_pts: [386.0, 1292.0, 463.14, 1333.46, 539.7, 1377.52, 614.0, 1424.0, 584.0, 1556.0, 468.85, 1537.51, 364.0, 1483.33, 284.0, 1388.0]
rec: SIDE.....................
text_instance: 2
bbox: [641, 1415, 190, 151]
bezier_pts: [653.0, 1415.0, 704.0, 1417.0, 755.0, 1419.0, 806.0, 1421.0, 830.0, 1565.0, 766.77, 1559.91, 703.78, 1553.67, 641.0, 1544.0]
rec: OF.......................
text_instance: 3
bbox: [839, 1301, 319, 247]
bezier_pts: [839.0, 1415.0, 913.02, 1373.87, 987.58, 1336.51, 1064.0, 1301.0, 1157.0, 1409.0, 1109.48, 1527.7, 983.52, 1513.94, 893.0, 1547.0]
rec: THE......................
text_instance: 4
bbox: [1094, 868, 250, 501]
bezier_pts: [1094.0, 1270.0, 1184.99, 1156.79, 1237.06, 1010.59, 1208.0, 868.0, 1339.0, 879.0, 1356.7, 1046.09, 1332.67, 1243.86, 1197.0, 1368.0]
rec: STREET...................
text_instance: 5
bbox: [608, 452, 280, 142]
bezier_pts: [608.0, 461.0, 701.0, 458.0, 794.0, 455.0, 887.0, 452.0, 887.0, 581.0, 799.0, 585.0, 711.0, 589.0, 623.0, 593.0]
rec: KIp......................
text_instance: 6
bbox: [551, 665, 505, 715]
bezier_pts: [551.0, 695.0, 708.0, 685.0, 865.0, 675.0, 1022.0, 665.0, 1055.0, 1364.0, 895.0, 1369.0, 735.0, 1374.0, 575.0, 1379.0]
rec: P........................
