text_instance: 0
bbox: [202, 72, 150, 73]
bezier_pts: [202.0, 88.0, 249.0, 82.67, 296.0, 77.33, 343.0, 72.0, 351.0, 127.0, 307.33, 132.67, 263.67, 138.33, 220.0, 144.0]
rec: HAVE.....................
text_instance: 1
bbox: [367, 67, 89, 64]
bezier_pts: [382.0, 67.0, 406.33, 70.0, 430.67, 73.0, 455.0, 76.0, 448.0, 130.0, 421.0, 128.67, 394.0, 127.33, 367.0, 126.0]
rec: An.......................
text_instance: 2
bbox: [205, 128, 269, 78]
bezier_pts: [205.0, 145.0, 292.23, 127.96, 384.04, 126.72, 473.0, 129.0, 463.0, 193.0, 379.01, 173.95, 301.23, 163.73, 219.0, 205.0]
rec: EGGSTRA..................
text_instance: 3
bbox: [150, 180, 202, 119]
bezier_pts: [150.0, 243.0, 212.84, 209.1, 277.35, 188.15, 351.0, 180.0, 343.0, 241.0, 277.78, 233.14, 218.96, 254.21, 174.0, 298.0]
rec: SPECIAL..................
text_instance: 4
bbox: [361, 178, 178, 100]
bezier_pts: [374.0, 178.0, 429.09, 193.71, 485.56, 203.61, 538.0, 223.0, 511.0, 277.0, 467.57, 247.04, 414.69, 241.15, 361.0, 238.0]
rec: SPRING...................
