text_instance: 0
bbox: [278, 187, 128, 28]
bezier_pts: [278.0, 187.0, 320.33, 187.0, 362.67, 187.0, 405.0, 187.0, 405.0, 214.0, 362.67, 214.0, 320.33, 214.0, 278.0, 214.0]
rec: GOLDEN...................
text_instance: 1
bbox: [301, 217, 91, 21]
bezier_pts: [301.0, 219.0, 331.99, 217.79, 361.6, 215.62, 391.0, 218.0, 391.0, 236.0, 361.33, 237.43, 331.07, 236.89, 302.0, 237.0]
rec: NORTH....................
text_instance: 2
bbox: [259, 253, 79, 29]
bezier_pts: [264.0, 253.0, 287.67, 259.0, 311.33, 265.0, 335.0, 271.0, 337.0, 281.0, 308.0, 283.24, 282.56, 274.71, 259.0, 262.0]
rec: PREMIUM..................
text_instance: 3
bbox: [372, 244, 57, 37]
bezier_pts: [372.0, 267.0, 387.33, 259.17, 410.84, 263.21, 422.0, 244.0, 428.0, 259.0, 409.58, 267.46, 392.23, 274.84, 372.0, 280.0]
rec: CREAM....................
text_instance: 4
bbox: [622, 310, 71, 126]
bezier_pts: [630.0, 310.0, 662.26, 316.38, 660.55, 359.46, 692.0, 369.0, 688.0, 435.0, 663.11, 420.09, 637.23, 405.39, 622.0, 380.0]
rec: Sco......................
text_instance: 5
bbox: [343, 268, 29, 15]
bezier_pts: [343.0, 270.0, 351.67, 269.33, 360.33, 268.67, 369.0, 268.0, 371.0, 279.0, 362.0, 280.0, 353.0, 281.0, 344.0, 282.0]
rec: ICE......................
text_instance: 6
bbox: [224, 480, 32, 12]
bezier_pts: [226.0, 483.0, 234.09, 480.07, 243.93, 478.81, 252.0, 481.0, 255.0, 488.0, 244.67, 489.0, 234.33, 490.0, 224.0, 491.0]
rec: PALM.....................
text_instance: 7
bbox: [658, 6, 35, 95]
bezier_pts: [663.0, 7.0, 672.33, 6.67, 681.67, 6.33, 691.0, 6.0, 692.0, 97.0, 680.79, 98.52, 669.37, 99.02, 658.0, 98.0]
rec: C........................
