text_instance: 0
bbox: [647, 125, 74, 57]
bezier_pts: [647.0, 167.0, 665.04, 143.9, 689.68, 126.48, 719.0, 125.0, 720.0, 148.0, 701.67, 159.0, 683.33, 170.0, 665.0, 181.0]
rec: SKIN.....................
text_instance: 1
bbox: [728, 126, 58, 47]
bezier_pts: [735.0, 126.0, 756.1, 128.89, 774.23, 140.99, 785.0, 159.0, 769.0, 172.0, 755.33, 164.0, 741.67, 156.0, 728.0, 148.0]
rec: GYM......................
text_instance: 2
bbox: [672, 180, 92, 60]
bezier_pts: [672.0, 188.0, 701.67, 185.33, 731.33, 182.67, 761.0, 180.0, 763.0, 229.0, 735.0, 235.05, 707.0, 238.32, 679.0, 239.0]
rec: SG.......................
text_instance: 3
bbox: [637, 220, 161, 73]
bezier_pts: [662.0, 232.0, 701.05, 286.65, 749.01, 274.65, 778.0, 220.0, 797.0, 226.0, 762.26, 311.62, 684.24, 321.16, 637.0, 235.0]
rec: AESTHETIC................
text_instance: 4
bbox: [576, 338, 82, 68]
bezier_pts: [576.0, 345.0, 602.11, 342.66, 630.88, 338.55, 657.0, 338.0, 657.0, 394.0, 632.33, 397.67, 607.67, 401.33, 583.0, 405.0]
rec: Sk.......................
text_instance: 5
bbox: [736, 313, 167, 70]
bezier_pts: [736.0, 324.0, 789.99, 308.08, 847.54, 345.3, 898.0, 313.0, 902.0, 363.0, 849.15, 358.17, 801.08, 392.86, 748.0, 380.0]
rec: Gym......................
