text_instance: 0
bbox: [558, 267, 172, 71]
bezier_pts: [558.0, 299.0, 611.34, 261.57, 669.74, 269.99, 729.0, 267.0, 728.0, 310.0, 675.42, 288.41, 625.33, 296.78, 584.0, 337.0]
rec: SINCEc...................
text_instance: 1
bbox: [769, 288, 127, 100]
bezier_pts: [776.0, 288.0, 818.95, 310.59, 865.86, 330.45, 895.0, 372.0, 879.0, 387.0, 842.33, 363.67, 805.67, 340.33, 769.0, 317.0]
rec: 1975.....................
text_instance: 2
bbox: [540, 568, 58, 47]
bezier_pts: [576.0, 568.0, 583.23, 574.11, 593.17, 577.5, 597.0, 587.0, 565.0, 614.0, 556.67, 605.0, 548.33, 596.0, 540.0, 587.0]
rec: AY.......................
text_instance: 3
bbox: [579, 598, 94, 88]
bezier_pts: [601.0, 598.0, 624.67, 616.0, 648.33, 634.0, 672.0, 652.0, 662.0, 685.0, 632.63, 667.19, 604.97, 646.65, 579.0, 624.0]
rec: CHUNG....................
text_instance: 4
bbox: [675, 652, 97, 64]
bezier_pts: [682.0, 652.0, 709.13, 656.42, 733.31, 663.93, 759.0, 670.0, 771.0, 715.0, 738.14, 710.91, 706.26, 703.89, 675.0, 694.0]
rec: FLOUR....................
text_instance: 5
bbox: [772, 670, 73, 46]
bezier_pts: [772.0, 670.0, 792.0, 671.0, 812.0, 672.0, 832.0, 673.0, 844.0, 709.0, 821.09, 713.85, 797.64, 715.76, 775.0, 715.0]
rec: RICE.....................
text_instance: 6
bbox: [838, 621, 103, 88]
bezier_pts: [838.0, 670.0, 862.67, 653.67, 887.33, 637.33, 912.0, 621.0, 940.0, 650.0, 913.56, 671.57, 886.04, 690.26, 856.0, 708.0]
rec: NOODLE...................
text_instance: 7
bbox: [270, 715, 16, 28]
bezier_pts: [283.0, 715.0, 279.49, 722.55, 278.69, 734.74, 285.0, 742.0, 273.0, 741.0, 271.89, 730.9, 269.33, 724.47, 270.0, 715.0]
rec: THE......................
text_instance: 8
bbox: [271, 746, 15, 65]
bezier_pts: [285.0, 746.0, 280.16, 767.16, 285.05, 789.22, 284.0, 810.0, 272.0, 810.0, 275.43, 789.41, 268.43, 766.65, 272.0, 746.0]
rec: WINTER's.................
text_instance: 9
bbox: [274, 851, 11, 17]
bezier_pts: [283.0, 851.0, 283.0, 856.33, 283.0, 861.67, 283.0, 867.0, 274.0, 866.0, 274.66, 860.03, 272.71, 859.07, 275.0, 852.0]
rec: OF.......................
text_instance: 10
bbox: [271, 813, 13, 34]
bezier_pts: [282.0, 814.0, 283.88, 821.43, 282.79, 832.55, 283.0, 844.0, 272.0, 846.0, 272.88, 837.55, 270.38, 824.93, 271.0, 813.0]
rec: LOVE.....................
text_instance: 11
bbox: [272, 875, 14, 54]
bezier_pts: [284.0, 875.0, 280.38, 893.01, 287.72, 910.03, 284.0, 928.0, 275.0, 928.0, 272.79, 911.82, 268.87, 892.4, 275.0, 875.0]
rec: SHI-MEN..................
