text_instance: 0
bbox: [402, 193, 507, 362]
bezier_pts: [460.0, 193.0, 611.38, 248.82, 758.91, 320.66, 908.0, 385.0, 889.0, 554.0, 701.09, 555.73, 555.06, 463.75, 402.0, 373.0]
rec: JAMES....................
text_instance: 1
bbox: [522, 439, 321, 269]
bezier_pts: [522.0, 514.0, 591.65, 439.12, 678.62, 453.48, 766.0, 439.0, 842.0, 580.0, 756.41, 613.85, 699.88, 720.32, 592.0, 707.0]
rec: FOO......................
text_instance: 2
bbox: [732, 676, 107, 77]
bezier_pts: [733.0, 676.0, 768.0, 686.33, 803.0, 696.67, 838.0, 707.0, 835.0, 752.0, 800.41, 746.85, 766.25, 737.94, 732.0, 730.0]
rec: FAMILY...................
text_instance: 3
bbox: [427, 518, 334, 393]
bezier_pts: [481.0, 518.0, 522.59, 649.77, 584.48, 787.76, 744.0, 814.0, 760.0, 910.0, 568.02, 857.64, 480.35, 709.92, 427.0, 541.0]
rec: western..................
text_instance: 4
bbox: [756, 658, 173, 227]
bezier_pts: [756.0, 811.0, 826.78, 791.54, 867.5, 727.43, 886.0, 658.0, 928.0, 689.0, 907.87, 778.55, 858.29, 848.39, 769.0, 884.0]
rec: FOOD.....................
text_instance: 5
bbox: [885, 548, 63, 61]
bezier_pts: [887.0, 548.0, 905.33, 553.0, 923.67, 558.0, 942.0, 563.0, 947.0, 608.0, 926.33, 602.33, 905.67, 596.67, 885.0, 591.0]
rec: TM.......................
