text_instance: 0
bbox: [374, 676, 307, 202]
bezier_pts: [374.0, 688.0, 478.62, 679.6, 580.8, 678.97, 680.0, 676.0, 677.0, 829.0, 581.0, 845.0, 485.0, 861.0, 389.0, 877.0]
rec: the......................
text_instance: 1
bbox: [779, 646, 850, 190]
bezier_pts: [779.0, 646.0, 1057.15, 651.61, 1337.08, 649.55, 1616.0, 667.0, 1628.0, 829.0, 1347.0, 831.0, 1066.0, 833.0, 785.0, 835.0]
rec: istanbul.................
text_instance: 2
bbox: [1727, 649, 532, 241]
bezier_pts: [1751.0, 649.0, 1914.0, 678.0, 2077.0, 707.0, 2240.0, 736.0, 2258.0, 889.0, 2081.0, 876.0, 1904.0, 863.0, 1727.0, 850.0]
rec: hotel....................
text_instance: 3
bbox: [344, 1042, 799, 160]
bezier_pts: [344.0, 1090.0, 607.82, 1061.17, 874.52, 1046.95, 1139.0, 1048.0, 1142.0, 1201.0, 879.46, 1199.5, 614.14, 1197.05, 347.0, 1192.0]
rec: TRADITIONAL..............
text_instance: 4
bbox: [1169, 1033, 523, 165]
bezier_pts: [1169.0, 1033.0, 1337.0, 1037.0, 1505.0, 1041.0, 1673.0, 1045.0, 1691.0, 1195.0, 1514.84, 1195.82, 1340.86, 1195.81, 1169.0, 1195.0]
rec: TURKISH..................
text_instance: 5
bbox: [1724, 1042, 559, 166]
bezier_pts: [1724.0, 1042.0, 1904.11, 1061.1, 2088.37, 1074.7, 2267.0, 1105.0, 2282.0, 1204.0, 2097.0, 1204.0, 1912.0, 1204.0, 1727.0, 1204.0]
rec: HAMMAM...................
