text_instance: 0
bbox: [366, 13, 313, 77]
bezier_pts: [368.0, 13.0, 468.24, 16.62, 580.13, 6.73, 677.0, 42.0, 678.0, 89.0, 573.27, 82.61, 470.3, 74.97, 366.0, 64.0]
rec: INFORMATION..............
text_instance: 1
bbox: [365, 148, 108, 89]
bezier_pts: [365.0, 202.0, 389.76, 170.6, 420.9, 156.88, 459.0, 148.0, 472.0, 187.0, 443.61, 201.74, 415.17, 212.12, 394.0, 236.0]
rec: HAVE.....................
text_instance: 2
bbox: [509, 132, 93, 54]
bezier_pts: [509.0, 132.0, 539.08, 137.15, 576.39, 121.2, 601.0, 146.0, 595.0, 185.0, 568.33, 181.33, 541.67, 177.67, 515.0, 174.0]
rec: GOOD.....................
text_instance: 3
bbox: [600, 145, 78, 85]
bezier_pts: [609.0, 145.0, 638.5, 143.94, 661.76, 169.47, 677.0, 191.0, 658.0, 229.0, 637.24, 216.14, 618.38, 199.81, 600.0, 185.0]
rec: TIME.....................
text_instance: 4
bbox: [453, 247, 104, 46]
bezier_pts: [453.0, 251.0, 487.33, 249.67, 521.67, 248.33, 556.0, 247.0, 556.0, 285.0, 523.05, 290.3, 490.33, 292.72, 457.0, 292.0]
rec: FROM.....................
text_instance: 5
bbox: [569, 245, 46, 45]
bezier_pts: [569.0, 246.0, 583.0, 245.67, 597.0, 245.33, 611.0, 245.0, 614.0, 284.0, 599.57, 287.92, 584.83, 288.64, 570.0, 288.0]
rec: ME.......................
text_instance: 6
bbox: [391, 425, 127, 59]
bezier_pts: [391.0, 442.0, 433.0, 436.33, 475.0, 430.67, 517.0, 425.0, 515.0, 465.0, 474.0, 471.0, 433.0, 477.0, 392.0, 483.0]
rec: REST.....................
text_instance: 7
bbox: [393, 494, 129, 65]
bezier_pts: [393.0, 517.0, 432.35, 505.62, 475.33, 498.76, 518.0, 494.0, 521.0, 531.0, 478.33, 540.0, 435.67, 549.0, 393.0, 558.0]
rec: STAY.....................
text_instance: 8
bbox: [463, 135, 48, 53]
bezier_pts: [463.0, 144.0, 474.56, 137.44, 487.57, 136.81, 501.0, 135.0, 510.0, 176.0, 498.03, 180.02, 486.24, 185.12, 474.0, 187.0]
rec: m........................
