text_instance: 0
bbox: [165, 172, 124, 85]
bezier_pts: [165.0, 203.0, 206.0, 192.67, 247.0, 182.33, 288.0, 172.0, 282.0, 228.0, 244.6, 237.9, 206.12, 248.59, 167.0, 256.0]
rec: NEW......................
text_instance: 1
bbox: [90, 273, 141, 86]
bezier_pts: [94.0, 321.0, 135.1, 294.91, 190.08, 305.27, 230.0, 273.0, 230.0, 306.0, 183.33, 323.33, 136.67, 340.67, 90.0, 358.0]
rec: Advanced.................
text_instance: 2
bbox: [243, 248, 128, 54]
bezier_pts: [243.0, 277.0, 281.62, 257.96, 322.74, 242.08, 370.0, 250.0, 369.0, 279.0, 327.0, 286.33, 285.0, 293.67, 243.0, 301.0]
rec: Cleaing..................
text_instance: 3
bbox: [125, 337, 54, 56]
bezier_pts: [125.0, 368.0, 142.0, 357.67, 159.0, 347.33, 176.0, 337.0, 178.0, 372.0, 161.59, 378.98, 146.22, 387.0, 129.0, 392.0]
rec: and......................
text_instance: 4
bbox: [187, 296, 146, 70]
bezier_pts: [187.0, 333.0, 237.06, 330.44, 283.61, 302.09, 332.0, 296.0, 332.0, 317.0, 284.67, 333.0, 237.33, 349.0, 190.0, 365.0]
rec: freshness................
text_instance: 5
bbox: [72, 468, 65, 29]
bezier_pts: [74.0, 468.0, 94.67, 474.33, 115.33, 480.67, 136.0, 487.0, 136.0, 496.0, 114.93, 494.03, 93.25, 490.98, 72.0, 487.0]
rec: Johnson..................
text_instance: 6
bbox: [157, 652, 97, 55]
bezier_pts: [157.0, 658.0, 188.28, 658.46, 221.72, 663.17, 253.0, 652.0, 239.0, 696.0, 213.8, 701.39, 187.52, 705.02, 162.0, 706.0]
rec: Mr.......................
text_instance: 7
bbox: [95, 670, 276, 89]
bezier_pts: [95.0, 698.0, 185.57, 704.57, 277.84, 695.21, 369.0, 670.0, 370.0, 722.0, 280.07, 746.11, 186.62, 766.0, 95.0, 755.0]
rec: Muscle...................
text_instance: 8
bbox: [151, 773, 46, 20]
bezier_pts: [151.0, 777.0, 166.0, 775.67, 181.0, 774.33, 196.0, 773.0, 195.0, 788.0, 180.33, 789.33, 165.67, 790.67, 151.0, 792.0]
rec: Multi....................
text_instance: 9
bbox: [206, 766, 70, 22]
bezier_pts: [206.0, 771.0, 229.0, 769.33, 252.0, 767.67, 275.0, 766.0, 274.0, 777.0, 251.32, 783.01, 228.79, 786.65, 206.0, 787.0]
rec: Purpose..................
text_instance: 10
bbox: [284, 749, 67, 28]
bezier_pts: [284.0, 759.0, 306.0, 755.67, 328.0, 752.33, 350.0, 749.0, 347.0, 761.0, 326.31, 768.17, 305.91, 773.18, 284.0, 776.0]
rec: Cleaner..................
text_instance: 11
bbox: [162, 854, 39, 43]
bezier_pts: [162.0, 854.0, 174.67, 854.33, 187.33, 854.67, 200.0, 855.0, 200.0, 896.0, 187.67, 895.33, 175.33, 894.67, 163.0, 894.0]
rec: 3........................
text_instance: 12
bbox: [272, 802, 67, 26]
bezier_pts: [272.0, 817.0, 294.0, 812.0, 316.0, 807.0, 338.0, 802.0, 337.0, 814.0, 315.7, 821.41, 294.55, 825.68, 273.0, 827.0]
rec: fragranced...............
text_instance: 13
bbox: [340, 791, 20, 30]
bezier_pts: [340.0, 797.0, 345.67, 795.0, 351.33, 793.0, 357.0, 791.0, 359.0, 813.0, 352.67, 815.33, 346.33, 817.67, 340.0, 820.0]
rec: by.......................
text_instance: 14
bbox: [373, 771, 98, 62]
bezier_pts: [373.0, 794.0, 397.56, 768.1, 438.6, 764.15, 470.0, 778.0, 468.0, 794.0, 434.84, 804.47, 398.07, 803.08, 375.0, 832.0]
rec: glade....................
text_instance: 15
bbox: [87, 490, 100, 27]
bezier_pts: [91.0, 490.0, 122.67, 495.67, 154.33, 501.33, 186.0, 507.0, 183.0, 516.0, 150.47, 511.88, 119.18, 507.67, 87.0, 502.0]
rec: AFamilyCompany...........
text_instance: 16
bbox: [234, 593, 37, 33]
bezier_pts: [234.0, 594.0, 246.0, 594.33, 258.0, 594.67, 270.0, 595.0, 268.0, 625.0, 257.33, 624.33, 246.67, 623.67, 236.0, 623.0]
rec: M........................
