text_instance: 0
bbox: [396, 256, 66, 96]
bezier_pts: [396.0, 349.0, 404.32, 314.81, 417.41, 278.46, 448.0, 256.0, 461.0, 266.0, 436.12, 287.68, 420.75, 317.57, 415.0, 351.0]
rec: NATIONAL.................
text_instance: 1
bbox: [453, 208, 106, 56]
bezier_pts: [453.0, 250.0, 480.99, 223.25, 517.72, 204.39, 558.0, 208.0, 557.0, 227.0, 526.0, 239.0, 495.0, 251.0, 464.0, 263.0]
rec: ELEPHANT.................
text_instance: 2
bbox: [564, 207, 145, 80]
bezier_pts: [564.0, 207.0, 622.39, 204.91, 671.82, 227.62, 708.0, 275.0, 694.0, 286.0, 660.84, 244.88, 618.13, 220.77, 564.0, 225.0]
rec: CONSERVATION.............
text_instance: 3
bbox: [698, 283, 42, 82]
bezier_pts: [713.0, 283.0, 733.69, 304.54, 736.93, 331.64, 739.0, 360.0, 722.0, 364.0, 718.28, 337.02, 713.09, 310.64, 698.0, 289.0]
rec: CENTRE...................
text_instance: 4
bbox: [484, 509, 74, 33]
bezier_pts: [494.0, 509.0, 515.57, 509.41, 534.78, 513.86, 554.0, 524.0, 557.0, 541.0, 532.04, 537.32, 507.6, 530.57, 484.0, 521.0]
rec: KUALA....................
text_instance: 5
bbox: [563, 509, 84, 34]
bezier_pts: [563.0, 524.0, 588.33, 519.0, 613.67, 514.0, 639.0, 509.0, 646.0, 525.0, 618.89, 533.28, 591.22, 538.62, 563.0, 541.0]
rec: GANDAH...................
text_instance: 6
bbox: [645, 454, 71, 66]
bezier_pts: [645.0, 507.0, 664.67, 489.33, 684.33, 471.67, 704.0, 454.0, 715.0, 463.0, 696.42, 483.83, 676.45, 502.74, 654.0, 519.0]
rec: PAHANg...................
text_instance: 7
bbox: [573, 270, 77, 29]
bezier_pts: [574.0, 270.0, 598.67, 270.33, 623.33, 270.67, 648.0, 271.0, 649.0, 295.0, 623.81, 297.7, 598.32, 297.67, 573.0, 295.0]
rec: WILD.....................
text_instance: 8
bbox: [474, 295, 175, 35]
bezier_pts: [474.0, 295.0, 531.67, 295.0, 589.33, 295.0, 647.0, 295.0, 648.0, 324.0, 591.11, 326.88, 533.22, 326.95, 476.0, 324.0]
rec: ELEPHANTS................
