text_instance: 0
bbox: [393, 321, 168, 69]
bezier_pts: [401.0, 321.0, 461.52, 321.23, 516.99, 339.88, 560.0, 381.0, 540.0, 389.0, 496.62, 362.85, 443.05, 349.85, 393.0, 342.0]
rec: ARTISAN..................
text_instance: 1
bbox: [379, 345, 72, 40]
bezier_pts: [389.0, 345.0, 410.34, 352.23, 430.42, 357.93, 450.0, 370.0, 440.0, 384.0, 419.9, 377.98, 398.61, 372.12, 379.0, 363.0]
rec: BAKED....................
text_instance: 2
bbox: [479, 384, 62, 34]
bezier_pts: [488.0, 384.0, 507.09, 386.47, 522.09, 397.37, 540.0, 403.0, 534.0, 417.0, 515.67, 410.67, 497.33, 404.33, 479.0, 398.0]
rec: HAND.....................
text_instance: 3
bbox: [357, 374, 168, 71]
bezier_pts: [381.0, 374.0, 416.31, 415.38, 468.9, 428.98, 521.0, 423.0, 524.0, 444.0, 461.18, 448.52, 399.32, 433.88, 357.0, 388.0]
rec: BISCUITS.................
text_instance: 4
bbox: [283, 510, 195, 79]
bezier_pts: [287.0, 510.0, 355.39, 502.51, 427.34, 534.5, 477.0, 578.0, 448.0, 588.0, 393.45, 563.42, 345.31, 525.83, 283.0, 531.0]
rec: ARTISAN..................
text_instance: 5
bbox: [268, 540, 76, 41]
bezier_pts: [278.0, 540.0, 300.13, 542.81, 323.65, 552.94, 343.0, 565.0, 338.0, 580.0, 314.67, 572.0, 291.33, 564.0, 268.0, 556.0]
rec: BAKED....................
text_instance: 6
bbox: [379, 583, 69, 39]
bezier_pts: [388.0, 583.0, 407.67, 590.33, 427.33, 597.67, 447.0, 605.0, 439.0, 621.0, 418.38, 615.45, 398.26, 607.54, 379.0, 600.0]
rec: HAND.....................
text_instance: 7
bbox: [243, 570, 187, 95]
bezier_pts: [269.0, 570.0, 305.41, 622.01, 375.61, 622.03, 429.0, 632.0, 429.0, 664.0, 356.48, 655.48, 278.81, 660.57, 243.0, 584.0]
rec: BISCUITS.................
text_instance: 8
bbox: [139, 729, 205, 106]
bezier_pts: [141.0, 729.0, 214.8, 726.85, 302.64, 740.03, 343.0, 814.0, 309.0, 834.0, 266.02, 785.55, 203.38, 762.77, 139.0, 760.0]
rec: ARTISAN..................
text_instance: 9
bbox: [174, 766, 108, 60]
bezier_pts: [188.0, 766.0, 219.98, 775.56, 255.48, 779.96, 281.0, 809.0, 268.0, 825.0, 236.67, 810.0, 205.33, 795.0, 174.0, 780.0]
rec: ASHBOURNE................
text_instance: 10
bbox: [117, 769, 83, 52]
bezier_pts: [128.0, 769.0, 155.57, 774.61, 179.37, 786.12, 199.0, 804.0, 189.0, 820.0, 165.0, 809.33, 141.0, 798.67, 117.0, 788.0]
rec: BAKED....................
text_instance: 11
bbox: [237, 821, 75, 49]
bezier_pts: [245.0, 821.0, 267.37, 829.77, 291.45, 834.04, 311.0, 851.0, 303.0, 869.0, 279.55, 861.68, 257.61, 851.73, 237.0, 839.0]
rec: HAND.....................
text_instance: 12
bbox: [156, 821, 86, 54]
bezier_pts: [159.0, 821.0, 189.2, 828.29, 216.26, 840.46, 241.0, 856.0, 234.0, 874.0, 206.64, 864.98, 181.09, 853.35, 156.0, 839.0]
rec: ENGLAND..................
text_instance: 13
bbox: [89, 813, 203, 110]
bezier_pts: [115.0, 813.0, 164.32, 852.99, 224.25, 880.59, 291.0, 888.0, 290.0, 922.0, 206.6, 919.35, 120.66, 912.19, 89.0, 826.0]
rec: BISCUITS.................
text_instance: 14
bbox: [671, 855, 41, 46]
bezier_pts: [695.0, 855.0, 706.72, 865.55, 712.31, 882.19, 711.0, 899.0, 692.0, 900.0, 674.96, 898.26, 671.45, 874.67, 671.0, 861.0]
rec: NEW......................
text_instance: 15
bbox: [644, 880, 41, 61]
bezier_pts: [684.0, 888.0, 671.6, 902.33, 670.03, 922.84, 667.0, 940.0, 644.0, 930.0, 649.09, 913.3, 653.54, 896.81, 660.0, 880.0]
rec: Good.....................
text_instance: 16
bbox: [608, 859, 55, 99]
bezier_pts: [662.0, 868.0, 645.86, 894.84, 638.79, 926.01, 632.0, 957.0, 608.0, 945.0, 622.44, 917.96, 627.95, 885.75, 641.0, 859.0]
rec: Morning..................
text_instance: 17
bbox: [551, 956, 83, 72]
bezier_pts: [564.0, 956.0, 589.96, 968.51, 613.0, 987.93, 633.0, 1008.0, 621.0, 1027.0, 596.14, 1012.74, 573.3, 995.25, 551.0, 979.0]
rec: BAKERS...................
text_instance: 18
bbox: [594, 1071, 36, 77]
bezier_pts: [599.0, 1071.0, 636.83, 1091.95, 641.83, 1127.92, 598.0, 1147.0, 594.0, 1127.0, 612.51, 1115.63, 609.87, 1098.04, 595.0, 1085.0]
rec: BAKERS...................
text_instance: 19
bbox: [574, 828, 33, 63]
bezier_pts: [606.0, 834.0, 600.67, 852.67, 595.33, 871.33, 590.0, 890.0, 574.0, 883.0, 583.42, 866.98, 586.0, 844.38, 595.0, 828.0]
rec: Chocolate................
text_instance: 20
bbox: [567, 823, 28, 50]
bezier_pts: [594.0, 829.0, 584.03, 842.41, 584.88, 858.21, 577.0, 872.0, 567.0, 861.0, 571.33, 848.33, 575.67, 835.67, 580.0, 823.0]
rec: Flavor...................
text_instance: 21
bbox: [198, 805, 42, 32]
bezier_pts: [209.0, 805.0, 219.0, 810.33, 229.0, 815.67, 239.0, 821.0, 233.0, 836.0, 221.33, 831.67, 209.67, 827.33, 198.0, 823.0]
rec: BY.......................
text_instance: 22
bbox: [346, 579, 35, 16]
bezier_pts: [347.0, 579.0, 358.53, 579.49, 368.54, 577.24, 380.0, 581.0, 371.0, 594.0, 362.67, 592.0, 354.33, 590.0, 346.0, 588.0]
rec: BY.......................
text_instance: 23
bbox: [451, 373, 30, 22]
bezier_pts: [454.0, 373.0, 463.55, 373.67, 472.22, 377.0, 480.0, 383.0, 474.0, 394.0, 466.33, 390.67, 458.67, 387.33, 451.0, 384.0]
rec: BY.......................
