text_instance: 0
bbox: [459, 518, 204, 51]
bezier_pts: [459.0, 539.0, 523.92, 519.81, 591.07, 514.45, 662.0, 520.0, 660.0, 559.0, 598.08, 544.01, 532.64, 552.34, 469.0, 568.0]
rec: THECRABSNACK.............
text_instance: 1
bbox: [178, 637, 212, 47]
bezier_pts: [187.0, 643.0, 253.33, 641.0, 319.67, 639.0, 386.0, 637.0, 389.0, 679.0, 318.67, 680.33, 248.33, 681.67, 178.0, 683.0]
rec: Heineken.................
text_instance: 2
bbox: [200, 509, 69, 38]
bezier_pts: [200.0, 509.0, 223.77, 508.47, 248.43, 516.16, 268.0, 531.0, 265.0, 546.0, 244.33, 539.67, 223.67, 533.33, 203.0, 527.0]
rec: THECRABSNACK.............
