text_instance: 0
bbox: [9, 331, 407, 141]
bezier_pts: [15.0, 331.0, 148.33, 331.33, 281.67, 331.67, 415.0, 332.0, 414.0, 466.0, 279.21, 468.23, 142.82, 470.56, 9.0, 470.0]
rec: Rozzis...................
text_instance: 1
bbox: [9, 128, 168, 105]
bezier_pts: [9.0, 209.0, 52.71, 162.01, 105.73, 134.67, 173.0, 128.0, 176.0, 159.0, 122.81, 165.95, 68.06, 195.96, 28.0, 232.0]
rec: LIAN.....................
text_instance: 2
bbox: [245, 126, 235, 230]
bezier_pts: [250.0, 126.0, 373.71, 149.13, 465.72, 218.07, 479.0, 351.0, 442.0, 355.0, 428.77, 243.93, 342.4, 186.91, 245.0, 162.0]
rec: CANTEEn..................
text_instance: 3
bbox: [245, 426, 239, 233]
bezier_pts: [483.0, 433.0, 454.6, 557.88, 373.2, 637.49, 255.0, 658.0, 245.0, 621.0, 335.94, 587.22, 435.16, 539.19, 439.0, 426.0]
rec: ITALIAN..................
text_instance: 4
bbox: [16, 547, 164, 111]
bezier_pts: [179.0, 657.0, 121.21, 643.94, 51.91, 625.94, 16.0, 572.0, 33.0, 547.0, 77.62, 583.35, 115.42, 621.11, 179.0, 614.0]
rec: CANT.....................
