text_instance: 0
bbox: [326, 233, 235, 185]
bezier_pts: [326.0, 415.0, 320.8, 267.01, 431.92, 206.73, 560.0, 243.0, 554.0, 286.0, 458.13, 251.39, 363.91, 305.05, 371.0, 417.0]
rec: CHATHAM..................
text_instance: 1
bbox: [564, 263, 98, 157]
bezier_pts: [587.0, 263.0, 647.28, 295.02, 666.49, 357.56, 661.0, 419.0, 620.0, 410.0, 621.94, 364.67, 601.43, 322.3, 564.0, 294.0]
rec: KENT.....................
text_instance: 2
bbox: [375, 484, 238, 85]
bezier_pts: [402.0, 484.0, 457.39, 533.69, 526.09, 540.33, 588.0, 489.0, 612.0, 525.0, 532.69, 590.79, 442.04, 586.58, 375.0, 509.0]
rec: POLICE...................
text_instance: 3
bbox: [260, 653, 79, 56]
bezier_pts: [260.0, 663.0, 281.67, 659.67, 303.33, 656.33, 325.0, 653.0, 338.0, 695.0, 319.33, 699.89, 299.7, 704.52, 280.0, 708.0]
rec: To.......................
text_instance: 4
bbox: [339, 650, 124, 44]
bezier_pts: [339.0, 655.0, 378.8, 650.26, 417.9, 649.69, 456.0, 654.0, 462.0, 690.0, 424.64, 692.67, 387.36, 692.12, 348.0, 692.0]
rec: Serve....................
text_instance: 5
bbox: [475, 655, 82, 41]
bezier_pts: [475.0, 655.0, 500.7, 655.68, 531.81, 652.66, 556.0, 659.0, 550.0, 694.0, 526.02, 694.45, 502.29, 692.02, 479.0, 687.0]
rec: and......................
text_instance: 6
bbox: [568, 658, 152, 69]
bezier_pts: [568.0, 658.0, 617.79, 666.54, 671.92, 673.6, 719.0, 694.0, 718.0, 726.0, 668.33, 715.67, 618.67, 705.33, 569.0, 695.0]
rec: Protect..................
