text_instance: 0
bbox: [167, 98, 94, 32]
bezier_pts: [167.0, 98.0, 197.17, 106.68, 229.95, 113.8, 260.0, 98.0, 260.0, 128.0, 229.98, 129.88, 197.89, 128.57, 167.0, 128.0]
rec: Saigon...................
text_instance: 1
bbox: [60, 57, 113, 82]
bezier_pts: [60.0, 103.0, 94.67, 84.46, 127.12, 68.71, 166.0, 57.0, 172.0, 97.0, 137.01, 98.74, 106.21, 121.05, 76.0, 138.0]
rec: THAO.....................
text_instance: 2
bbox: [177, 47, 90, 44]
bezier_pts: [177.0, 47.0, 206.67, 48.67, 236.33, 50.33, 266.0, 52.0, 264.0, 90.0, 236.67, 89.67, 209.33, 89.33, 182.0, 89.0]
rec: CAM......................
text_instance: 3
bbox: [274, 55, 107, 71]
bezier_pts: [278.0, 55.0, 312.87, 58.43, 346.95, 76.47, 380.0, 89.0, 354.0, 125.0, 329.02, 111.02, 302.56, 96.02, 274.0, 93.0]
rec: VIEN.....................
