text_instance: 0
bbox: [512, 151, 118, 112]
bezier_pts: [513.0, 152.0, 551.77, 150.76, 596.9, 145.81, 629.0, 178.0, 623.0, 262.0, 586.0, 256.33, 549.0, 250.67, 512.0, 245.0]
rec: GO.......................
text_instance: 1
bbox: [490, 249, 260, 160]
bezier_pts: [493.0, 249.0, 582.67, 251.14, 674.43, 279.48, 749.0, 334.0, 736.0, 408.0, 667.65, 341.65, 576.34, 319.98, 490.0, 327.0]
rec: BIGELOW..................
text_instance: 2
bbox: [494, 343, 254, 143]
bezier_pts: [494.0, 343.0, 580.52, 368.72, 662.53, 398.76, 747.0, 428.0, 737.0, 485.0, 656.33, 460.67, 575.67, 436.33, 495.0, 412.0]
rec: PHARMACY.................
text_instance: 3
bbox: [601, 448, 113, 66]
bezier_pts: [611.0, 448.0, 641.76, 465.24, 674.06, 491.25, 713.0, 483.0, 710.0, 513.0, 673.67, 502.0, 637.33, 491.0, 601.0, 480.0]
rec: Estab....................
text_instance: 4
bbox: [601, 485, 111, 57]
bezier_pts: [610.0, 485.0, 645.66, 492.84, 676.68, 507.59, 711.0, 518.0, 706.0, 541.0, 669.43, 531.71, 635.26, 520.31, 601.0, 506.0]
rec: 1838.....................
text_instance: 5
bbox: [520, 533, 195, 81]
bezier_pts: [520.0, 533.0, 584.67, 552.33, 649.33, 571.67, 714.0, 591.0, 714.0, 613.0, 648.73, 595.79, 585.76, 576.28, 521.0, 556.0]
rec: PRESCRIPTIONS............
text_instance: 6
bbox: [542, 574, 154, 70]
bezier_pts: [548.0, 574.0, 597.0, 589.0, 646.0, 604.0, 695.0, 619.0, 694.0, 643.0, 643.33, 630.67, 592.67, 618.33, 542.0, 606.0]
rec: COSMETICS................
text_instance: 7
bbox: [557, 621, 132, 59]
bezier_pts: [557.0, 621.0, 599.51, 629.86, 643.02, 640.33, 683.0, 656.0, 688.0, 679.0, 644.33, 667.0, 600.67, 655.0, 557.0, 643.0]
rec: SURGICAL.................
text_instance: 8
bbox: [558, 649, 124, 55]
bezier_pts: [559.0, 649.0, 600.14, 658.27, 638.84, 671.41, 681.0, 683.0, 681.0, 703.0, 638.49, 694.58, 597.67, 683.77, 558.0, 671.0]
rec: SUPPLIES.................
text_instance: 9
bbox: [546, 682, 77, 45]
bezier_pts: [546.0, 682.0, 571.33, 689.33, 596.67, 696.67, 622.0, 704.0, 620.0, 726.0, 594.9, 720.29, 570.52, 714.25, 546.0, 707.0]
rec: HOME.....................
text_instance: 10
bbox: [628, 700, 73, 54]
bezier_pts: [628.0, 700.0, 651.33, 707.0, 674.67, 714.0, 698.0, 721.0, 700.0, 753.0, 676.0, 746.0, 652.0, 739.0, 628.0, 732.0]
rec: CARE.....................
text_instance: 11
bbox: [589, 727, 56, 34]
bezier_pts: [589.0, 727.0, 607.33, 731.0, 625.67, 735.0, 644.0, 739.0, 643.0, 760.0, 625.0, 755.67, 607.0, 751.33, 589.0, 747.0]
rec: FREE.....................
text_instance: 12
bbox: [562, 738, 115, 47]
bezier_pts: [568.0, 738.0, 604.0, 747.33, 640.0, 756.67, 676.0, 766.0, 673.0, 784.0, 636.0, 774.67, 599.0, 765.33, 562.0, 756.0]
rec: DELIVERY.................
text_instance: 13
bbox: [522, 759, 80, 54]
bezier_pts: [523.0, 759.0, 549.54, 760.93, 576.2, 771.33, 601.0, 780.0, 596.0, 812.0, 571.33, 806.0, 546.67, 800.0, 522.0, 794.0]
rec: 533......................
text_instance: 14
bbox: [614, 780, 103, 64]
bezier_pts: [622.0, 780.0, 653.33, 788.33, 684.67, 796.67, 716.0, 805.0, 716.0, 843.0, 682.0, 835.33, 648.0, 827.67, 614.0, 820.0]
rec: 2700.....................
text_instance: 15
bbox: [578, 879, 81, 46]
bezier_pts: [580.0, 879.0, 606.0, 886.0, 632.0, 893.0, 658.0, 900.0, 652.0, 924.0, 627.33, 918.0, 602.67, 912.0, 578.0, 906.0]
rec: orange...................
