text_instance: 0
bbox: [175, 281, 44, 25]
bezier_pts: [175.0, 281.0, 189.33, 281.0, 203.67, 281.0, 218.0, 281.0, 218.0, 304.0, 203.67, 304.0, 189.33, 304.0, 175.0, 304.0]
rec: 2014.....................
text_instance: 1
bbox: [21, 281, 70, 24]
bezier_pts: [21.0, 281.0, 44.0, 281.0, 67.0, 281.0, 90.0, 281.0, 90.0, 303.0, 67.0, 303.0, 44.0, 303.0, 21.0, 303.0]
rec: SUNDAY...................
text_instance: 2
bbox: [108, 11, 56, 13]
bezier_pts: [108.0, 11.0, 126.33, 11.0, 144.67, 11.0, 163.0, 11.0, 163.0, 23.0, 144.67, 23.0, 126.33, 23.0, 108.0, 23.0]
rec: ANNUAL...................
text_instance: 3
bbox: [99, 280, 39, 25]
bezier_pts: [99.0, 280.0, 111.66, 284.22, 124.53, 281.49, 137.0, 280.0, 137.0, 304.0, 124.33, 304.0, 111.67, 304.0, 99.0, 304.0]
rec: JUNE.....................
text_instance: 4
bbox: [22, 33, 74, 108]
bezier_pts: [22.0, 140.0, 9.14, 79.83, 37.4, 49.23, 91.0, 33.0, 95.0, 64.0, 69.84, 81.03, 45.56, 100.2, 57.0, 136.0]
rec: HAIGHT...................
text_instance: 5
bbox: [114, 26, 112, 122]
bezier_pts: [120.0, 26.0, 202.0, 23.97, 230.35, 78.25, 225.0, 147.0, 183.0, 141.0, 199.35, 85.15, 162.84, 60.95, 114.0, 64.0]
rec: ASHBURY..................
text_instance: 6
bbox: [26, 219, 109, 46]
bezier_pts: [26.0, 219.0, 62.0, 220.0, 98.0, 221.0, 134.0, 222.0, 134.0, 262.0, 98.0, 262.67, 62.0, 263.33, 26.0, 264.0]
rec: STREET...................
text_instance: 7
bbox: [143, 218, 78, 52]
bezier_pts: [143.0, 218.0, 167.0, 218.33, 191.0, 218.67, 215.0, 219.0, 220.0, 269.0, 197.18, 258.36, 168.94, 272.85, 146.0, 264.0]
rec: FAIR.....................
text_instance: 8
bbox: [72, 10, 40, 15]
bezier_pts: [72.0, 12.0, 83.6, 8.61, 97.35, 10.98, 109.0, 12.0, 111.0, 23.0, 98.5, 24.81, 85.66, 24.42, 73.0, 22.0]
rec: 37TH.....................
text_instance: 9
bbox: [143, 282, 30, 22]
bezier_pts: [144.0, 283.0, 152.9, 280.73, 161.79, 282.24, 170.0, 284.0, 172.0, 301.0, 161.94, 302.68, 153.06, 303.17, 143.0, 303.0]
rec: 8TH......................
text_instance: 10
bbox: [49, 307, 40, 14]
bezier_pts: [49.0, 308.0, 61.84, 306.03, 73.68, 306.58, 86.0, 308.0, 88.0, 318.0, 75.4, 319.89, 62.73, 319.49, 50.0, 317.0]
rec: 1100.....................
text_instance: 11
bbox: [93, 307, 25, 15]
bezier_pts: [93.0, 309.0, 100.33, 308.67, 107.67, 308.33, 115.0, 308.0, 117.0, 319.0, 109.0, 319.67, 101.0, 320.33, 93.0, 321.0]
rec: Am.......................
text_instance: 12
bbox: [130, 307, 33, 13]
bezier_pts: [131.0, 309.0, 140.83, 307.88, 152.17, 305.69, 162.0, 308.0, 162.0, 319.0, 151.33, 319.0, 140.67, 319.0, 130.0, 319.0]
rec: 830......................
text_instance: 13
bbox: [166, 308, 24, 13]
bezier_pts: [166.0, 308.0, 173.67, 308.0, 181.33, 308.0, 189.0, 308.0, 189.0, 320.0, 181.33, 319.67, 173.67, 319.33, 166.0, 319.0]
rec: PM.......................
