text_instance: 0
bbox: [187, 3, 183, 102]
bezier_pts: [187.0, 16.0, 269.39, -20.69, 331.95, 21.14, 369.0, 96.0, 353.0, 104.0, 315.89, 50.08, 264.19, -3.33, 200.0, 56.0]
rec: AMERICAN.................
text_instance: 1
bbox: [156, 161, 127, 132]
bezier_pts: [187.0, 161.0, 210.71, 202.63, 230.49, 247.0, 282.0, 259.0, 278.0, 292.0, 213.95, 280.53, 179.31, 224.63, 156.0, 168.0]
rec: CONEY....................
text_instance: 2
bbox: [300, 199, 95, 98]
bezier_pts: [300.0, 262.0, 338.47, 256.67, 364.98, 238.66, 372.0, 199.0, 394.0, 211.0, 384.98, 258.07, 358.33, 298.24, 302.0, 296.0]
rec: ISLAND...................
