text_instance: 0
bbox: [123, 256, 897, 175]
bezier_pts: [123.0, 262.0, 418.36, 254.69, 713.51, 258.11, 1011.0, 256.0, 1019.0, 412.0, 725.12, 420.26, 428.94, 426.05, 135.0, 430.0]
rec: WELCOME..................
text_instance: 1
bbox: [115, 454, 1187, 381]
bezier_pts: [127.0, 467.0, 496.48, 458.31, 881.32, 453.34, 1257.0, 456.0, 1301.0, 818.0, 917.93, 621.43, 498.06, 588.38, 115.0, 834.0]
rec: DRESSER..................
text_instance: 2
bbox: [157, 1050, 167, 76]
bezier_pts: [161.0, 1056.0, 213.0, 1054.0, 265.0, 1052.0, 317.0, 1050.0, 323.0, 1122.0, 267.67, 1122.67, 212.33, 1123.33, 157.0, 1124.0]
rec: OLD......................
text_instance: 3
bbox: [349, 1050, 219, 69]
bezier_pts: [361.0, 1050.0, 429.67, 1050.0, 498.33, 1050.0, 567.0, 1050.0, 567.0, 1114.0, 492.45, 1115.08, 420.7, 1117.27, 349.0, 1118.0]
rec: TIME.....................
text_instance: 4
bbox: [609, 1032, 655, 85]
bezier_pts: [609.0, 1048.0, 825.0, 1042.67, 1041.0, 1037.33, 1257.0, 1032.0, 1263.0, 1100.0, 1044.71, 1107.75, 828.16, 1112.61, 611.0, 1116.0]
rec: FRIENDLINESS.............
text_instance: 5
bbox: [1072, 254, 234, 129]
bezier_pts: [1072.0, 261.0, 1146.67, 254.87, 1221.33, 252.87, 1296.0, 255.0, 1305.0, 379.0, 1230.33, 380.0, 1155.67, 381.0, 1081.0, 382.0]
rec: TO.......................
