text_instance: 0
bbox: [283, 609, 99, 135]
bezier_pts: [314.0, 609.0, 328.35, 636.59, 353.78, 651.16, 381.0, 666.0, 360.0, 743.0, 317.03, 747.03, 299.51, 710.33, 283.0, 683.0]
rec: WEST.....................
text_instance: 1
bbox: [372, 650, 91, 100]
bezier_pts: [384.0, 667.0, 410.0, 661.33, 436.0, 655.67, 462.0, 650.0, 462.0, 729.0, 432.43, 738.33, 402.45, 744.66, 372.0, 748.0]
rec: HAM......................
text_instance: 2
bbox: [473, 495, 156, 216]
bezier_pts: [473.0, 638.0, 525.52, 600.56, 551.61, 534.29, 604.0, 495.0, 628.0, 544.0, 580.04, 604.18, 552.39, 678.22, 475.0, 710.0]
rec: UNITED...................
