text_instance: 0
bbox: [139, 302, 239, 108]
bezier_pts: [139.0, 367.0, 206.36, 295.16, 290.26, 296.4, 377.0, 307.0, 371.0, 360.0, 295.39, 341.84, 231.68, 374.21, 167.0, 409.0]
rec: HERBAL...................
text_instance: 1
bbox: [382, 324, 162, 192]
bezier_pts: [405.0, 324.0, 484.69, 349.28, 537.74, 419.57, 543.0, 502.0, 501.0, 515.0, 491.48, 449.2, 446.88, 391.46, 382.0, 364.0]
rec: ACTIVES..................
text_instance: 2
bbox: [169, 659, 188, 68]
bezier_pts: [185.0, 659.0, 234.14, 686.78, 290.11, 703.4, 350.0, 693.0, 356.0, 724.0, 291.88, 728.41, 224.76, 729.49, 169.0, 684.0]
rec: HERBAL...................
text_instance: 3
bbox: [367, 572, 165, 150]
bezier_pts: [367.0, 689.0, 429.43, 670.51, 470.38, 626.47, 497.0, 572.0, 531.0, 582.0, 509.74, 658.05, 441.5, 702.91, 367.0, 721.0]
rec: ACTIVES..................
text_instance: 4
bbox: [73, 421, 68, 79]
bezier_pts: [73.0, 492.0, 86.55, 470.05, 82.16, 440.71, 98.0, 421.0, 140.0, 441.0, 141.99, 462.13, 130.05, 482.57, 121.0, 499.0]
rec: 100......................
text_instance: 5
bbox: [88, 565, 67, 76]
bezier_pts: [125.0, 565.0, 141.57, 578.33, 147.91, 598.48, 154.0, 619.0, 116.0, 640.0, 84.92, 630.39, 95.22, 598.17, 88.0, 576.0]
rec: 100......................
