text_instance: 0
bbox: [129, 260, 372, 94]
bezier_pts: [132.0, 272.0, 256.26, 315.43, 371.95, 237.03, 493.0, 264.0, 500.0, 332.0, 377.13, 299.17, 253.74, 372.79, 129.0, 350.0]
rec: HELDOVER.................
text_instance: 1
bbox: [246, 349, 23, 21]
bezier_pts: [246.0, 351.0, 252.0, 350.33, 258.0, 349.67, 264.0, 349.0, 268.0, 368.0, 261.67, 368.0, 255.33, 368.0, 249.0, 368.0]
rec: A........................
text_instance: 2
bbox: [268, 343, 88, 26]
bezier_pts: [268.0, 352.0, 297.0, 349.0, 326.0, 346.0, 355.0, 343.0, 350.0, 363.0, 323.08, 365.08, 295.38, 366.79, 269.0, 368.0]
rec: DIVISION.................
text_instance: 3
bbox: [361, 343, 29, 20]
bezier_pts: [361.0, 344.0, 370.33, 343.67, 379.67, 343.33, 389.0, 343.0, 388.0, 358.0, 380.39, 361.05, 371.92, 362.35, 364.0, 361.0]
rec: OF.......................
text_instance: 4
bbox: [396, 339, 78, 24]
bezier_pts: [397.0, 339.0, 422.33, 339.0, 447.67, 339.0, 473.0, 339.0, 471.0, 352.0, 446.54, 358.26, 421.36, 361.62, 396.0, 362.0]
rec: RETRO....................
text_instance: 5
bbox: [477, 334, 62, 29]
bezier_pts: [479.0, 337.0, 498.67, 336.0, 518.33, 335.0, 538.0, 334.0, 529.0, 358.0, 511.47, 360.99, 494.73, 362.1, 477.0, 362.0]
rec: CITY.....................
text_instance: 6
bbox: [539, 328, 64, 29]
bezier_pts: [547.0, 333.0, 564.67, 331.33, 582.33, 329.67, 600.0, 328.0, 602.0, 352.0, 580.75, 355.54, 559.56, 355.0, 539.0, 356.0]
rec: FASH.....................
text_instance: 7
bbox: [673, 392, 28, 58]
bezier_pts: [674.0, 393.0, 672.05, 412.48, 673.39, 430.05, 673.0, 449.0, 700.0, 446.0, 700.09, 427.6, 699.42, 409.81, 698.0, 392.0]
rec: HO.......................
text_instance: 8
bbox: [726, 393, 30, 54]
bezier_pts: [726.0, 393.0, 722.75, 410.56, 735.11, 427.09, 732.0, 444.0, 755.0, 446.0, 751.26, 428.03, 746.4, 411.03, 748.0, 393.0]
rec: DR.......................
