text_instance: 0
bbox: [28, 534, 195, 47]
bezier_pts: [28.0, 534.0, 92.67, 534.0, 157.33, 534.0, 222.0, 534.0, 222.0, 579.0, 157.33, 579.0, 92.67, 579.0, 28.0, 579.0]
rec: Heineken.................
text_instance: 1
bbox: [162, 197, 155, 53]
bezier_pts: [162.0, 197.0, 213.33, 197.0, 264.67, 197.0, 316.0, 197.0, 316.0, 249.0, 264.67, 249.0, 213.33, 249.0, 162.0, 249.0]
rec: yuengling................
text_instance: 2
bbox: [72, 59, 234, 91]
bezier_pts: [72.0, 59.0, 149.67, 59.0, 227.33, 59.0, 305.0, 59.0, 305.0, 149.0, 227.33, 149.0, 149.67, 149.0, 72.0, 149.0]
rec: OldStyle.................
text_instance: 3
bbox: [433, 536, 181, 59]
bezier_pts: [433.0, 536.0, 493.0, 536.0, 553.0, 536.0, 613.0, 536.0, 613.0, 594.0, 553.0, 594.0, 493.0, 594.0, 433.0, 594.0]
rec: Hamms....................
text_instance: 4
bbox: [503, 212, 71, 22]
bezier_pts: [503.0, 212.0, 526.33, 212.0, 549.67, 212.0, 573.0, 212.0, 573.0, 233.0, 549.67, 233.0, 526.33, 233.0, 503.0, 233.0]
rec: BEER.....................
text_instance: 5
bbox: [231, 582, 221, 42]
bezier_pts: [231.0, 582.0, 304.33, 582.0, 377.67, 582.0, 451.0, 582.0, 451.0, 623.0, 377.67, 623.0, 304.33, 623.0, 231.0, 623.0]
rec: SHOCKTOP.................
text_instance: 6
bbox: [795, 117, 102, 28]
bezier_pts: [795.0, 117.0, 828.67, 117.0, 862.33, 117.0, 896.0, 117.0, 896.0, 144.0, 862.33, 144.0, 828.67, 144.0, 795.0, 144.0]
rec: LUCKY....................
text_instance: 7
bbox: [792, 198, 106, 29]
bezier_pts: [792.0, 198.0, 827.0, 198.0, 862.0, 198.0, 897.0, 198.0, 897.0, 226.0, 862.0, 226.0, 827.0, 226.0, 792.0, 226.0]
rec: LAGER....................
text_instance: 8
bbox: [680, 537, 94, 55]
bezier_pts: [680.0, 537.0, 711.0, 537.0, 742.0, 537.0, 773.0, 537.0, 773.0, 591.0, 742.0, 591.0, 711.0, 591.0, 680.0, 591.0]
rec: Bull.....................
text_instance: 9
bbox: [81, 186, 52, 170]
bezier_pts: [81.0, 353.0, 85.5, 295.46, 82.11, 243.66, 95.0, 186.0, 132.0, 187.0, 122.55, 243.89, 124.75, 296.76, 118.0, 355.0]
rec: CLASSIC..................
text_instance: 10
bbox: [367, 108, 22, 46]
bezier_pts: [388.0, 111.0, 384.6, 123.77, 384.92, 138.9, 385.0, 153.0, 367.0, 153.0, 367.52, 141.65, 370.8, 125.1, 370.0, 108.0]
rec: HIGH.....................
text_instance: 11
bbox: [365, 163, 25, 43]
bezier_pts: [389.0, 164.0, 381.79, 177.21, 384.65, 190.8, 384.0, 205.0, 365.0, 205.0, 364.43, 191.85, 367.03, 177.91, 368.0, 163.0]
rec: LIFE.....................
text_instance: 12
bbox: [404, 112, 38, 103]
bezier_pts: [441.0, 112.0, 430.92, 143.72, 430.52, 181.22, 438.0, 214.0, 411.0, 207.0, 411.18, 174.66, 403.91, 143.88, 404.0, 113.0]
rec: muller...................
text_instance: 13
bbox: [508, 153, 65, 31]
bezier_pts: [508.0, 153.0, 528.67, 153.67, 549.33, 154.33, 570.0, 155.0, 572.0, 183.0, 552.67, 182.0, 533.33, 181.0, 514.0, 180.0]
rec: Old......................
text_instance: 14
bbox: [469, 175, 139, 44]
bezier_pts: [469.0, 175.0, 514.91, 180.02, 563.04, 180.46, 607.0, 191.0, 607.0, 218.0, 560.7, 217.26, 515.58, 215.17, 469.0, 210.0]
rec: Chicago..................
text_instance: 15
bbox: [643, 107, 114, 72]
bezier_pts: [648.0, 116.0, 683.67, 113.0, 719.33, 110.0, 755.0, 107.0, 756.0, 147.0, 718.97, 160.25, 681.41, 170.73, 643.0, 178.0]
rec: Leinies..................
text_instance: 16
bbox: [666, 154, 97, 79]
bezier_pts: [666.0, 171.0, 696.56, 163.34, 730.98, 159.3, 762.0, 154.0, 753.0, 212.0, 727.0, 221.42, 699.82, 228.23, 672.0, 232.0]
rec: Red......................
text_instance: 17
bbox: [763, 325, 140, 38]
bezier_pts: [763.0, 325.0, 808.13, 327.02, 854.26, 325.29, 899.0, 332.0, 902.0, 362.0, 855.93, 362.2, 808.62, 360.87, 763.0, 357.0]
rec: Budweiser................
text_instance: 18
bbox: [626, 270, 51, 97]
bezier_pts: [674.0, 270.0, 679.11, 302.76, 665.38, 331.99, 676.0, 365.0, 633.0, 366.0, 631.49, 334.0, 630.98, 302.0, 626.0, 270.0]
rec: Pabst....................
text_instance: 19
bbox: [268, 257, 88, 55]
bezier_pts: [268.0, 297.0, 289.58, 269.82, 321.69, 255.2, 355.0, 257.0, 353.0, 276.0, 324.08, 274.7, 297.94, 288.7, 279.0, 311.0]
rec: MONTEREY.................
text_instance: 20
bbox: [358, 256, 92, 60]
bezier_pts: [360.0, 256.0, 394.59, 259.02, 428.06, 275.08, 449.0, 302.0, 435.0, 315.0, 416.61, 289.2, 388.37, 275.42, 358.0, 275.0]
rec: CALIFORNIA...............
text_instance: 21
bbox: [216, 320, 273, 44]
bezier_pts: [216.0, 320.0, 306.67, 322.0, 397.33, 324.0, 488.0, 326.0, 488.0, 363.0, 398.91, 363.53, 308.92, 362.92, 219.0, 359.0]
rec: CANNERY..................
text_instance: 22
bbox: [302, 361, 116, 36]
bezier_pts: [302.0, 361.0, 340.0, 361.33, 378.0, 361.67, 416.0, 362.0, 417.0, 396.0, 378.36, 395.36, 341.53, 395.84, 303.0, 394.0]
rec: ROW......................
text_instance: 23
bbox: [234, 409, 112, 26]
bezier_pts: [239.0, 409.0, 274.33, 410.33, 309.67, 411.67, 345.0, 413.0, 343.0, 434.0, 305.8, 433.93, 269.67, 430.92, 234.0, 425.0]
rec: BREWING..................
text_instance: 24
bbox: [350, 404, 111, 33]
bezier_pts: [350.0, 415.0, 385.65, 397.21, 425.41, 402.78, 460.0, 413.0, 455.0, 436.0, 422.0, 435.0, 389.0, 434.0, 356.0, 433.0]
rec: COMPANY..................
text_instance: 25
bbox: [437, 447, 85, 41]
bezier_pts: [437.0, 463.0, 462.55, 436.75, 493.44, 446.03, 521.0, 465.0, 508.0, 487.0, 488.08, 469.49, 468.21, 476.08, 445.0, 482.0]
rec: STERM....................
text_instance: 26
bbox: [566, 406, 98, 50]
bezier_pts: [566.0, 438.0, 595.87, 391.24, 640.49, 394.9, 663.0, 444.0, 646.0, 455.0, 631.04, 422.31, 601.41, 418.21, 581.0, 449.0]
rec: ROLLING..................
text_instance: 27
bbox: [579, 479, 64, 30]
bezier_pts: [585.0, 480.0, 601.33, 479.67, 617.67, 479.33, 634.0, 479.0, 642.0, 492.0, 630.65, 521.29, 599.16, 508.78, 579.0, 500.0]
rec: ROCK.....................
text_instance: 28
bbox: [692, 388, 145, 70]
bezier_pts: [692.0, 398.0, 734.33, 394.67, 776.67, 391.33, 819.0, 388.0, 836.0, 430.0, 792.42, 441.69, 748.65, 450.19, 703.0, 457.0]
rec: Kalers...................
text_instance: 29
bbox: [741, 434, 78, 35]
bezier_pts: [741.0, 439.0, 766.67, 437.33, 792.33, 435.67, 818.0, 434.0, 818.0, 460.0, 794.87, 465.71, 771.12, 468.35, 747.0, 468.0]
rec: BEER.....................
text_instance: 30
bbox: [791, 488, 156, 38]
bezier_pts: [791.0, 488.0, 839.63, 492.5, 890.2, 486.51, 941.0, 495.0, 946.0, 525.0, 894.04, 524.15, 842.96, 522.81, 791.0, 518.0]
rec: MICHAEL..................
text_instance: 31
bbox: [807, 518, 114, 35]
bezier_pts: [807.0, 518.0, 843.67, 520.33, 880.33, 522.67, 917.0, 525.0, 920.0, 552.0, 882.7, 552.67, 845.18, 550.34, 808.0, 545.0]
rec: SHEAS....................
text_instance: 32
bbox: [808, 550, 50, 29]
bezier_pts: [808.0, 560.0, 823.33, 556.67, 838.67, 553.33, 854.0, 550.0, 857.0, 571.0, 842.49, 573.54, 827.45, 576.91, 812.0, 578.0]
rec: IRISH....................
text_instance: 33
bbox: [859, 549, 66, 32]
bezier_pts: [860.0, 549.0, 881.96, 551.71, 904.69, 547.24, 924.0, 563.0, 921.0, 580.0, 899.98, 577.31, 879.14, 574.68, 859.0, 569.0]
rec: AMBER....................
text_instance: 34
bbox: [869, 379, 32, 96]
bezier_pts: [869.0, 470.0, 870.01, 439.19, 872.63, 410.7, 870.0, 379.0, 897.0, 380.0, 899.17, 411.25, 897.48, 441.68, 900.0, 474.0]
rec: Cools....................
text_instance: 35
bbox: [899, 432, 26, 41]
bezier_pts: [903.0, 470.0, 901.15, 463.01, 902.78, 446.53, 899.0, 433.0, 918.0, 432.0, 915.6, 445.89, 917.06, 459.57, 924.0, 472.0]
rec: ON.......................
text_instance: 36
bbox: [899, 386, 23, 41]
bezier_pts: [901.0, 426.0, 900.33, 412.67, 899.67, 399.33, 899.0, 386.0, 916.0, 388.0, 917.48, 402.76, 916.93, 411.6, 921.0, 425.0]
rec: TAP......................
