text_instance: 0
bbox: [389, 333, 74, 34]
bezier_pts: [389.0, 333.0, 413.33, 333.0, 437.67, 333.0, 462.0, 333.0, 462.0, 366.0, 437.67, 366.0, 413.33, 366.0, 389.0, 366.0]
rec: NAM......................
text_instance: 1
bbox: [570, 330, 80, 36]
bezier_pts: [570.0, 330.0, 596.33, 330.0, 622.67, 330.0, 649.0, 330.0, 649.0, 365.0, 622.67, 365.0, 596.33, 365.0, 570.0, 365.0]
rec: VIEN.....................
text_instance: 2
bbox: [488, 335, 65, 33]
bezier_pts: [488.0, 336.0, 509.33, 336.0, 530.67, 336.0, 552.0, 336.0, 551.0, 365.0, 530.23, 366.72, 510.35, 366.62, 490.0, 365.0]
rec: GAU......................
text_instance: 3
bbox: [314, 336, 56, 30]
bezier_pts: [314.0, 336.0, 332.0, 336.0, 350.0, 336.0, 368.0, 336.0, 369.0, 364.0, 350.8, 364.57, 332.85, 366.03, 315.0, 364.0]
rec: TAI......................
text_instance: 4
bbox: [51, 350, 29, 21]
bezier_pts: [51.0, 350.0, 60.33, 350.0, 69.67, 350.0, 79.0, 350.0, 79.0, 370.0, 69.67, 370.0, 60.33, 370.0, 51.0, 370.0]
rec: 413......................
text_instance: 5
bbox: [89, 350, 35, 21]
bezier_pts: [89.0, 350.0, 100.33, 350.0, 111.67, 350.0, 123.0, 350.0, 123.0, 370.0, 111.67, 370.0, 100.33, 370.0, 89.0, 370.0]
rec: 415......................
text_instance: 6
bbox: [442, 460, 74, 25]
bezier_pts: [442.0, 460.0, 466.33, 460.0, 490.67, 460.0, 515.0, 460.0, 515.0, 483.0, 490.67, 483.0, 466.33, 483.0, 442.0, 483.0]
rec: 413415...................
text_instance: 7
bbox: [227, 108, 81, 54]
bezier_pts: [227.0, 145.0, 249.33, 132.67, 271.67, 120.33, 294.0, 108.0, 307.0, 131.0, 283.33, 141.0, 259.67, 151.0, 236.0, 161.0]
rec: BEEF.....................
text_instance: 8
bbox: [308, 74, 125, 52]
bezier_pts: [308.0, 100.0, 350.22, 91.33, 388.0, 79.11, 432.0, 74.0, 431.0, 94.0, 391.0, 104.33, 351.0, 114.67, 311.0, 125.0]
rec: NOODLE...................
text_instance: 9
bbox: [442, 70, 86, 29]
bezier_pts: [442.0, 70.0, 469.39, 71.03, 499.74, 73.36, 527.0, 76.0, 524.0, 98.0, 498.0, 96.67, 472.0, 95.33, 446.0, 94.0]
rec: SOUP.....................
text_instance: 10
bbox: [536, 76, 208, 99]
bezier_pts: [541.0, 76.0, 617.88, 90.73, 675.96, 120.84, 743.0, 159.0, 730.0, 174.0, 672.77, 134.95, 605.41, 109.24, 536.0, 97.0]
rec: RESTAURANT...............
text_instance: 11
bbox: [248, 116, 268, 113]
bezier_pts: [248.0, 191.0, 331.62, 154.72, 404.05, 130.52, 493.0, 116.0, 515.0, 171.0, 440.33, 207.77, 353.23, 217.92, 275.0, 228.0]
rec: PHO......................
text_instance: 12
bbox: [546, 125, 167, 133]
bezier_pts: [572.0, 125.0, 618.67, 147.33, 665.33, 169.67, 712.0, 192.0, 693.0, 257.0, 644.0, 235.33, 595.0, 213.67, 546.0, 192.0]
rec: LE.......................
text_instance: 13
bbox: [125, 348, 67, 26]
bezier_pts: [125.0, 348.0, 146.33, 348.0, 167.67, 348.0, 189.0, 348.0, 191.0, 372.0, 169.27, 372.89, 147.54, 373.08, 126.0, 373.0]
rec: NGUYEn...................
text_instance: 14
bbox: [191, 347, 43, 27]
bezier_pts: [192.0, 347.0, 204.67, 347.0, 217.33, 347.0, 230.0, 347.0, 233.0, 371.0, 218.95, 372.66, 204.96, 373.2, 191.0, 373.0]
rec: TRAI.....................
text_instance: 15
bbox: [741, 350, 31, 25]
bezier_pts: [741.0, 350.0, 750.0, 350.0, 759.0, 350.0, 768.0, 350.0, 771.0, 373.0, 761.0, 373.0, 751.0, 373.0, 741.0, 373.0]
rec: DT.......................
text_instance: 16
bbox: [780, 348, 92, 25]
bezier_pts: [780.0, 348.0, 810.0, 348.0, 840.0, 348.0, 870.0, 348.0, 871.0, 370.0, 840.96, 372.54, 811.53, 372.26, 781.0, 372.0]
rec: 39234008.................
text_instance: 17
bbox: [697, 10, 69, 48]
bezier_pts: [697.0, 10.0, 719.67, 10.0, 742.33, 10.0, 765.0, 10.0, 760.0, 56.0, 739.33, 56.33, 718.67, 56.67, 698.0, 57.0]
rec: E........................
