text_instance: 0
bbox: [265, 181, 82, 111]
bezier_pts: [265.0, 277.0, 271.66, 241.53, 282.8, 194.51, 326.0, 181.0, 346.0, 206.0, 311.58, 221.99, 290.85, 251.94, 292.0, 291.0]
rec: ALFA.....................
text_instance: 1
bbox: [369, 166, 137, 126]
bezier_pts: [369.0, 166.0, 440.22, 162.61, 492.63, 203.61, 505.0, 271.0, 474.0, 291.0, 449.81, 251.87, 423.01, 205.29, 369.0, 199.0]
rec: ROMEO....................
text_instance: 2
bbox: [297, 347, 177, 63]
bezier_pts: [317.0, 347.0, 361.73, 383.5, 409.52, 379.82, 453.0, 348.0, 473.0, 377.0, 417.02, 424.9, 345.21, 418.0, 297.0, 365.0]
rec: MILANO...................
