text_instance: 0
bbox: [82, 247, 89, 76]
bezier_pts: [82.0, 298.0, 109.0, 279.55, 134.16, 261.76, 163.0, 247.0, 170.0, 268.0, 146.0, 286.0, 122.0, 304.0, 98.0, 322.0]
rec: FRESH....................
text_instance: 1
bbox: [167, 213, 163, 52]
bezier_pts: [167.0, 241.0, 221.04, 220.72, 271.09, 212.38, 329.0, 213.0, 328.0, 238.0, 275.69, 232.8, 225.73, 236.56, 178.0, 264.0]
rec: HANDMADE.................
text_instance: 2
bbox: [338, 210, 160, 91]
bezier_pts: [338.0, 210.0, 392.26, 222.75, 449.49, 242.3, 497.0, 273.0, 487.0, 300.0, 444.96, 265.82, 391.52, 239.74, 338.0, 240.0]
rec: COSMETICS................
text_instance: 3
bbox: [194, 339, 195, 79]
bezier_pts: [196.0, 343.0, 260.0, 341.67, 324.0, 340.33, 388.0, 339.0, 376.0, 405.0, 315.33, 409.0, 254.67, 413.0, 194.0, 417.0]
rec: 1000.....................
text_instance: 4
bbox: [59, 420, 484, 94]
bezier_pts: [73.0, 444.0, 226.09, 433.53, 384.77, 419.72, 533.0, 420.0, 542.0, 481.0, 387.39, 515.53, 221.06, 501.31, 59.0, 513.0]
rec: MILLIHELENS..............
text_instance: 5
bbox: [232, 717, 151, 52]
bezier_pts: [232.0, 723.0, 280.0, 721.0, 328.0, 719.0, 376.0, 717.0, 382.0, 762.0, 336.0, 764.0, 290.0, 766.0, 244.0, 768.0]
rec: LUSH.....................
text_instance: 6
bbox: [118, 754, 83, 63]
bezier_pts: [128.0, 754.0, 152.0, 768.0, 176.0, 782.0, 200.0, 796.0, 194.0, 816.0, 166.93, 804.6, 141.71, 790.39, 118.0, 774.0]
rec: FRESH....................
text_instance: 7
bbox: [202, 801, 155, 37]
bezier_pts: [206.0, 801.0, 253.67, 805.33, 301.33, 809.67, 349.0, 814.0, 356.0, 837.0, 304.86, 835.97, 253.49, 831.9, 202.0, 825.0]
rec: HANDMADE.................
text_instance: 8
bbox: [362, 747, 148, 89]
bezier_pts: [364.0, 808.0, 414.15, 813.97, 459.04, 776.36, 494.0, 747.0, 509.0, 766.0, 466.61, 800.67, 416.5, 824.9, 362.0, 835.0]
rec: COSMETICS................
text_instance: 9
bbox: [158, 558, 96, 34]
bezier_pts: [158.0, 562.0, 189.67, 560.67, 221.33, 559.33, 253.0, 558.0, 251.0, 589.0, 220.67, 589.67, 190.33, 590.33, 160.0, 591.0]
rec: JELLY....................
text_instance: 10
bbox: [259, 556, 80, 28]
bezier_pts: [260.0, 559.0, 286.0, 558.0, 312.0, 557.0, 338.0, 556.0, 338.0, 582.0, 310.86, 583.66, 285.55, 582.99, 259.0, 583.0]
rec: FACE.....................
text_instance: 11
bbox: [347, 555, 97, 31]
bezier_pts: [347.0, 556.0, 378.0, 555.67, 409.0, 555.33, 440.0, 555.0, 443.0, 580.0, 412.0, 581.67, 381.0, 583.33, 350.0, 585.0]
rec: MASK.....................
text_instance: 12
bbox: [118, 600, 49, 26]
bezier_pts: [118.0, 603.0, 132.33, 602.0, 146.67, 601.0, 161.0, 600.0, 166.0, 624.0, 152.0, 624.33, 138.0, 624.67, 124.0, 625.0]
rec: Get......................
text_instance: 13
bbox: [164, 598, 55, 28]
bezier_pts: [164.0, 600.0, 181.67, 599.33, 199.33, 598.67, 217.0, 598.0, 218.0, 622.0, 201.67, 623.0, 185.33, 624.0, 169.0, 625.0]
rec: back.....................
text_instance: 14
bbox: [220, 598, 41, 27]
bezier_pts: [220.0, 598.0, 232.33, 598.0, 244.67, 598.0, 257.0, 598.0, 260.0, 622.0, 247.0, 622.67, 234.0, 623.33, 221.0, 624.0]
rec: the......................
text_instance: 15
bbox: [257, 597, 54, 23]
bezier_pts: [257.0, 598.0, 274.0, 597.67, 291.0, 597.33, 308.0, 597.0, 310.0, 616.0, 293.4, 618.19, 277.09, 619.15, 260.0, 619.0]
rec: skin.....................
text_instance: 16
bbox: [311, 598, 45, 22]
bezier_pts: [313.0, 600.0, 326.33, 599.33, 339.67, 598.67, 353.0, 598.0, 355.0, 618.0, 340.33, 618.33, 325.67, 618.67, 311.0, 619.0]
rec: you......................
text_instance: 17
bbox: [359, 592, 76, 28]
bezier_pts: [361.0, 595.0, 385.33, 594.0, 409.67, 593.0, 434.0, 592.0, 433.0, 616.0, 408.33, 617.0, 383.67, 618.0, 359.0, 619.0]
rec: mythd....................
text_instance: 18
bbox: [440, 589, 51, 25]
bezier_pts: [440.0, 594.0, 454.67, 592.33, 469.33, 590.67, 484.0, 589.0, 490.0, 609.0, 473.33, 610.33, 456.67, 611.67, 440.0, 613.0]
rec: with.....................
text_instance: 19
bbox: [88, 628, 70, 31]
bezier_pts: [88.0, 630.0, 111.0, 629.33, 134.0, 628.67, 157.0, 628.0, 157.0, 649.0, 134.33, 653.25, 111.67, 655.18, 89.0, 658.0]
rec: toning...................
text_instance: 20
bbox: [158, 630, 61, 23]
bezier_pts: [158.0, 631.0, 177.67, 630.67, 197.33, 630.33, 217.0, 630.0, 218.0, 651.0, 199.0, 651.33, 180.0, 651.67, 161.0, 652.0]
rec: witch....................
text_instance: 21
bbox: [223, 625, 62, 25]
bezier_pts: [223.0, 628.0, 242.0, 627.0, 261.0, 626.0, 280.0, 625.0, 284.0, 646.0, 264.0, 647.0, 244.0, 648.0, 224.0, 649.0]
rec: hazel....................
text_instance: 22
bbox: [287, 627, 40, 22]
bezier_pts: [287.0, 630.0, 300.0, 629.0, 313.0, 628.0, 326.0, 627.0, 326.0, 645.0, 314.0, 646.0, 302.0, 647.0, 290.0, 648.0]
rec: and......................
text_instance: 23
bbox: [332, 622, 126, 24]
bezier_pts: [332.0, 625.0, 372.67, 624.0, 413.33, 623.0, 454.0, 622.0, 457.0, 642.0, 415.9, 643.2, 373.76, 645.16, 332.0, 645.0]
rec: antioxidant..............
text_instance: 24
bbox: [460, 621, 65, 26]
bezier_pts: [460.0, 624.0, 481.33, 623.0, 502.67, 622.0, 524.0, 621.0, 524.0, 646.0, 503.67, 646.0, 483.33, 646.0, 463.0, 646.0]
rec: green....................
text_instance: 25
bbox: [161, 657, 37, 25]
bezier_pts: [161.0, 657.0, 173.0, 657.33, 185.0, 657.67, 197.0, 658.0, 196.0, 681.0, 185.0, 681.0, 174.0, 681.0, 163.0, 681.0]
rec: tea......................
text_instance: 26
bbox: [206, 654, 49, 26]
bezier_pts: [206.0, 658.0, 222.0, 656.67, 238.0, 655.33, 254.0, 654.0, 254.0, 679.0, 239.67, 679.0, 225.33, 679.0, 211.0, 679.0]
rec: why......................
text_instance: 27
bbox: [259, 657, 38, 23]
bezier_pts: [259.0, 657.0, 271.0, 657.33, 283.0, 657.67, 295.0, 658.0, 296.0, 678.0, 284.67, 678.33, 273.33, 678.67, 262.0, 679.0]
rec: not......................
text_instance: 28
bbox: [301, 652, 49, 28]
bezier_pts: [301.0, 657.0, 316.0, 655.33, 331.0, 653.67, 346.0, 652.0, 349.0, 676.0, 334.33, 677.0, 319.67, 678.0, 305.0, 679.0]
rec: give.....................
text_instance: 29
bbox: [344, 651, 27, 29]
bezier_pts: [344.0, 652.0, 351.67, 651.67, 359.33, 651.33, 367.0, 651.0, 370.0, 676.0, 364.0, 677.0, 358.0, 678.0, 352.0, 679.0]
rec: it.......................
text_instance: 30
bbox: [371, 655, 19, 22]
bezier_pts: [371.0, 658.0, 377.0, 657.0, 383.0, 656.0, 389.0, 655.0, 388.0, 675.0, 382.43, 675.3, 376.73, 676.47, 371.0, 676.0]
rec: a........................
text_instance: 31
bbox: [388, 652, 52, 25]
bezier_pts: [388.0, 652.0, 405.0, 652.0, 422.0, 652.0, 439.0, 652.0, 437.0, 675.0, 423.67, 675.33, 410.33, 675.67, 397.0, 676.0]
rec: Troy.....................
text_instance: 32
bbox: [362, 588, 73, 32]
bezier_pts: [362.0, 594.0, 386.0, 589.34, 410.0, 587.34, 434.0, 588.0, 434.0, 613.0, 409.61, 616.04, 386.7, 619.08, 363.0, 619.0]
rec: myth'd...................
text_instance: 33
bbox: [163, 627, 62, 26]
bezier_pts: [163.0, 630.0, 181.23, 626.36, 201.56, 627.09, 220.0, 627.0, 224.0, 651.0, 204.33, 651.33, 184.67, 651.67, 165.0, 652.0]
rec: witch....................
text_instance: 34
bbox: [335, 619, 124, 27]
bezier_pts: [335.0, 626.0, 376.66, 619.12, 413.45, 617.7, 456.0, 620.0, 458.0, 641.0, 417.23, 642.35, 376.82, 644.11, 336.0, 644.0]
rec: antioxidant..............
text_instance: 35
bbox: [261, 594, 49, 26]
bezier_pts: [263.0, 596.0, 278.63, 594.95, 293.38, 591.61, 308.0, 596.0, 309.0, 618.0, 293.0, 617.67, 277.0, 617.33, 261.0, 617.0]
rec: skin.....................
