text_instance: 0
bbox: [149, 262, 687, 373]
bezier_pts: [157.0, 267.0, 375.88, 270.63, 626.97, 215.95, 834.0, 313.0, 835.0, 474.0, 570.9, 353.03, 366.83, 543.59, 149.0, 634.0]
rec: Texas....................
text_instance: 1
bbox: [345, 438, 335, 208]
bezier_pts: [345.0, 573.0, 458.66, 515.16, 550.05, 456.12, 679.0, 438.0, 679.0, 480.0, 570.52, 506.08, 469.85, 569.54, 384.0, 645.0]
rec: CHICKEN..................
text_instance: 2
bbox: [526, 594, 157, 67]
bezier_pts: [531.0, 615.0, 575.65, 624.6, 622.0, 625.24, 660.0, 594.0, 682.0, 633.0, 633.21, 651.73, 581.69, 669.97, 526.0, 654.0]
rec: SINCE....................
text_instance: 3
bbox: [667, 510, 69, 107]
bezier_pts: [667.0, 582.0, 697.62, 566.24, 701.02, 541.35, 712.0, 510.0, 735.0, 514.0, 740.4, 553.23, 711.13, 581.48, 705.0, 616.0]
rec: 1952.....................
