text_instance: 0
bbox: [364, 299, 111, 79]
bezier_pts: [364.0, 325.0, 398.26, 307.52, 438.38, 305.16, 474.0, 299.0, 472.0, 341.0, 431.78, 331.23, 391.33, 345.45, 366.0, 377.0]
rec: SHEPHERDS................
text_instance: 1
bbox: [388, 337, 74, 52]
bezier_pts: [388.0, 356.0, 406.62, 338.9, 432.92, 340.9, 456.0, 337.0, 461.0, 370.0, 442.13, 386.41, 415.17, 372.9, 395.0, 388.0]
rec: PURSE....................
text_instance: 2
bbox: [366, 381, 107, 38]
bezier_pts: [370.0, 381.0, 403.33, 385.0, 436.67, 389.0, 470.0, 393.0, 472.0, 418.0, 436.67, 414.33, 401.33, 410.67, 366.0, 407.0]
rec: ACCOMMODATION............
