text_instance: 0
bbox: [426, 897, 1300, 136]
bezier_pts: [436.0, 906.0, 861.03, 897.56, 1298.64, 898.77, 1725.0, 897.0, 1725.0, 1016.0, 1291.12, 1023.54, 858.56, 1028.28, 426.0, 1030.0]
rec: TYRETRADING..............
text_instance: 1
bbox: [1789, 878, 406, 149]
bezier_pts: [1789.0, 878.0, 1921.0, 878.0, 2053.0, 878.0, 2185.0, 878.0, 2194.0, 1026.0, 2062.0, 1024.33, 1930.0, 1022.67, 1798.0, 1021.0]
rec: COM......................
text_instance: 2
bbox: [2297, 1155, 73, 240]
bezier_pts: [2300.0, 1394.0, 2291.24, 1314.35, 2303.13, 1232.9, 2309.0, 1155.0, 2369.0, 1187.0, 2361.65, 1251.75, 2342.54, 1312.97, 2365.0, 1376.0]
rec: SNAP.....................
text_instance: 3
bbox: [2521, 780, 452, 150]
bezier_pts: [2521.0, 846.0, 2659.25, 760.8, 2813.59, 776.81, 2972.0, 791.0, 2949.0, 901.0, 2826.99, 815.4, 2688.05, 870.26, 2576.0, 929.0]
rec: Continental..............
text_instance: 4
bbox: [3124, 966, 158, 286]
bezier_pts: [3161.0, 966.0, 3230.9, 1039.34, 3259.49, 1133.85, 3281.0, 1233.0, 3216.0, 1251.0, 3214.78, 1169.58, 3195.11, 1077.78, 3124.0, 1026.0]
rec: TWEET....................
text_instance: 5
bbox: [2710, 1748, 406, 101]
bezier_pts: [2710.0, 1753.0, 2840.33, 1751.33, 2970.67, 1749.67, 3101.0, 1748.0, 3115.0, 1822.0, 2981.52, 1832.69, 2847.54, 1840.35, 2714.0, 1845.0]
rec: Continental..............
text_instance: 6
bbox: [2313, 1035, 113, 131]
bezier_pts: [2313.0, 1145.0, 2334.41, 1107.85, 2345.7, 1065.63, 2375.0, 1035.0, 2425.0, 1056.0, 2406.0, 1092.33, 2387.0, 1128.67, 2368.0, 1165.0]
rec: ME.......................
text_instance: 7
bbox: [3226, 1248, 59, 122]
bezier_pts: [3281.0, 1251.0, 3289.85, 1292.3, 3275.99, 1328.08, 3281.0, 1369.0, 3226.0, 1364.0, 3231.66, 1324.19, 3231.29, 1287.14, 3226.0, 1248.0]
rec: ME.......................
