text_instance: 0
bbox: [561, 250, 286, 250]
bezier_pts: [561.0, 486.0, 613.97, 366.0, 699.14, 289.16, 826.0, 250.0, 846.0, 312.0, 733.81, 320.38, 661.82, 412.56, 613.0, 499.0]
rec: WELCOME..................
text_instance: 1
bbox: [966, 253, 253, 265]
bezier_pts: [979.0, 253.0, 1098.12, 290.77, 1179.45, 375.17, 1218.0, 489.0, 1159.0, 517.0, 1136.83, 401.44, 1075.46, 347.64, 966.0, 310.0]
rec: HISTORIC.................
text_instance: 2
bbox: [583, 810, 336, 112]
bezier_pts: [583.0, 816.0, 694.67, 814.0, 806.33, 812.0, 918.0, 810.0, 918.0, 903.0, 807.49, 911.93, 697.52, 917.79, 586.0, 921.0]
rec: Batteru..................
text_instance: 3
bbox: [937, 808, 244, 84]
bezier_pts: [937.0, 808.0, 1018.0, 808.0, 1099.0, 808.0, 1180.0, 808.0, 1180.0, 891.0, 1101.37, 891.3, 1023.81, 890.92, 946.0, 888.0]
rec: Point....................
text_instance: 4
bbox: [853, 249, 103, 58]
bezier_pts: [853.0, 251.0, 888.13, 247.15, 921.2, 248.44, 955.0, 250.0, 955.0, 306.0, 922.0, 305.0, 889.0, 304.0, 856.0, 303.0]
rec: TO.......................
