text_instance: 0
bbox: [364, 36, 593, 110]
bezier_pts: [364.0, 79.0, 553.98, 25.41, 769.83, 2.38, 956.0, 90.0, 934.0, 141.0, 743.04, 86.11, 559.15, 76.79, 377.0, 145.0]
rec: REFUGEES.................
text_instance: 1
bbox: [296, 229, 714, 144]
bezier_pts: [333.0, 229.0, 531.54, 319.49, 750.43, 312.38, 947.0, 229.0, 1009.0, 289.0, 790.94, 404.65, 512.27, 416.04, 296.0, 299.0]
rec: WELCOME..................
text_instance: 2
bbox: [456, 442, 194, 50]
bezier_pts: [456.0, 442.0, 516.33, 445.0, 576.67, 448.0, 637.0, 451.0, 649.0, 491.0, 588.69, 490.18, 529.27, 488.73, 469.0, 484.0]
rec: TRUTH....................
text_instance: 3
bbox: [529, 488, 94, 38]
bezier_pts: [529.0, 488.0, 557.0, 488.0, 585.0, 488.0, 613.0, 488.0, 622.0, 525.0, 594.33, 524.67, 566.67, 524.33, 539.0, 524.0]
rec: NOT......................
text_instance: 4
bbox: [472, 522, 202, 61]
bezier_pts: [472.0, 523.0, 536.0, 522.67, 600.0, 522.33, 664.0, 522.0, 673.0, 565.0, 613.52, 573.14, 554.64, 578.35, 494.0, 581.0]
rec: TRUMP....................
