text_instance: 0
bbox: [194, 126, 385, 192]
bezier_pts: [194.0, 254.0, 303.51, 157.52, 434.06, 97.13, 578.0, 140.0, 570.0, 197.0, 433.09, 143.11, 311.1, 226.53, 226.0, 317.0]
rec: RIVERSIDE................
text_instance: 1
bbox: [590, 148, 200, 193]
bezier_pts: [608.0, 148.0, 682.08, 186.01, 729.62, 255.51, 789.0, 308.0, 757.0, 340.0, 703.85, 286.76, 650.53, 251.25, 590.0, 206.0]
rec: POINT....................
text_instance: 2
bbox: [119, 502, 17, 97]
bezier_pts: [119.0, 502.0, 124.33, 502.33, 129.67, 502.67, 135.0, 503.0, 134.0, 598.0, 129.53, 598.12, 125.17, 597.64, 121.0, 596.0]
rec: CONTEMPORAR..............
text_instance: 3
bbox: [935, 540, 10, 10]
bezier_pts: [935.0, 541.0, 937.33, 540.67, 939.67, 540.33, 942.0, 540.0, 944.0, 547.0, 941.5, 547.98, 938.77, 548.86, 936.0, 548.0]
rec: c........................
text_instance: 4
bbox: [949, 542, 36, 18]
bezier_pts: [949.0, 543.0, 960.07, 543.49, 971.93, 541.49, 983.0, 542.0, 984.0, 552.0, 973.12, 555.13, 962.19, 556.21, 951.0, 554.0]
rec: zyo......................
text_instance: 5
bbox: [928, 563, 60, 16]
bezier_pts: [931.0, 565.0, 949.67, 560.78, 968.33, 563.67, 987.0, 563.0, 985.0, 576.0, 966.65, 578.55, 947.68, 578.11, 928.0, 578.0]
rec: 2009.....................
