text_instance: 0
bbox: [511, 281, 649, 174]
bezier_pts: [511.0, 351.0, 726.81, 250.35, 942.81, 259.13, 1159.0, 372.0, 1133.0, 454.0, 937.73, 350.37, 732.51, 319.48, 544.0, 436.0]
rec: DPUNCAK..................
text_instance: 1
bbox: [595, 444, 485, 134]
bezier_pts: [601.0, 444.0, 756.5, 446.59, 913.17, 444.41, 1070.0, 459.0, 1079.0, 577.0, 917.67, 571.67, 756.33, 566.33, 595.0, 561.0]
rec: BERIS....................
text_instance: 2
bbox: [360, 589, 380, 109]
bezier_pts: [360.0, 589.0, 484.92, 592.03, 614.92, 590.84, 739.0, 598.0, 739.0, 697.0, 616.67, 693.67, 494.33, 690.33, 372.0, 687.0]
rec: LAKE.....................
text_instance: 3
bbox: [770, 603, 535, 102]
bezier_pts: [770.0, 603.0, 942.76, 605.39, 1119.97, 605.53, 1294.0, 621.0, 1304.0, 702.0, 1128.01, 702.05, 951.81, 699.41, 775.0, 694.0]
rec: RESORT...................
text_instance: 4
bbox: [375, 829, 917, 136]
bezier_pts: [375.0, 829.0, 675.6, 833.19, 988.71, 836.98, 1291.0, 853.0, 1291.0, 963.0, 986.39, 960.66, 681.45, 954.95, 379.0, 948.0]
rec: RESTORAN.................
