text_instance: 0
bbox: [110, 74, 86, 27]
bezier_pts: [110.0, 81.0, 137.81, 71.02, 167.65, 73.43, 195.0, 78.0, 189.0, 96.0, 163.67, 97.33, 138.33, 98.67, 113.0, 100.0]
rec: LEAVING..................
text_instance: 1
bbox: [91, 106, 43, 21]
bezier_pts: [91.0, 110.0, 105.0, 108.67, 119.0, 107.33, 133.0, 106.0, 131.0, 124.0, 118.67, 124.67, 106.33, 125.33, 94.0, 126.0]
rec: HAY......................
text_instance: 2
bbox: [135, 108, 73, 21]
bezier_pts: [136.0, 111.0, 159.67, 110.0, 183.33, 109.0, 207.0, 108.0, 206.0, 125.0, 182.33, 126.0, 158.67, 127.0, 135.0, 128.0]
rec: GROUND...................
text_instance: 3
bbox: [42, 128, 128, 26]
bezier_pts: [44.0, 128.0, 85.33, 128.0, 126.67, 128.0, 168.0, 128.0, 169.0, 148.0, 127.63, 150.87, 84.69, 151.5, 42.0, 153.0]
rec: HERITAGE.................
text_instance: 4
bbox: [178, 125, 82, 23]
bezier_pts: [178.0, 127.0, 203.0, 126.33, 228.0, 125.67, 253.0, 125.0, 259.0, 144.0, 233.01, 146.17, 207.47, 146.86, 181.0, 147.0]
rec: AREA.....................
text_instance: 5
bbox: [71, 169, 42, 30]
bezier_pts: [77.0, 169.0, 88.67, 173.33, 100.33, 177.67, 112.0, 182.0, 106.0, 197.0, 92.62, 201.21, 79.19, 192.96, 71.0, 183.0]
rec: TOWN.....................
text_instance: 6
bbox: [128, 166, 107, 39]
bezier_pts: [131.0, 186.0, 163.16, 180.27, 194.5, 177.18, 225.0, 166.0, 234.0, 177.0, 204.05, 201.73, 165.17, 206.82, 128.0, 203.0]
rec: SOUTHAMPTON..............
text_instance: 7
bbox: [105, 185, 26, 17]
bezier_pts: [107.0, 185.0, 114.38, 184.57, 122.88, 185.99, 130.0, 187.0, 130.0, 201.0, 121.42, 200.21, 112.97, 200.38, 105.0, 197.0]
rec: OF.......................
