text_instance: 0
bbox: [362, 429, 158, 71]
bezier_pts: [362.0, 429.0, 414.33, 429.0, 466.67, 429.0, 519.0, 429.0, 519.0, 498.0, 466.67, 498.0, 414.33, 498.0, 362.0, 498.0]
rec: AWAY.....................
text_instance: 1
bbox: [359, 227, 165, 78]
bezier_pts: [359.0, 227.0, 413.67, 227.0, 468.33, 227.0, 523.0, 227.0, 523.0, 302.0, 468.56, 303.76, 413.03, 303.23, 359.0, 302.0]
rec: FOOD.....................
text_instance: 2
bbox: [354, 350, 173, 78]
bezier_pts: [354.0, 350.0, 411.33, 350.0, 468.67, 350.0, 526.0, 350.0, 526.0, 425.0, 468.67, 425.0, 411.33, 425.0, 354.0, 425.0]
rec: PUSH.....................
text_instance: 3
bbox: [406, 304, 87, 43]
bezier_pts: [406.0, 304.0, 434.67, 304.0, 463.33, 304.0, 492.0, 304.0, 492.0, 344.0, 463.64, 345.92, 434.4, 344.29, 406.0, 344.0]
rec: JUST.....................
text_instance: 4
bbox: [360, 146, 164, 80]
bezier_pts: [363.0, 146.0, 416.33, 149.0, 469.67, 152.0, 523.0, 155.0, 523.0, 225.0, 469.3, 225.57, 414.44, 224.32, 360.0, 220.0]
rec: GOOD.....................
text_instance: 5
bbox: [357, 305, 38, 42]
bezier_pts: [357.0, 305.0, 369.33, 305.0, 381.67, 305.0, 394.0, 305.0, 394.0, 346.0, 381.67, 346.0, 369.33, 346.0, 357.0, 346.0]
rec: IS.......................
text_instance: 6
bbox: [494, 303, 32, 50]
bezier_pts: [494.0, 303.0, 504.33, 303.0, 514.67, 303.0, 525.0, 303.0, 525.0, 352.0, 514.67, 352.0, 504.33, 352.0, 494.0, 352.0]
rec: A........................
text_instance: 7
bbox: [70, 200, 160, 49]
bezier_pts: [70.0, 219.0, 120.47, 190.15, 178.8, 197.93, 229.0, 221.0, 225.0, 248.0, 179.19, 221.44, 128.38, 218.19, 81.0, 244.0]
rec: FOODHALL.................
text_instance: 8
bbox: [139, 236, 31, 20]
bezier_pts: [139.0, 236.0, 148.33, 236.0, 157.67, 236.0, 167.0, 236.0, 169.0, 254.0, 160.04, 255.99, 150.73, 254.78, 142.0, 253.0]
rec: FOR......................
text_instance: 9
bbox: [39, 242, 235, 83]
bezier_pts: [46.0, 253.0, 119.55, 229.88, 198.03, 252.68, 273.0, 242.0, 257.0, 295.0, 198.81, 355.52, 107.34, 316.5, 39.0, 321.0]
rec: Home.....................
text_instance: 10
bbox: [47, 296, 217, 101]
bezier_pts: [49.0, 324.0, 118.98, 284.68, 192.34, 341.28, 263.0, 296.0, 237.0, 375.0, 179.2, 406.61, 106.8, 388.58, 47.0, 396.0]
rec: Food.....................
text_instance: 11
bbox: [64, 387, 175, 56]
bezier_pts: [78.0, 389.0, 122.41, 411.62, 178.45, 418.02, 223.0, 387.0, 238.0, 411.0, 189.31, 458.51, 120.17, 453.44, 64.0, 419.0]
rec: MAKERS...................
