text_instance: 0
bbox: [118, 49, 268, 79]
bezier_pts: [126.0, 49.0, 206.86, 84.52, 294.35, 93.59, 385.0, 103.0, 385.0, 127.0, 296.15, 131.84, 202.13, 109.13, 118.0, 77.0]
rec: MABONENG.................
text_instance: 1
bbox: [133, 276, 25, 12]
bezier_pts: [134.0, 276.0, 141.67, 276.0, 149.33, 276.0, 157.0, 276.0, 153.0, 287.0, 146.33, 287.0, 139.67, 287.0, 133.0, 287.0]
rec: CV.......................
text_instance: 2
bbox: [155, 279, 47, 13]
bezier_pts: [160.0, 279.0, 173.67, 279.0, 187.33, 279.0, 201.0, 279.0, 199.0, 291.0, 184.27, 290.7, 169.71, 291.87, 155.0, 289.0]
rec: JOINTS...................
