text_instance: 0
bbox: [166, 116, 164, 138]
bezier_pts: [166.0, 235.0, 199.79, 172.0, 251.52, 133.41, 322.0, 116.0, 329.0, 144.0, 269.23, 163.23, 224.95, 203.82, 191.0, 253.0]
rec: CHURCH...................
text_instance: 1
bbox: [335, 113, 171, 80]
bezier_pts: [335.0, 113.0, 395.9, 110.01, 455.28, 132.67, 505.0, 163.0, 484.0, 192.0, 439.49, 155.29, 389.33, 148.98, 335.0, 142.0]
rec: STREET...................
text_instance: 2
bbox: [492, 175, 57, 67]
bezier_pts: [519.0, 175.0, 530.43, 186.59, 533.9, 203.75, 548.0, 212.0, 521.0, 241.0, 511.33, 226.67, 501.67, 212.33, 492.0, 198.0]
rec: Co.......................
text_instance: 3
bbox: [180, 168, 329, 247]
bezier_pts: [180.0, 282.0, 257.44, 207.33, 377.28, 207.57, 469.0, 168.0, 508.0, 263.0, 424.11, 322.55, 356.59, 434.9, 235.0, 414.0]
rec: Coffee...................
text_instance: 4
bbox: [400, 279, 99, 91]
bezier_pts: [400.0, 342.0, 432.33, 321.0, 464.67, 300.0, 497.0, 279.0, 498.0, 317.0, 477.65, 350.1, 442.65, 370.2, 406.0, 369.0]
rec: imported.................
text_instance: 5
bbox: [388, 352, 68, 66]
bezier_pts: [388.0, 379.0, 405.33, 370.0, 422.67, 361.0, 440.0, 352.0, 455.0, 379.0, 444.75, 400.1, 422.64, 408.95, 403.0, 417.0]
rec: From.....................
text_instance: 6
bbox: [450, 302, 85, 81]
bezier_pts: [450.0, 348.0, 477.16, 328.11, 506.42, 318.78, 534.0, 302.0, 529.0, 336.0, 514.56, 363.18, 487.83, 377.25, 459.0, 382.0]
rec: Brazil...................
text_instance: 7
bbox: [216, 429, 162, 52]
bezier_pts: [216.0, 450.0, 269.71, 431.22, 321.6, 429.56, 377.0, 429.0, 363.0, 453.0, 320.33, 462.0, 277.67, 471.0, 235.0, 480.0]
rec: TASTING..................
text_instance: 8
bbox: [383, 425, 113, 50]
bezier_pts: [388.0, 425.0, 423.04, 429.18, 460.53, 436.64, 495.0, 449.0, 485.0, 474.0, 451.0, 469.0, 417.0, 464.0, 383.0, 459.0]
rec: ROOM.....................
text_instance: 9
bbox: [248, 477, 214, 69]
bezier_pts: [289.0, 477.0, 344.58, 511.5, 401.94, 486.47, 461.0, 487.0, 446.0, 545.0, 383.39, 531.83, 303.61, 552.63, 248.0, 507.0]
rec: Roasteru.................
