text_instance: 0
bbox: [348, 410, 320, 104]
bezier_pts: [348.0, 410.0, 454.33, 410.0, 560.67, 410.0, 667.0, 410.0, 667.0, 513.0, 560.67, 513.0, 454.33, 513.0, 348.0, 513.0]
rec: LIGHT....................
text_instance: 1
bbox: [51, 400, 282, 108]
bezier_pts: [51.0, 400.0, 144.67, 400.0, 238.33, 400.0, 332.0, 400.0, 332.0, 507.0, 238.33, 507.0, 144.67, 507.0, 51.0, 507.0]
rec: CITY.....................
text_instance: 2
bbox: [700, 434, 496, 99]
bezier_pts: [700.0, 434.0, 865.0, 434.0, 1030.0, 434.0, 1195.0, 434.0, 1195.0, 532.0, 1030.0, 532.0, 865.0, 532.0, 700.0, 532.0]
rec: ROKKAKU..................
