text_instance: 0
bbox: [113, 228, 202, 90]
bezier_pts: [125.0, 228.0, 189.11, 240.17, 256.23, 202.6, 314.0, 248.0, 308.0, 317.0, 242.05, 322.8, 178.83, 295.92, 113.0, 279.0]
rec: DiSOS....................
text_instance: 1
bbox: [151, 288, 101, 51]
bezier_pts: [153.0, 288.0, 186.74, 293.98, 218.66, 302.84, 251.0, 313.0, 251.0, 338.0, 217.67, 328.89, 184.33, 318.89, 151.0, 308.0]
rec: ITALIAN..................
text_instance: 2
bbox: [106, 282, 100, 79]
bezier_pts: [114.0, 282.0, 139.14, 309.88, 169.34, 330.58, 205.0, 339.0, 205.0, 360.0, 163.52, 350.15, 129.54, 321.75, 106.0, 289.0]
rec: SANDWICH.................
text_instance: 3
bbox: [212, 336, 130, 39]
bezier_pts: [214.0, 344.0, 255.23, 354.93, 297.14, 347.57, 339.0, 336.0, 341.0, 361.0, 298.32, 378.63, 255.76, 378.83, 212.0, 364.0]
rec: SOCIETY..................
text_instance: 4
bbox: [139, 393, 118, 81]
bezier_pts: [143.0, 393.0, 182.87, 409.2, 220.27, 427.86, 256.0, 452.0, 254.0, 473.0, 215.01, 453.44, 178.2, 431.43, 139.0, 410.0]
rec: DISOSNYCCOM..............
text_instance: 5
bbox: [413, 26, 106, 46]
bezier_pts: [413.0, 47.0, 443.6, 27.51, 478.12, 27.46, 514.0, 26.0, 518.0, 54.0, 487.13, 70.85, 449.57, 72.69, 415.0, 70.0]
rec: MARSH....................
