text_instance: 0
bbox: [145, 26, 192, 107]
bezier_pts: [145.0, 74.0, 207.25, 55.71, 271.23, 41.74, 336.0, 26.0, 324.0, 108.0, 260.98, 80.75, 209.13, 123.24, 154.0, 132.0]
rec: BROV.....................
text_instance: 1
bbox: [338, 27, 194, 92]
bezier_pts: [354.0, 27.0, 414.53, 29.51, 474.53, 32.59, 531.0, 45.0, 523.0, 118.0, 461.33, 110.67, 399.67, 103.33, 338.0, 96.0]
rec: NIK......................
text_instance: 2
bbox: [83, 154, 63, 49]
bezier_pts: [83.0, 177.0, 102.0, 169.33, 121.0, 161.67, 140.0, 154.0, 145.0, 176.0, 125.67, 184.67, 106.33, 193.33, 87.0, 202.0]
rec: Pearl....................
text_instance: 3
bbox: [181, 128, 50, 37]
bezier_pts: [181.0, 137.0, 195.67, 134.0, 210.33, 131.0, 225.0, 128.0, 230.0, 153.0, 216.0, 156.67, 202.0, 160.33, 188.0, 164.0]
rec: The......................
text_instance: 4
bbox: [246, 118, 235, 40]
bezier_pts: [247.0, 118.0, 324.58, 117.15, 400.46, 118.26, 480.0, 132.0, 476.0, 157.0, 401.23, 148.84, 321.01, 139.06, 246.0, 149.0]
rec: Mediterranean............
text_instance: 5
bbox: [60, 80, 87, 100]
bezier_pts: [60.0, 127.0, 86.3, 109.97, 114.0, 90.87, 144.0, 80.0, 146.0, 141.0, 115.07, 145.36, 89.66, 158.98, 66.0, 179.0]
rec: DU.......................
text_instance: 6
bbox: [151, 143, 28, 30]
bezier_pts: [151.0, 155.0, 158.67, 151.0, 166.33, 147.0, 174.0, 143.0, 178.0, 166.0, 169.69, 169.32, 161.21, 171.19, 152.0, 172.0]
rec: of.......................
