text_instance: 0
bbox: [52, 15, 241, 57]
bezier_pts: [52.0, 42.0, 123.63, 6.95, 215.7, -10.26, 291.0, 42.0, 292.0, 66.0, 214.63, 42.72, 131.08, 28.37, 52.0, 71.0]
rec: caracoles................
text_instance: 1
bbox: [97, 114, 136, 35]
bezier_pts: [97.0, 121.0, 140.39, 112.65, 184.35, 110.16, 226.0, 118.0, 232.0, 148.0, 187.33, 147.67, 142.67, 147.33, 98.0, 147.0]
rec: SCARACOLES...............
text_instance: 2
bbox: [120, 201, 63, 22]
bezier_pts: [124.0, 201.0, 140.34, 210.71, 158.93, 208.67, 176.0, 202.0, 182.0, 211.0, 163.65, 225.88, 140.55, 227.23, 120.0, 214.0]
rec: CARACOLES................
