text_instance: 0
bbox: [447, 86, 546, 172]
bezier_pts: [448.0, 86.0, 620.31, 87.59, 799.13, 87.61, 971.0, 97.0, 992.0, 226.0, 810.27, 252.52, 630.38, 257.52, 447.0, 257.0]
rec: MOTHERS..................
text_instance: 1
bbox: [97, 270, 435, 195]
bezier_pts: [97.0, 428.0, 206.32, 253.61, 384.49, 200.84, 531.0, 366.0, 495.0, 411.0, 382.79, 275.38, 232.28, 321.36, 149.0, 464.0]
rec: MOTHERS..................
text_instance: 2
bbox: [126, 622, 361, 115]
bezier_pts: [486.0, 643.0, 381.59, 762.92, 238.52, 782.69, 126.0, 660.0, 167.0, 624.0, 258.15, 707.59, 366.15, 692.7, 459.0, 622.0]
rec: OTHERS...................
