text_instance: 0
bbox: [668, 189, 59, 67]
bezier_pts: [668.0, 220.0, 678.28, 207.03, 697.43, 198.44, 711.0, 189.0, 726.0, 232.0, 711.9, 242.93, 695.95, 250.15, 679.0, 255.0]
rec: SRI......................
text_instance: 1
bbox: [721, 144, 117, 82]
bezier_pts: [721.0, 191.0, 753.58, 167.51, 791.13, 149.45, 833.0, 144.0, 837.0, 180.0, 800.0, 195.0, 763.0, 210.0, 726.0, 225.0]
rec: LAKSHMI..................
text_instance: 2
bbox: [831, 116, 239, 63]
bezier_pts: [831.0, 135.0, 910.6, 102.66, 992.48, 107.81, 1067.0, 129.0, 1069.0, 178.0, 994.33, 177.33, 919.67, 176.67, 845.0, 176.0]
rec: VENKATFSHWARA............
text_instance: 3
bbox: [1069, 131, 151, 112]
bezier_pts: [1081.0, 131.0, 1132.22, 145.57, 1180.91, 148.07, 1219.0, 187.0, 1219.0, 242.0, 1169.0, 221.0, 1119.0, 200.0, 1069.0, 179.0]
rec: PRASANNA.................
text_instance: 4
bbox: [724, 427, 436, 79]
bezier_pts: [730.0, 431.0, 871.67, 429.67, 1013.33, 428.33, 1155.0, 427.0, 1159.0, 505.0, 1013.33, 503.05, 869.15, 500.66, 724.0, 495.0]
rec: KAAKARLA.................
text_instance: 5
bbox: [835, 518, 214, 44]
bezier_pts: [835.0, 518.0, 904.67, 518.0, 974.33, 518.0, 1044.0, 518.0, 1048.0, 561.0, 977.67, 560.33, 907.33, 559.67, 837.0, 559.0]
rec: SUSHMA...................
text_instance: 6
bbox: [746, 561, 398, 50]
bezier_pts: [746.0, 561.0, 878.33, 561.67, 1010.67, 562.33, 1143.0, 563.0, 1137.0, 610.0, 1009.01, 608.76, 881.54, 604.85, 753.0, 598.0]
rec: THYAGARAJULU.............
text_instance: 7
bbox: [911, 614, 107, 44]
bezier_pts: [915.0, 614.0, 949.0, 614.67, 983.0, 615.33, 1017.0, 616.0, 1017.0, 657.0, 981.81, 655.53, 946.15, 654.78, 911.0, 651.0]
rec: 4271.....................
