text_instance: 0
bbox: [383, 296, 211, 107]
bezier_pts: [393.0, 330.0, 459.73, 308.52, 526.01, 305.99, 593.0, 296.0, 589.0, 364.0, 520.33, 376.67, 451.67, 389.33, 383.0, 402.0]
rec: Wine.....................
text_instance: 1
bbox: [282, 505, 129, 151]
bezier_pts: [380.0, 655.0, 321.2, 623.91, 294.68, 566.26, 282.0, 508.0, 316.0, 505.0, 327.97, 561.65, 356.94, 612.2, 410.0, 637.0]
rec: EAULAFFITE...............
text_instance: 2
bbox: [283, 384, 43, 91]
bezier_pts: [283.0, 472.0, 288.79, 442.67, 291.24, 413.33, 301.0, 384.0, 325.0, 394.0, 315.62, 419.17, 307.0, 445.45, 313.0, 474.0]
rec: RIOJA....................
text_instance: 3
bbox: [301, 220, 129, 157]
bezier_pts: [301.0, 348.0, 337.45, 306.1, 371.21, 260.48, 411.0, 220.0, 429.0, 244.0, 388.58, 279.44, 354.42, 325.2, 331.0, 376.0]
rec: CHATEAU..................
text_instance: 4
bbox: [421, 152, 103, 81]
bezier_pts: [421.0, 206.0, 453.67, 188.0, 486.33, 170.0, 519.0, 152.0, 523.0, 178.0, 496.33, 196.0, 469.67, 214.0, 443.0, 232.0]
rec: HAUT.....................
text_instance: 5
bbox: [533, 124, 119, 59]
bezier_pts: [533.0, 138.0, 572.33, 133.33, 611.67, 128.67, 651.0, 124.0, 647.0, 152.0, 611.67, 162.0, 576.33, 172.0, 541.0, 182.0]
rec: BAION....................
text_instance: 6
bbox: [679, 122, 177, 107]
bezier_pts: [679.0, 122.0, 740.06, 140.59, 805.5, 154.72, 855.0, 200.0, 835.0, 228.0, 796.83, 180.12, 744.71, 155.24, 683.0, 150.0]
rec: COONAWARRA...............
text_instance: 7
bbox: [845, 222, 67, 163]
bezier_pts: [883.0, 222.0, 900.72, 272.08, 915.08, 324.95, 911.0, 382.0, 873.0, 384.0, 883.07, 336.55, 882.25, 280.13, 845.0, 242.0]
rec: CHATEAU..................
text_instance: 8
bbox: [741, 522, 99, 73]
bezier_pts: [839.0, 544.0, 821.21, 561.94, 801.0, 578.09, 781.0, 594.0, 741.0, 590.0, 770.38, 577.79, 794.48, 550.67, 809.0, 522.0]
rec: BLAN.....................
text_instance: 9
bbox: [821, 388, 87, 147]
bezier_pts: [907.0, 388.0, 901.24, 441.89, 871.22, 487.16, 845.0, 534.0, 821.0, 504.0, 855.64, 474.91, 860.3, 428.09, 875.0, 388.0]
rec: CHIVAL...................
text_instance: 10
bbox: [322, 401, 61, 175]
bezier_pts: [354.0, 575.0, 322.07, 523.67, 315.85, 458.05, 327.0, 401.0, 357.0, 404.0, 336.78, 459.66, 357.04, 511.21, 382.0, 560.0]
rec: CHATUAUST................
text_instance: 11
bbox: [329, 256, 115, 133]
bezier_pts: [329.0, 374.0, 363.69, 339.05, 386.28, 289.02, 421.0, 256.0, 443.0, 278.0, 400.54, 299.09, 381.07, 347.64, 367.0, 388.0]
rec: EMITTON..................
text_instance: 12
bbox: [441, 168, 137, 95]
bezier_pts: [441.0, 230.0, 482.33, 209.33, 523.67, 188.67, 565.0, 168.0, 577.0, 192.0, 532.27, 205.23, 487.63, 224.93, 457.0, 262.0]
rec: BAROSSA..................
text_instance: 13
bbox: [601, 148, 163, 59]
bezier_pts: [609.0, 148.0, 660.33, 157.33, 711.67, 166.67, 763.0, 176.0, 747.0, 206.0, 702.65, 177.76, 647.37, 178.25, 601.0, 194.0]
rec: CHATEAU..................
text_instance: 14
bbox: [747, 178, 119, 153]
bezier_pts: [779.0, 178.0, 814.95, 220.0, 855.97, 261.97, 865.0, 320.0, 827.0, 330.0, 830.58, 268.78, 789.85, 232.12, 747.0, 204.0]
rec: MARGAUX..................
text_instance: 15
bbox: [795, 340, 75, 159]
bezier_pts: [869.0, 340.0, 857.54, 394.81, 845.2, 450.35, 819.0, 498.0, 795.0, 478.0, 816.09, 438.7, 838.74, 391.56, 829.0, 344.0]
rec: URUNELLO.................
text_instance: 16
bbox: [647, 510, 149, 103]
bezier_pts: [795.0, 522.0, 758.49, 561.01, 722.39, 610.87, 661.0, 612.0, 647.0, 596.0, 697.35, 583.86, 739.87, 554.64, 771.0, 510.0]
rec: CENTRAL..................
text_instance: 17
bbox: [531, 192, 109, 49]
bezier_pts: [531.0, 212.0, 567.0, 205.33, 603.0, 198.67, 639.0, 192.0, 637.0, 214.0, 603.0, 222.67, 569.0, 231.33, 535.0, 240.0]
rec: HUNTER...................
text_instance: 18
bbox: [647, 186, 93, 47]
bezier_pts: [647.0, 186.0, 677.67, 195.33, 708.33, 204.67, 739.0, 214.0, 727.0, 232.0, 700.33, 226.67, 673.67, 221.33, 647.0, 216.0]
rec: VALLEY...................
text_instance: 19
bbox: [731, 222, 91, 193]
bezier_pts: [761.0, 222.0, 817.75, 273.29, 816.8, 348.12, 821.0, 414.0, 785.0, 410.0, 809.1, 343.34, 784.93, 279.12, 731.0, 236.0]
rec: MARLBOROUGH..............
text_instance: 20
bbox: [687, 432, 119, 131]
bezier_pts: [805.0, 436.0, 782.3, 491.41, 742.27, 528.55, 697.0, 562.0, 687.0, 534.0, 736.72, 517.39, 758.42, 479.9, 767.0, 432.0]
rec: CHATEAU..................
text_instance: 21
bbox: [533, 544, 157, 67]
bezier_pts: [689.0, 568.0, 640.19, 594.33, 588.66, 613.92, 533.0, 610.0, 541.0, 578.0, 584.78, 600.53, 634.9, 578.41, 667.0, 544.0]
rec: MOUTON...................
text_instance: 22
bbox: [357, 494, 167, 123]
bezier_pts: [515.0, 616.0, 448.29, 598.41, 398.82, 560.16, 357.0, 508.0, 391.0, 494.0, 418.38, 540.35, 460.69, 596.13, 523.0, 578.0]
rec: ROTHSCHILD...............
text_instance: 23
bbox: [419, 344, 357, 159]
bezier_pts: [435.0, 398.0, 543.53, 360.47, 673.32, 427.03, 775.0, 344.0, 733.0, 474.0, 626.42, 405.42, 518.69, 460.49, 419.0, 502.0]
rec: Library..................
text_instance: 24
bbox: [406, 598, 86, 51]
bezier_pts: [483.0, 648.0, 458.38, 639.21, 430.3, 627.92, 406.0, 618.0, 418.0, 598.0, 442.33, 607.0, 466.67, 616.0, 491.0, 625.0]
rec: CRIAN....................
