text_instance: 0
bbox: [226, 240, 157, 43]
bezier_pts: [226.0, 240.0, 278.0, 240.0, 330.0, 240.0, 382.0, 240.0, 382.0, 282.0, 330.0, 282.0, 278.0, 282.0, 226.0, 282.0]
rec: UPSTAIRS.................
text_instance: 1
bbox: [247, 107, 55, 49]
bezier_pts: [247.0, 145.0, 257.03, 122.79, 275.06, 108.31, 299.0, 107.0, 301.0, 124.0, 285.77, 130.24, 276.22, 144.65, 265.0, 155.0]
rec: BISTRO...................
text_instance: 2
bbox: [308, 107, 57, 50]
bezier_pts: [308.0, 107.0, 332.51, 110.22, 363.07, 121.12, 364.0, 151.0, 344.0, 156.0, 337.47, 137.98, 323.33, 134.61, 309.0, 124.0]
rec: BOUDIN...................
text_instance: 3
bbox: [250, 171, 55, 47]
bezier_pts: [301.0, 217.0, 273.65, 214.63, 257.57, 198.84, 250.0, 173.0, 263.0, 171.0, 272.14, 189.23, 283.85, 201.64, 304.0, 204.0]
rec: BOUDIN...................
text_instance: 4
bbox: [310, 171, 52, 48]
bezier_pts: [361.0, 176.0, 354.41, 198.64, 334.55, 214.45, 311.0, 218.0, 310.0, 203.0, 326.78, 197.36, 341.62, 188.69, 347.0, 171.0]
rec: BISTRO...................
text_instance: 5
bbox: [287, 138, 42, 50]
bezier_pts: [287.0, 138.0, 300.0, 138.33, 313.0, 138.67, 326.0, 139.0, 328.0, 186.0, 314.67, 186.0, 301.33, 186.0, 288.0, 186.0]
rec: B........................
