text_instance: 0
bbox: [301, 304, 55, 23]
bezier_pts: [301.0, 304.0, 319.0, 304.0, 337.0, 304.0, 355.0, 304.0, 355.0, 324.0, 337.53, 325.76, 318.92, 325.45, 301.0, 324.0]
rec: HALAL....................
text_instance: 1
bbox: [245, 309, 21, 26]
bezier_pts: [251.0, 334.0, 247.97, 325.92, 246.34, 318.1, 245.0, 309.0, 259.0, 309.0, 262.18, 312.54, 264.3, 329.02, 265.0, 331.0]
rec: THE......................
text_instance: 2
bbox: [245, 234, 56, 76]
bezier_pts: [245.0, 309.0, 243.51, 273.12, 257.17, 240.48, 297.0, 234.0, 300.0, 245.0, 274.81, 259.12, 257.69, 278.52, 259.0, 309.0]
rec: INCORPORATED.............
text_instance: 3
bbox: [299, 228, 61, 22]
bezier_pts: [299.0, 229.0, 318.78, 226.43, 339.66, 228.82, 359.0, 236.0, 354.0, 249.0, 338.54, 239.03, 320.91, 243.91, 303.0, 243.0]
rec: TRUSTEES.................
text_instance: 4
bbox: [367, 248, 27, 30]
bezier_pts: [379.0, 248.0, 385.22, 252.72, 390.18, 256.63, 393.0, 266.0, 383.0, 277.0, 389.3, 273.51, 377.61, 266.2, 367.0, 259.0]
rec: THE......................
text_instance: 5
bbox: [384, 268, 32, 51]
bezier_pts: [396.0, 268.0, 407.7, 281.73, 411.15, 298.52, 415.0, 318.0, 400.0, 316.0, 392.07, 302.9, 394.99, 288.17, 384.0, 277.0]
rec: ISLAMIC..................
text_instance: 6
bbox: [373, 317, 39, 65]
bezier_pts: [411.0, 317.0, 412.65, 342.87, 398.87, 365.63, 378.0, 381.0, 373.0, 370.0, 387.73, 356.96, 403.15, 339.11, 400.0, 317.0]
rec: COMMUNITY................
text_instance: 7
bbox: [259, 340, 34, 35]
bezier_pts: [285.0, 374.0, 274.01, 366.25, 262.51, 358.08, 259.0, 345.0, 268.0, 340.0, 276.0, 348.0, 284.0, 356.0, 292.0, 364.0]
rec: KONG.....................
text_instance: 8
bbox: [285, 366, 39, 25]
bezier_pts: [321.0, 390.0, 308.13, 388.57, 296.3, 380.76, 285.0, 374.0, 292.0, 366.0, 302.33, 369.67, 312.67, 373.33, 323.0, 377.0]
rec: HONG.....................
text_instance: 9
bbox: [340, 371, 35, 20]
bezier_pts: [374.0, 381.0, 365.87, 390.17, 352.16, 388.07, 342.0, 390.0, 340.0, 378.0, 349.33, 375.67, 358.67, 373.33, 368.0, 371.0]
rec: FUND.....................
text_instance: 10
bbox: [470, 263, 114, 109]
bezier_pts: [470.0, 326.0, 508.17, 316.18, 537.75, 278.74, 575.0, 263.0, 583.0, 297.0, 548.54, 326.17, 517.16, 356.41, 475.0, 371.0]
rec: OLDTOWn..................
text_instance: 11
bbox: [484, 345, 41, 41]
bezier_pts: [484.0, 368.0, 495.91, 359.69, 508.14, 352.81, 521.0, 345.0, 524.0, 363.0, 514.18, 372.34, 502.13, 379.55, 490.0, 385.0]
rec: WHITE....................
text_instance: 12
bbox: [521, 312, 54, 52]
bezier_pts: [521.0, 343.0, 536.0, 332.67, 551.0, 322.33, 566.0, 312.0, 574.0, 331.0, 559.5, 343.33, 543.61, 354.23, 527.0, 363.0]
rec: COFFEE...................
text_instance: 13
bbox: [353, 237, 23, 22]
bezier_pts: [358.0, 237.0, 364.05, 240.41, 370.74, 242.18, 375.0, 248.0, 369.0, 258.0, 363.67, 255.0, 358.33, 252.0, 353.0, 249.0]
rec: OF.......................
text_instance: 14
bbox: [323, 376, 18, 16]
bezier_pts: [340.0, 390.0, 334.13, 392.45, 328.52, 389.73, 323.0, 389.0, 324.0, 376.0, 328.96, 375.68, 334.16, 377.1, 339.0, 378.0]
rec: OF.......................
text_instance: 15
bbox: [491, 189, 47, 56]
bezier_pts: [491.0, 238.0, 501.62, 218.9, 505.67, 188.73, 537.0, 189.0, 533.0, 208.0, 510.85, 203.1, 507.83, 228.07, 497.0, 244.0]
rec: OLDTOWN..................
text_instance: 16
bbox: [496, 241, 48, 51]
bezier_pts: [499.0, 274.0, 523.1, 281.17, 527.06, 256.57, 538.0, 241.0, 543.0, 251.0, 531.59, 266.87, 522.35, 302.73, 496.0, 287.0]
rec: WHITECOFFEE..............
