text_instance: 0
bbox: [667, 620, 63, 33]
bezier_pts: [667.0, 620.0, 687.67, 620.0, 708.33, 620.0, 729.0, 620.0, 729.0, 652.0, 708.33, 652.0, 687.67, 652.0, 667.0, 652.0]
rec: 115......................
text_instance: 1
bbox: [617, 411, 135, 45]
bezier_pts: [617.0, 424.0, 659.0, 419.67, 701.0, 415.33, 743.0, 411.0, 751.0, 447.0, 706.33, 449.67, 661.67, 452.33, 617.0, 455.0]
rec: HOTEL....................
text_instance: 2
bbox: [485, 449, 413, 101]
bezier_pts: [485.0, 480.0, 618.9, 445.05, 763.35, 438.39, 897.0, 460.0, 890.0, 524.0, 758.0, 495.04, 626.0, 501.55, 494.0, 549.0]
rec: TIMI.....................
