text_instance: 0
bbox: [166, 403, 65, 150]
bezier_pts: [191.0, 403.0, 187.85, 448.68, 189.77, 496.73, 230.0, 527.0, 209.0, 552.0, 179.27, 508.7, 167.64, 456.12, 166.0, 406.0]
rec: KUMPULAN.................
text_instance: 1
bbox: [232, 544, 76, 55]
bezier_pts: [239.0, 544.0, 261.05, 550.62, 280.25, 575.12, 307.0, 569.0, 297.0, 598.0, 275.33, 587.33, 253.67, 576.67, 232.0, 566.0]
rec: WANG.....................
text_instance: 2
bbox: [323, 528, 126, 76]
bezier_pts: [323.0, 572.0, 366.16, 574.45, 402.29, 559.38, 430.0, 528.0, 448.0, 545.0, 419.61, 581.2, 370.43, 594.88, 328.0, 603.0]
rec: SIMPANAN.................
text_instance: 3
bbox: [441, 401, 50, 127]
bezier_pts: [441.0, 507.0, 454.95, 476.91, 466.25, 444.91, 465.0, 411.0, 483.0, 401.0, 495.43, 446.21, 492.53, 490.23, 464.0, 527.0]
rec: PEKERJA..................
