text_instance: 0
bbox: [370, 29, 225, 79]
bezier_pts: [370.0, 89.0, 432.47, 24.05, 511.63, 17.24, 594.0, 39.0, 591.0, 65.0, 520.22, 35.44, 444.36, 62.3, 387.0, 107.0]
rec: DREAMLAND................
text_instance: 1
bbox: [604, 52, 77, 78]
bezier_pts: [611.0, 52.0, 637.57, 65.22, 665.69, 82.55, 680.0, 110.0, 671.0, 129.0, 648.67, 110.67, 626.33, 92.33, 604.0, 74.0]
rec: HALL.....................
text_instance: 2
bbox: [414, 121, 72, 31]
bezier_pts: [414.0, 121.0, 437.67, 122.33, 461.33, 123.67, 485.0, 125.0, 484.0, 150.0, 462.08, 149.85, 440.31, 149.25, 418.0, 148.0]
rec: GREAT....................
text_instance: 3
bbox: [513, 127, 82, 30]
bezier_pts: [513.0, 127.0, 539.67, 128.33, 566.33, 129.67, 593.0, 131.0, 594.0, 156.0, 567.0, 154.33, 540.0, 152.67, 513.0, 151.0]
rec: CHARITY..................
text_instance: 4
bbox: [265, 106, 59, 23]
bezier_pts: [265.0, 106.0, 284.0, 107.33, 303.0, 108.67, 322.0, 110.0, 323.0, 128.0, 304.1, 126.67, 284.48, 125.77, 266.0, 123.0]
rec: FEEDING..................
text_instance: 5
bbox: [262, 123, 34, 18]
bezier_pts: [262.0, 123.0, 272.33, 123.33, 282.67, 123.67, 293.0, 124.0, 295.0, 140.0, 284.67, 139.0, 274.33, 138.0, 264.0, 137.0]
rec: TIME.....................
text_instance: 6
bbox: [608, 135, 44, 25]
bezier_pts: [609.0, 135.0, 622.84, 134.44, 634.27, 136.35, 648.0, 138.0, 651.0, 159.0, 636.67, 158.0, 622.33, 157.0, 608.0, 156.0]
rec: DAY......................
text_instance: 7
bbox: [282, 95, 27, 14]
bezier_pts: [282.0, 96.0, 290.57, 95.93, 298.92, 96.14, 308.0, 96.0, 307.0, 107.0, 298.15, 108.56, 290.67, 107.86, 282.0, 108.0]
rec: ZOO......................
text_instance: 8
bbox: [295, 125, 34, 17]
bezier_pts: [295.0, 125.0, 306.0, 125.67, 317.0, 126.33, 328.0, 127.0, 328.0, 141.0, 317.33, 140.3, 306.67, 141.13, 296.0, 138.0]
rec: 4PM......................
text_instance: 9
bbox: [265, 155, 44, 14]
bezier_pts: [267.0, 155.0, 280.33, 156.0, 293.67, 157.0, 307.0, 158.0, 308.0, 167.0, 293.64, 168.98, 279.58, 167.5, 265.0, 166.0]
rec: GRAND....................
text_instance: 10
bbox: [314, 159, 32, 14]
bezier_pts: [314.0, 159.0, 324.0, 159.33, 334.0, 159.67, 344.0, 160.0, 345.0, 171.0, 335.23, 171.9, 325.12, 171.25, 315.0, 169.0]
rec: HALL.....................
text_instance: 11
bbox: [354, 160, 15, 14]
bezier_pts: [355.0, 161.0, 359.54, 158.5, 363.71, 161.4, 368.0, 162.0, 368.0, 173.0, 363.29, 172.82, 358.52, 172.01, 354.0, 171.0]
rec: BY.......................
text_instance: 12
bbox: [377, 161, 25, 12]
bezier_pts: [377.0, 161.0, 384.0, 161.0, 391.0, 161.0, 398.0, 161.0, 401.0, 170.0, 393.25, 172.76, 385.56, 172.64, 378.0, 170.0]
rec: THE......................
text_instance: 13
bbox: [404, 162, 29, 14]
bezier_pts: [404.0, 163.0, 412.0, 163.0, 420.0, 163.0, 428.0, 163.0, 432.0, 174.0, 422.65, 175.31, 413.35, 173.35, 404.0, 172.0]
rec: SEA......................
