text_instance: 0
bbox: [572, 464, 142, 54]
bezier_pts: [572.0, 483.0, 615.2, 464.22, 660.0, 458.96, 707.0, 468.0, 713.0, 505.0, 668.77, 488.94, 618.77, 501.94, 577.0, 517.0]
rec: PRARTHANA................
text_instance: 1
bbox: [710, 472, 91, 81]
bezier_pts: [721.0, 472.0, 749.19, 484.29, 777.63, 503.49, 800.0, 526.0, 788.0, 552.0, 762.0, 536.33, 736.0, 520.67, 710.0, 505.0]
rec: SCHOOL...................
text_instance: 2
bbox: [857, 382, 49, 59]
bezier_pts: [857.0, 382.0, 872.33, 386.67, 887.67, 391.33, 903.0, 396.0, 905.0, 440.0, 889.0, 434.33, 873.0, 428.67, 857.0, 423.0]
rec: P-1......................
