text_instance: 0
bbox: [70, 167, 57, 74]
bezier_pts: [70.0, 237.0, 81.64, 214.1, 78.56, 186.74, 95.0, 167.0, 126.0, 184.0, 117.98, 202.41, 109.49, 221.43, 105.0, 240.0]
rec: YEE......................
text_instance: 1
bbox: [109, 94, 93, 81]
bezier_pts: [109.0, 153.0, 130.44, 124.25, 157.56, 102.21, 194.0, 94.0, 201.0, 119.0, 168.81, 129.19, 149.06, 154.88, 124.0, 174.0]
rec: SHUN.....................
text_instance: 2
bbox: [202, 81, 92, 37]
bezier_pts: [202.0, 88.0, 232.29, 79.86, 263.53, 78.67, 293.0, 83.0, 293.0, 113.0, 265.19, 114.36, 238.39, 116.35, 210.0, 116.0]
rec: MILK.....................
text_instance: 3
bbox: [303, 92, 129, 139]
bezier_pts: [314.0, 92.0, 374.31, 114.93, 427.88, 158.88, 431.0, 228.0, 405.0, 230.0, 389.39, 178.11, 352.68, 137.25, 303.0, 114.0]
rec: COMPANY..................
