text_instance: 0
bbox: [83, 48, 202, 78]
bezier_pts: [83.0, 73.0, 146.51, 35.69, 225.97, 40.76, 284.0, 89.0, 266.0, 125.0, 222.01, 79.29, 158.73, 64.92, 106.0, 111.0]
rec: TRACK....................
text_instance: 1
bbox: [42, 289, 271, 110]
bezier_pts: [66.0, 289.0, 125.94, 380.19, 220.32, 393.53, 290.0, 301.0, 312.0, 320.0, 231.53, 442.14, 113.92, 424.28, 42.0, 306.0]
rec: CROSSING.................
text_instance: 2
bbox: [112, 128, 126, 193]
bezier_pts: [117.0, 129.0, 158.05, 128.56, 194.06, 129.63, 235.0, 135.0, 237.0, 320.0, 194.91, 319.53, 153.71, 316.34, 112.0, 310.0]
rec: 4........................
