text_instance: 0
bbox: [53, 182, 59, 11]
bezier_pts: [53.0, 182.0, 72.33, 182.0, 91.67, 182.0, 111.0, 182.0, 111.0, 191.0, 91.67, 191.0, 72.33, 191.0, 53.0, 191.0]
rec: INDEPENDENT..............
text_instance: 1
bbox: [199, 181, 58, 11]
bezier_pts: [199.0, 181.0, 218.0, 181.0, 237.0, 181.0, 256.0, 181.0, 256.0, 190.0, 237.02, 191.72, 217.8, 191.58, 199.0, 190.0]
rec: ODDFELLOWS...............
text_instance: 2
bbox: [21, 182, 78, 31]
bezier_pts: [31.0, 182.0, 52.11, 190.02, 72.74, 201.32, 96.0, 198.0, 98.0, 211.0, 70.14, 212.73, 40.69, 215.41, 21.0, 189.0]
rec: MANCHESTER...............
text_instance: 3
bbox: [98, 191, 38, 20]
bezier_pts: [98.0, 199.0, 110.33, 196.33, 122.67, 193.67, 135.0, 191.0, 133.0, 204.0, 123.7, 208.08, 113.53, 208.65, 103.0, 210.0]
rec: UNITY....................
text_instance: 4
bbox: [111, 183, 27, 11]
bezier_pts: [111.0, 183.0, 119.67, 183.33, 128.33, 183.67, 137.0, 184.0, 137.0, 192.0, 128.28, 193.85, 119.65, 193.42, 111.0, 191.0]
rec: ORDER....................
text_instance: 5
bbox: [185, 192, 61, 21]
bezier_pts: [190.0, 192.0, 208.0, 194.33, 226.0, 196.67, 244.0, 199.0, 245.0, 211.0, 226.23, 213.12, 201.8, 211.97, 185.0, 203.0]
rec: FRIENDLY.................
text_instance: 6
bbox: [247, 181, 49, 30]
bezier_pts: [247.0, 199.0, 260.3, 188.61, 277.34, 195.76, 288.0, 181.0, 295.0, 191.0, 286.75, 213.24, 263.89, 209.83, 247.0, 210.0]
rec: SOCIETY..................
