text_instance: 0
bbox: [66, 584, 174, 71]
bezier_pts: [70.0, 609.0, 122.52, 612.72, 185.8, 621.65, 233.0, 584.0, 239.0, 629.0, 186.97, 656.65, 123.53, 653.77, 66.0, 652.0]
rec: BIRTHD...................
text_instance: 1
bbox: [264, 437, 192, 56]
bezier_pts: [264.0, 437.0, 326.63, 446.05, 385.0, 454.39, 445.0, 440.0, 455.0, 468.0, 398.24, 517.84, 326.34, 498.58, 267.0, 470.0]
rec: ISABELLA.................
text_instance: 2
bbox: [262, 578, 122, 61]
bezier_pts: [283.0, 578.0, 316.33, 579.33, 349.67, 580.67, 383.0, 582.0, 381.0, 623.0, 343.05, 644.28, 301.61, 643.43, 262.0, 631.0]
rec: 6TH......................
text_instance: 3
bbox: [398, 569, 81, 54]
bezier_pts: [398.0, 585.0, 421.67, 579.67, 445.33, 574.33, 469.0, 569.0, 478.0, 602.0, 453.33, 608.67, 428.67, 615.33, 404.0, 622.0]
rec: BIR......................
text_instance: 4
bbox: [499, 577, 215, 71]
bezier_pts: [510.0, 600.0, 571.12, 602.1, 640.17, 603.71, 697.0, 577.0, 713.0, 612.0, 652.5, 668.09, 572.24, 644.7, 499.0, 644.0]
rec: BIRTHDAY.................
