text_instance: 0
bbox: [342, 274, 42, 16]
bezier_pts: [342.0, 274.0, 355.67, 274.0, 369.33, 274.0, 383.0, 274.0, 383.0, 288.0, 369.8, 288.0, 356.06, 288.0, 342.0, 288.0]
rec: TEGAS....................
text_instance: 1
bbox: [240, 106, 81, 170]
bezier_pts: [251.0, 275.0, 226.02, 211.19, 242.4, 139.96, 308.0, 106.0, 320.0, 115.0, 264.13, 154.28, 246.16, 205.09, 268.0, 272.0]
rec: SURUHANJAYA..............
text_instance: 2
bbox: [320, 81, 175, 75]
bezier_pts: [320.0, 95.0, 390.21, 61.73, 456.55, 82.88, 494.0, 143.0, 478.0, 155.0, 441.27, 98.56, 384.51, 86.51, 326.0, 113.0]
rec: PENCEGAHAN...............
text_instance: 3
bbox: [474, 158, 37, 116]
bezier_pts: [499.0, 158.0, 521.58, 193.19, 510.08, 238.82, 491.0, 273.0, 474.0, 267.0, 487.95, 235.81, 493.23, 196.56, 481.0, 163.0]
rec: RASUAH...................
text_instance: 4
bbox: [300, 316, 134, 34]
bezier_pts: [307.0, 316.0, 342.47, 335.68, 383.94, 333.05, 421.0, 317.0, 433.0, 330.0, 391.39, 355.13, 342.93, 357.54, 300.0, 332.0]
rec: MALAYSIA.................
text_instance: 5
bbox: [328, 174, 75, 31]
bezier_pts: [328.0, 180.0, 351.61, 171.5, 376.36, 177.0, 400.0, 174.0, 402.0, 201.0, 378.67, 202.0, 355.33, 203.0, 332.0, 204.0]
rec: SPRM.....................
text_instance: 6
bbox: [397, 253, 36, 16]
bezier_pts: [397.0, 254.0, 408.67, 253.67, 420.33, 253.33, 432.0, 253.0, 432.0, 267.0, 421.51, 268.59, 411.06, 267.82, 400.0, 268.0]
rec: ADIL.....................
