text_instance: 0
bbox: [878, 429, 236, 219]
bezier_pts: [878.0, 619.0, 910.6, 517.96, 978.86, 438.74, 1088.0, 429.0, 1113.0, 481.0, 1018.35, 494.44, 964.99, 564.93, 932.0, 647.0]
rec: COBRA....................
text_instance: 1
bbox: [1132, 413, 221, 152]
bezier_pts: [1139.0, 413.0, 1222.3, 420.99, 1307.28, 459.19, 1352.0, 533.0, 1295.0, 564.0, 1256.53, 506.7, 1200.56, 479.58, 1132.0, 479.0]
rec: SHOW.....................
text_instance: 2
bbox: [952, 885, 325, 103]
bezier_pts: [969.0, 887.0, 1059.95, 959.09, 1163.17, 947.75, 1252.0, 885.0, 1276.0, 920.0, 1182.41, 1007.44, 1052.93, 1013.94, 952.0, 932.0]
rec: THAILAND.................
