text_instance: 0
bbox: [218, 408, 82, 39]
bezier_pts: [218.0, 408.0, 245.0, 408.0, 272.0, 408.0, 299.0, 408.0, 299.0, 446.0, 272.0, 446.0, 245.0, 446.0, 218.0, 446.0]
rec: CRUS.....................
text_instance: 1
bbox: [201, 179, 140, 51]
bezier_pts: [201.0, 179.0, 247.33, 179.0, 293.67, 179.0, 340.0, 179.0, 340.0, 228.0, 293.67, 228.0, 247.33, 228.0, 201.0, 228.0]
rec: 1837.....................
text_instance: 2
bbox: [302, 108, 31, 21]
bezier_pts: [302.0, 108.0, 312.0, 108.0, 322.0, 108.0, 332.0, 108.0, 332.0, 126.0, 322.08, 128.17, 311.67, 127.74, 302.0, 126.0]
rec: OF.......................
text_instance: 3
bbox: [72, 125, 58, 40]
bezier_pts: [72.0, 142.0, 89.33, 136.33, 106.67, 130.67, 124.0, 125.0, 129.0, 150.0, 113.0, 154.67, 97.0, 159.33, 81.0, 164.0]
rec: THE......................
text_instance: 4
bbox: [131, 112, 95, 37]
bezier_pts: [131.0, 124.0, 160.67, 120.0, 190.33, 116.0, 220.0, 112.0, 225.0, 133.0, 196.43, 139.56, 167.99, 143.1, 139.0, 148.0]
rec: FINEST...................
text_instance: 5
bbox: [227, 107, 69, 25]
bezier_pts: [227.0, 109.0, 249.33, 108.33, 271.67, 107.67, 294.0, 107.0, 295.0, 128.0, 274.0, 129.0, 253.0, 130.0, 232.0, 131.0]
rec: TEAS.....................
text_instance: 6
bbox: [337, 110, 60, 34]
bezier_pts: [342.0, 110.0, 360.0, 114.0, 378.0, 118.0, 396.0, 122.0, 391.0, 143.0, 373.0, 140.0, 355.0, 137.0, 337.0, 134.0]
rec: THE......................
text_instance: 7
bbox: [398, 123, 92, 59]
bezier_pts: [404.0, 123.0, 432.6, 131.88, 466.06, 137.83, 489.0, 159.0, 473.0, 181.0, 455.57, 156.01, 428.31, 142.6, 398.0, 143.0]
rec: WORLD....................
text_instance: 8
bbox: [108, 231, 340, 102]
bezier_pts: [117.0, 237.0, 222.33, 235.0, 327.67, 233.0, 433.0, 231.0, 447.0, 330.0, 334.28, 331.56, 220.72, 330.39, 108.0, 330.0]
rec: TWG......................
text_instance: 9
bbox: [80, 155, 91, 52]
bezier_pts: [80.0, 189.0, 107.74, 174.76, 135.84, 154.26, 169.0, 155.0, 170.0, 169.0, 138.72, 169.46, 109.07, 187.07, 85.0, 206.0]
rec: MELANGES.................
text_instance: 10
bbox: [176, 139, 66, 29]
bezier_pts: [176.0, 152.0, 196.67, 147.67, 217.33, 143.33, 238.0, 139.0, 241.0, 156.0, 220.67, 159.67, 200.33, 163.33, 180.0, 167.0]
rec: EXQUIS...................
text_instance: 11
bbox: [301, 139, 89, 31]
bezier_pts: [301.0, 139.0, 330.33, 139.11, 359.67, 144.55, 389.0, 150.0, 389.0, 169.0, 359.67, 163.67, 330.33, 158.33, 301.0, 153.0]
rec: MILLESIMES...............
text_instance: 12
bbox: [388, 152, 103, 62]
bezier_pts: [399.0, 152.0, 431.1, 164.14, 463.53, 181.14, 490.0, 201.0, 472.0, 213.0, 453.67, 184.52, 420.79, 175.36, 388.0, 165.0]
rec: DEXCEPTION...............
text_instance: 13
bbox: [187, 330, 162, 50]
bezier_pts: [187.0, 332.0, 239.67, 331.33, 292.33, 330.67, 345.0, 330.0, 348.0, 379.0, 295.33, 378.0, 242.67, 377.0, 190.0, 376.0]
rec: TEA......................
text_instance: 14
bbox: [87, 371, 120, 73]
bezier_pts: [104.0, 371.0, 133.53, 390.33, 169.83, 403.34, 206.0, 404.0, 201.0, 443.0, 162.39, 432.28, 124.08, 418.48, 87.0, 402.0]
rec: GRANDS...................
text_instance: 15
bbox: [309, 375, 154, 76]
bezier_pts: [309.0, 411.0, 354.28, 411.1, 400.46, 400.25, 441.0, 375.0, 462.0, 406.0, 413.01, 428.87, 362.34, 447.09, 310.0, 450.0]
rec: PRESTIGE.................
