text_instance: 0
bbox: [113, 114, 62, 34]
bezier_pts: [113.0, 128.0, 131.84, 119.63, 152.06, 115.2, 172.0, 114.0, 174.0, 132.0, 155.67, 137.0, 137.33, 142.0, 119.0, 147.0]
rec: SINCE....................
text_instance: 1
bbox: [177, 113, 50, 32]
bezier_pts: [177.0, 113.0, 193.22, 117.67, 210.43, 119.39, 226.0, 126.0, 216.0, 144.0, 201.65, 142.79, 187.74, 138.6, 177.0, 129.0]
rec: 1892.....................
text_instance: 2
bbox: [43, 149, 255, 83]
bezier_pts: [69.0, 153.0, 145.0, 151.67, 221.0, 150.33, 297.0, 149.0, 284.0, 220.0, 201.78, 236.84, 123.22, 225.95, 43.0, 230.0]
rec: Ferrana..................
text_instance: 3
bbox: [91, 220, 168, 66]
bezier_pts: [92.0, 223.0, 147.33, 222.0, 202.67, 221.0, 258.0, 220.0, 255.0, 280.0, 201.99, 283.28, 147.1, 285.63, 91.0, 285.0]
rec: 100......................
text_instance: 4
bbox: [118, 283, 111, 25]
bezier_pts: [118.0, 285.0, 154.67, 284.33, 191.33, 283.67, 228.0, 283.0, 227.0, 304.0, 192.09, 305.58, 158.56, 306.35, 124.0, 307.0]
rec: YEARS....................
text_instance: 5
bbox: [55, 244, 30, 47]
bezier_pts: [72.0, 244.0, 79.32, 253.67, 83.15, 264.94, 84.0, 277.0, 71.0, 290.0, 59.17, 281.95, 60.52, 264.52, 55.0, 253.0]
rec: 100......................
text_instance: 6
bbox: [78, 285, 62, 59]
bezier_pts: [86.0, 285.0, 106.64, 295.99, 116.92, 315.7, 139.0, 323.0, 130.0, 343.0, 107.1, 335.13, 88.29, 320.27, 78.0, 299.0]
rec: YEARS....................
text_instance: 7
bbox: [180, 246, 109, 103]
bezier_pts: [180.0, 326.0, 224.76, 318.58, 253.14, 287.74, 269.0, 246.0, 288.0, 249.0, 280.98, 302.08, 242.04, 341.6, 187.0, 348.0]
rec: EXCELLENCE...............
text_instance: 8
bbox: [144, 327, 34, 18]
bezier_pts: [147.0, 327.0, 156.33, 328.0, 165.67, 329.0, 175.0, 330.0, 177.0, 344.0, 166.0, 344.0, 155.0, 344.0, 144.0, 344.0]
rec: OF.......................
