text_instance: 0
bbox: [255, 41, 281, 100]
bezier_pts: [255.0, 62.0, 346.2, 22.46, 448.36, 35.85, 535.0, 85.0, 506.0, 140.0, 434.21, 97.18, 342.87, 90.94, 264.0, 132.0]
rec: APOM.....................
text_instance: 1
bbox: [78, 191, 156, 43]
bezier_pts: [78.0, 191.0, 129.0, 192.0, 180.0, 193.0, 231.0, 194.0, 233.0, 233.0, 182.17, 232.64, 131.27, 229.42, 80.0, 223.0]
rec: PENANG...................
text_instance: 2
bbox: [245, 194, 148, 42]
bezier_pts: [245.0, 194.0, 292.08, 197.32, 343.59, 191.02, 392.0, 201.0, 392.0, 235.0, 343.0, 234.0, 294.0, 233.0, 245.0, 232.0]
rec: GURNEY...................
text_instance: 3
bbox: [399, 200, 101, 40]
bezier_pts: [399.0, 200.0, 432.0, 200.67, 465.0, 201.33, 498.0, 202.0, 499.0, 239.0, 465.47, 239.15, 432.01, 235.99, 399.0, 230.0]
rec: DRIVE....................
