text_instance: 0
bbox: [4, 2, 148, 91]
bezier_pts: [4.0, 64.0, 46.46, 30.66, 96.6, 14.08, 151.0, 2.0, 148.0, 28.0, 98.51, 43.43, 43.11, 53.34, 6.0, 92.0]
rec: INOHIMITSU...............
text_instance: 1
bbox: [11, 11, 375, 142]
bezier_pts: [11.0, 80.0, 126.64, 16.18, 251.64, 10.61, 384.0, 19.0, 385.0, 112.0, 257.6, 85.58, 127.35, 83.85, 13.0, 152.0]
rec: perfood..................
text_instance: 2
bbox: [24, 201, 54, 38]
bezier_pts: [24.0, 214.0, 39.83, 202.6, 58.51, 201.66, 77.0, 201.0, 75.0, 228.0, 58.0, 231.33, 41.0, 234.67, 24.0, 238.0]
rec: Drink....................
text_instance: 3
bbox: [81, 200, 32, 37]
bezier_pts: [83.0, 200.0, 92.67, 200.0, 102.33, 200.0, 112.0, 200.0, 110.0, 236.0, 100.33, 235.0, 90.67, 234.0, 81.0, 233.0]
rec: up.......................
text_instance: 4
bbox: [117, 195, 54, 39]
bezier_pts: [121.0, 195.0, 138.1, 195.76, 154.0, 199.6, 170.0, 202.0, 163.0, 233.0, 147.67, 230.33, 132.33, 227.67, 117.0, 225.0]
rec: the......................
text_instance: 5
bbox: [173, 202, 117, 58]
bezier_pts: [179.0, 202.0, 216.87, 212.19, 259.33, 210.46, 289.0, 238.0, 279.0, 259.0, 243.67, 249.33, 208.33, 239.67, 173.0, 230.0]
rec: rainbow..................
text_instance: 6
bbox: [296, 238, 76, 69]
bezier_pts: [310.0, 238.0, 330.33, 249.33, 350.67, 260.67, 371.0, 272.0, 357.0, 306.0, 336.67, 292.67, 316.33, 279.33, 296.0, 266.0]
rec: keep.....................
text_instance: 7
bbox: [364, 281, 81, 84]
bezier_pts: [377.0, 281.0, 402.78, 294.14, 434.81, 311.66, 444.0, 341.0, 432.0, 364.0, 413.69, 338.77, 394.35, 315.25, 364.0, 303.0]
rec: healthy..................
