text_instance: 0
bbox: [28, 67, 229, 82]
bezier_pts: [28.0, 101.0, 101.29, 58.35, 180.85, 68.35, 256.0, 67.0, 255.0, 120.0, 189.86, 110.72, 117.36, 108.53, 58.0, 148.0]
rec: PARADISE.................
text_instance: 1
bbox: [264, 71, 96, 81]
bezier_pts: [276.0, 71.0, 303.69, 81.66, 333.05, 91.92, 359.0, 107.0, 347.0, 151.0, 319.33, 140.33, 291.67, 129.67, 264.0, 119.0]
rec: CAFE.....................
text_instance: 2
bbox: [97, 190, 210, 42]
bezier_pts: [97.0, 190.0, 165.0, 190.0, 233.0, 190.0, 301.0, 190.0, 306.0, 231.0, 237.33, 231.0, 168.67, 231.0, 100.0, 231.0]
rec: GATHERING................
