text_instance: 0
bbox: [48, 42, 90, 70]
bezier_pts: [48.0, 96.0, 61.99, 55.09, 93.94, 43.18, 137.0, 42.0, 136.0, 69.0, 99.83, 54.42, 78.5, 82.79, 63.0, 111.0]
rec: SPORTING.................
text_instance: 1
bbox: [137, 53, 48, 61]
bezier_pts: [145.0, 53.0, 163.63, 61.38, 179.36, 79.39, 184.0, 100.0, 169.0, 113.0, 170.38, 91.62, 151.4, 79.83, 137.0, 70.0]
rec: NEWS.....................
text_instance: 2
bbox: [51, 156, 33, 47]
bezier_pts: [69.0, 156.0, 73.67, 165.33, 78.33, 174.67, 83.0, 184.0, 72.0, 202.0, 61.38, 195.91, 62.97, 178.65, 51.0, 169.0]
rec: SEE......................
text_instance: 3
bbox: [93, 190, 77, 38]
bezier_pts: [98.0, 200.0, 119.68, 216.9, 141.63, 206.01, 159.0, 190.0, 169.0, 204.0, 151.15, 234.02, 121.01, 231.75, 93.0, 222.0]
rec: DIFFERENT................
text_instance: 4
bbox: [163, 152, 28, 46]
bezier_pts: [163.0, 182.0, 166.29, 171.71, 177.11, 164.18, 175.0, 152.0, 190.0, 157.0, 183.74, 171.17, 187.4, 188.95, 174.0, 197.0]
rec: GAME.....................
text_instance: 5
bbox: [79, 98, 85, 74]
bezier_pts: [84.0, 98.0, 108.8, 98.06, 136.13, 97.51, 161.0, 101.0, 163.0, 171.0, 135.0, 171.0, 107.0, 171.0, 79.0, 171.0]
rec: SN.......................
text_instance: 6
bbox: [75, 189, 26, 32]
bezier_pts: [86.0, 189.0, 91.22, 192.57, 94.78, 196.42, 100.0, 200.0, 93.0, 220.0, 87.0, 215.33, 81.0, 210.67, 75.0, 206.0]
rec: A........................
