text_instance: 0
bbox: [149, 82, 138, 45]
bezier_pts: [149.0, 89.0, 194.67, 84.0, 238.56, 83.45, 286.0, 82.0, 279.0, 115.0, 239.62, 111.14, 193.45, 110.76, 156.0, 126.0]
rec: REASON...................
text_instance: 1
bbox: [293, 84, 39, 40]
bezier_pts: [293.0, 84.0, 305.67, 87.67, 318.33, 91.33, 331.0, 95.0, 321.0, 123.0, 311.67, 121.0, 302.33, 119.0, 293.0, 117.0]
rec: to.......................
text_instance: 2
bbox: [123, 120, 227, 55]
bezier_pts: [123.0, 140.0, 193.4, 111.14, 278.88, 109.96, 349.0, 137.0, 346.0, 174.0, 280.08, 155.1, 210.63, 146.66, 143.0, 170.0]
rec: CELEBRATE................
text_instance: 3
bbox: [173, 158, 54, 44]
bezier_pts: [173.0, 167.0, 186.67, 164.0, 200.33, 161.0, 214.0, 158.0, 226.0, 187.0, 214.0, 191.67, 202.0, 196.33, 190.0, 201.0]
rec: No.......................
text_instance: 4
bbox: [234, 162, 66, 39]
bezier_pts: [240.0, 162.0, 259.67, 165.0, 279.33, 168.0, 299.0, 171.0, 293.0, 200.0, 273.33, 198.33, 253.67, 196.67, 234.0, 195.0]
rec: 285......................
text_instance: 5
bbox: [134, 256, 162, 48]
bezier_pts: [134.0, 256.0, 187.66, 259.03, 239.55, 275.36, 295.0, 257.0, 293.0, 303.0, 243.68, 309.06, 188.55, 276.05, 139.0, 297.0]
rec: Managed..................
text_instance: 6
bbox: [306, 265, 41, 32]
bezier_pts: [308.0, 265.0, 320.67, 265.67, 333.33, 266.33, 346.0, 267.0, 344.0, 291.0, 331.51, 295.02, 318.67, 295.51, 306.0, 295.0]
rec: to.......................
text_instance: 7
bbox: [114, 292, 92, 38]
bezier_pts: [114.0, 292.0, 143.67, 293.0, 173.33, 294.0, 203.0, 295.0, 205.0, 329.0, 176.33, 328.67, 147.67, 328.33, 119.0, 328.0]
rec: adult....................
text_instance: 8
bbox: [213, 295, 67, 39]
bezier_pts: [213.0, 295.0, 235.0, 296.33, 257.0, 297.67, 279.0, 299.0, 279.0, 332.0, 258.0, 332.33, 237.0, 332.67, 216.0, 333.0]
rec: ALl......................
text_instance: 9
bbox: [291, 303, 75, 34]
bezier_pts: [293.0, 303.0, 317.0, 303.67, 341.0, 304.33, 365.0, 305.0, 364.0, 336.0, 339.59, 336.14, 314.52, 335.08, 291.0, 332.0]
rec: DAY......................
text_instance: 10
bbox: [165, 331, 143, 50]
bezier_pts: [165.0, 331.0, 212.33, 335.67, 259.67, 340.33, 307.0, 345.0, 303.0, 380.0, 260.2, 377.31, 218.6, 374.47, 175.0, 371.0]
rec: Winning..................
