text_instance: 0
bbox: [85, 530, 837, 308]
bezier_pts: [85.0, 577.0, 379.16, 464.45, 665.89, 559.64, 921.0, 713.0, 893.0, 837.0, 678.44, 696.37, 444.22, 589.1, 191.0, 727.0]
rec: Cutlers..................
text_instance: 1
bbox: [201, 741, 413, 173]
bezier_pts: [249.0, 741.0, 360.36, 804.6, 484.04, 844.52, 613.0, 849.0, 611.0, 913.0, 466.37, 901.79, 327.35, 853.32, 201.0, 789.0]
rec: COMPACT..................
text_instance: 2
bbox: [643, 827, 225, 95]
bezier_pts: [643.0, 855.0, 710.33, 845.67, 777.67, 836.33, 845.0, 827.0, 867.0, 887.0, 799.05, 901.17, 730.61, 912.41, 661.0, 921.0]
rec: DISCS....................
text_instance: 3
bbox: [119, 897, 693, 251]
bezier_pts: [121.0, 897.0, 346.33, 929.0, 571.67, 961.0, 797.0, 993.0, 811.0, 1147.0, 580.33, 1115.67, 349.67, 1084.33, 119.0, 1053.0]
rec: ENTER....................
