text_instance: 0
bbox: [220, 196, 75, 42]
bezier_pts: [220.0, 196.0, 244.67, 196.0, 269.33, 196.0, 294.0, 196.0, 294.0, 237.0, 269.33, 237.0, 244.67, 237.0, 220.0, 237.0]
rec: BOY......................
text_instance: 1
bbox: [21, 131, 111, 102]
bezier_pts: [23.0, 144.0, 58.6, 131.61, 94.49, 134.31, 131.0, 131.0, 121.0, 229.0, 87.0, 232.39, 54.63, 232.53, 21.0, 232.0]
rec: HM.......................
text_instance: 2
bbox: [228, 447, 52, 29]
bezier_pts: [228.0, 447.0, 245.0, 447.0, 262.0, 447.0, 279.0, 447.0, 279.0, 475.0, 262.0, 475.0, 245.0, 475.0, 228.0, 475.0]
rec: PPf......................
text_instance: 3
bbox: [190, 295, 128, 57]
bezier_pts: [192.0, 295.0, 232.33, 295.67, 272.67, 296.33, 313.0, 297.0, 317.0, 348.0, 274.98, 350.64, 232.85, 349.88, 190.0, 348.0]
rec: FILA.....................
text_instance: 4
bbox: [208, 416, 55, 71]
bezier_pts: [209.0, 486.0, 198.8, 446.17, 217.21, 416.32, 262.0, 416.0, 262.0, 431.0, 226.35, 426.0, 210.05, 454.5, 225.0, 484.0]
rec: POPULAR..................
text_instance: 5
bbox: [271, 420, 29, 67]
bezier_pts: [273.0, 420.0, 303.7, 433.23, 304.24, 458.9, 293.0, 486.0, 285.0, 481.0, 286.67, 462.65, 289.1, 444.45, 271.0, 432.0]
rec: TOPICS...................
text_instance: 6
bbox: [55, 511, 45, 18]
bezier_pts: [56.0, 511.0, 70.33, 512.67, 84.67, 514.33, 99.0, 516.0, 99.0, 528.0, 84.33, 525.67, 69.67, 523.33, 55.0, 521.0]
rec: HIPANDA..................
