text_instance: 0
bbox: [168, 301, 84, 257]
bezier_pts: [201.0, 557.0, 174.81, 472.59, 151.48, 383.7, 195.0, 301.0, 241.0, 318.0, 197.5, 395.51, 217.02, 478.47, 251.0, 556.0]
rec: BUDAPESTI................
text_instance: 1
bbox: [299, 135, 319, 83]
bezier_pts: [299.0, 183.0, 398.26, 126.47, 507.12, 122.9, 617.0, 152.0, 607.0, 191.0, 516.41, 154.15, 405.67, 163.38, 323.0, 217.0]
rec: ELEKTROMOS...............
text_instance: 2
bbox: [372, 631, 349, 98]
bezier_pts: [383.0, 661.0, 483.4, 694.57, 580.94, 695.84, 672.0, 631.0, 720.0, 653.0, 620.65, 736.98, 490.9, 740.31, 372.0, 714.0]
rec: TULAJDONA................
text_instance: 3
bbox: [736, 290, 85, 172]
bezier_pts: [768.0, 290.0, 813.0, 337.27, 818.99, 399.75, 820.0, 458.0, 774.0, 461.0, 778.61, 403.32, 771.11, 345.42, 736.0, 300.0]
rec: MUVEK....................
