text_instance: 0
bbox: [660, 555, 294, 119]
bezier_pts: [663.0, 557.0, 758.5, 537.96, 856.61, 596.31, 952.0, 588.0, 953.0, 655.0, 855.33, 661.0, 757.67, 667.0, 660.0, 673.0]
rec: Sann.....................
text_instance: 1
bbox: [290, 461, 414, 102]
bezier_pts: [298.0, 496.0, 429.38, 457.36, 564.27, 458.03, 692.0, 466.0, 703.0, 546.0, 567.18, 513.07, 431.3, 536.17, 290.0, 562.0]
rec: CENTER...................
text_instance: 2
bbox: [284, 556, 340, 138]
bezier_pts: [307.0, 556.0, 412.33, 559.0, 517.67, 562.0, 623.0, 565.0, 622.0, 648.0, 508.27, 663.4, 396.03, 678.54, 284.0, 693.0]
rec: Khao.....................
