text_instance: 0
bbox: [611, 1096, 384, 226]
bezier_pts: [611.0, 1316.0, 698.29, 1033.62, 899.26, 1019.25, 994.0, 1307.0, 919.0, 1318.0, 880.56, 1129.33, 727.59, 1142.74, 688.0, 1321.0]
rec: DJURGARDS................
text_instance: 1
bbox: [652, 1361, 314, 140]
bezier_pts: [694.0, 1364.0, 767.9, 1434.51, 852.84, 1435.07, 920.0, 1361.0, 965.0, 1416.0, 869.58, 1512.34, 745.94, 1525.77, 652.0, 1422.0]
rec: FARJAN...................
text_instance: 2
bbox: [764, 1259, 103, 77]
bezier_pts: [764.0, 1263.0, 793.45, 1259.96, 823.09, 1257.23, 852.0, 1263.0, 866.0, 1330.0, 833.33, 1331.67, 800.67, 1333.33, 768.0, 1335.0]
rec: w........................
