text_instance: 0
bbox: [103, 191, 177, 49]
bezier_pts: [103.0, 194.0, 161.67, 193.0, 220.33, 192.0, 279.0, 191.0, 276.0, 237.0, 221.21, 238.15, 164.82, 238.56, 110.0, 238.0]
rec: VIP......................
text_instance: 1
bbox: [76, 317, 220, 77]
bezier_pts: [76.0, 361.0, 136.95, 297.04, 228.25, 299.51, 295.0, 356.0, 257.0, 393.0, 212.82, 360.94, 157.05, 361.71, 111.0, 390.0]
rec: WORLD....................
text_instance: 2
bbox: [138, 381, 73, 27]
bezier_pts: [138.0, 392.0, 159.55, 372.13, 186.97, 382.94, 210.0, 386.0, 204.0, 405.0, 188.36, 387.47, 166.51, 391.53, 151.0, 407.0]
rec: LONG.....................
text_instance: 3
bbox: [146, 402, 66, 19]
bezier_pts: [152.0, 402.0, 170.56, 414.48, 187.77, 408.32, 204.0, 403.0, 211.0, 414.0, 189.48, 417.67, 167.71, 418.4, 146.0, 416.0]
rec: BEACH....................
text_instance: 4
bbox: [58, 398, 246, 100]
bezier_pts: [90.0, 404.0, 140.39, 434.03, 204.99, 449.85, 252.0, 398.0, 303.0, 428.0, 245.06, 529.25, 134.31, 523.31, 58.0, 447.0]
rec: FAMOUS...................
text_instance: 5
bbox: [270, 536, 158, 39]
bezier_pts: [270.0, 545.0, 321.0, 542.0, 372.0, 539.0, 423.0, 536.0, 427.0, 561.0, 375.53, 568.08, 322.97, 571.97, 272.0, 574.0]
rec: RECORDS..................
text_instance: 6
bbox: [250, 610, 102, 38]
bezier_pts: [250.0, 617.0, 283.33, 614.67, 316.67, 612.33, 350.0, 610.0, 351.0, 640.0, 319.91, 643.42, 288.56, 645.78, 257.0, 647.0]
rec: TAPES....................
text_instance: 7
bbox: [396, 604, 64, 37]
bezier_pts: [396.0, 611.0, 415.33, 608.67, 434.67, 606.33, 454.0, 604.0, 459.0, 632.0, 440.33, 634.67, 421.67, 637.33, 403.0, 640.0]
rec: CDS......................
