text_instance: 0
bbox: [525, 86, 175, 111]
bezier_pts: [525.0, 148.0, 575.87, 114.8, 632.81, 93.34, 695.0, 86.0, 699.0, 148.0, 655.31, 165.94, 609.52, 182.55, 563.0, 196.0]
rec: Nasi.....................
text_instance: 1
bbox: [731, 78, 199, 123]
bezier_pts: [740.0, 78.0, 807.41, 87.27, 872.22, 112.87, 929.0, 150.0, 901.0, 200.0, 850.74, 157.63, 779.35, 183.85, 731.0, 141.0]
rec: Lemak....................
text_instance: 2
bbox: [598, 164, 83, 64]
bezier_pts: [598.0, 189.0, 617.93, 170.66, 645.21, 170.1, 669.0, 164.0, 680.0, 202.0, 660.83, 212.29, 639.94, 219.24, 620.0, 227.0]
rec: ICE......................
text_instance: 3
bbox: [693, 144, 159, 81]
bezier_pts: [709.0, 144.0, 758.05, 151.24, 805.61, 158.99, 851.0, 182.0, 839.0, 224.0, 790.33, 214.0, 741.67, 204.0, 693.0, 194.0]
rec: Cream....................
text_instance: 4
bbox: [1054, 260, 137, 93]
bezier_pts: [1054.0, 260.0, 1097.33, 264.67, 1140.67, 269.33, 1184.0, 274.0, 1190.0, 352.0, 1147.33, 352.0, 1104.67, 352.0, 1062.0, 352.0]
rec: Sea......................
text_instance: 5
bbox: [241, 286, 139, 83]
bezier_pts: [245.0, 316.0, 287.32, 295.75, 334.81, 293.71, 379.0, 286.0, 375.0, 348.0, 330.88, 357.66, 286.34, 364.23, 241.0, 368.0]
rec: 007......................
text_instance: 6
bbox: [177, 376, 53, 37]
bezier_pts: [179.0, 388.0, 195.0, 384.0, 211.0, 380.0, 227.0, 376.0, 229.0, 402.0, 211.81, 406.93, 194.35, 410.31, 177.0, 412.0]
rec: BOND.....................
text_instance: 7
bbox: [245, 360, 65, 41]
bezier_pts: [245.0, 376.0, 265.67, 370.67, 286.33, 365.33, 307.0, 360.0, 309.0, 386.0, 289.63, 393.69, 269.42, 398.19, 249.0, 400.0]
rec: CHIPS....................
text_instance: 8
bbox: [311, 350, 65, 43]
bezier_pts: [311.0, 362.0, 331.67, 358.0, 352.33, 354.0, 373.0, 350.0, 375.0, 372.0, 356.71, 381.52, 337.28, 388.23, 317.0, 392.0]
rec: BOND.....................
text_instance: 9
bbox: [1025, 710, 45, 23]
bezier_pts: [1027.0, 712.0, 1041.0, 713.0, 1055.0, 714.0, 1069.0, 715.0, 1068.0, 731.0, 1053.4, 732.95, 1039.34, 732.49, 1025.0, 729.0]
rec: Cheese...................
text_instance: 10
bbox: [1067, 715, 34, 20]
bezier_pts: [1073.0, 717.0, 1082.0, 717.33, 1091.0, 717.67, 1100.0, 718.0, 1097.0, 734.0, 1087.0, 733.67, 1077.0, 733.33, 1067.0, 733.0]
rec: Ball.....................
