text_instance: 0
bbox: [254, 303, 116, 45]
bezier_pts: [254.0, 303.0, 292.0, 305.88, 332.33, 304.79, 369.0, 321.0, 358.0, 347.0, 327.88, 324.11, 291.95, 330.13, 257.0, 331.0]
rec: CAVIAR...................
text_instance: 1
bbox: [363, 329, 80, 182]
bezier_pts: [382.0, 329.0, 446.68, 372.24, 456.99, 440.17, 430.0, 510.0, 399.0, 491.0, 435.74, 439.51, 411.51, 384.66, 363.0, 349.0]
rec: PETROSSIAN...............
text_instance: 2
bbox: [346, 500, 77, 66]
bezier_pts: [422.0, 512.0, 408.22, 534.5, 390.81, 562.13, 360.0, 565.0, 346.0, 547.0, 364.33, 531.33, 382.67, 515.67, 401.0, 500.0]
rec: PARIS....................
text_instance: 3
bbox: [161, 422, 22, 59]
bezier_pts: [175.0, 422.0, 175.56, 438.92, 172.56, 457.69, 182.0, 473.0, 164.0, 480.0, 165.68, 460.81, 159.51, 442.59, 161.0, 423.0]
rec: CAVIAR...................
text_instance: 4
bbox: [197, 336, 35, 28]
bezier_pts: [231.0, 348.0, 223.67, 353.0, 216.33, 358.0, 209.0, 363.0, 197.0, 353.0, 204.9, 345.58, 213.41, 339.71, 224.0, 336.0]
rec: 125......................
text_instance: 5
bbox: [162, 475, 33, 33]
bezier_pts: [179.0, 475.0, 184.0, 484.0, 189.0, 493.0, 194.0, 502.0, 182.0, 507.0, 170.92, 500.27, 173.42, 484.85, 162.0, 479.0]
rec: MAL......................
text_instance: 6
bbox: [194, 518, 32, 29]
bezier_pts: [204.0, 518.0, 211.0, 523.33, 218.0, 528.67, 225.0, 534.0, 215.0, 546.0, 208.0, 540.0, 201.0, 534.0, 194.0, 528.0]
rec: OL.......................
text_instance: 7
bbox: [279, 556, 43, 18]
bezier_pts: [280.0, 556.0, 292.67, 556.33, 305.33, 556.67, 318.0, 557.0, 321.0, 572.0, 306.87, 574.15, 292.98, 572.65, 279.0, 571.0]
rec: 43/8OZ...................
