text_instance: 0
bbox: [277, 41, 876, 315]
bezier_pts: [277.0, 280.0, 559.8, -25.93, 891.26, -9.63, 1152.0, 301.0, 1099.0, 355.0, 874.8, 72.64, 583.76, 67.07, 360.0, 343.0]
rec: COSENTINOS...............
text_instance: 1
bbox: [29, 307, 1289, 593]
bezier_pts: [59.0, 473.0, 466.11, 317.93, 905.32, 356.52, 1317.0, 307.0, 1295.0, 737.0, 881.15, 753.57, 444.31, 875.0, 29.0, 899.0]
rec: Market...................
text_instance: 2
bbox: [335, 957, 847, 270]
bezier_pts: [421.0, 957.0, 626.32, 1117.08, 884.51, 1161.06, 1105.0, 977.0, 1181.0, 1095.0, 911.86, 1265.63, 586.57, 1262.7, 335.0, 1053.0]
rec: DOWNTOWN.................
