text_instance: 0
bbox: [287, 392, 301, 67]
bezier_pts: [299.0, 392.0, 393.67, 396.67, 488.33, 401.33, 583.0, 406.0, 587.0, 458.0, 487.0, 452.67, 387.0, 447.33, 287.0, 442.0]
rec: SELAMAT..................
text_instance: 1
bbox: [603, 410, 257, 51]
bezier_pts: [603.0, 410.0, 685.0, 410.67, 767.0, 411.33, 849.0, 412.0, 859.0, 460.0, 776.33, 457.33, 693.67, 454.67, 611.0, 452.0]
rec: DATANG...................
text_instance: 2
bbox: [277, 642, 245, 103]
bezier_pts: [277.0, 694.0, 351.22, 662.74, 429.6, 644.77, 511.0, 642.0, 521.0, 694.0, 452.33, 710.67, 383.67, 727.33, 315.0, 744.0]
rec: TAMAN....................
text_instance: 3
bbox: [559, 636, 279, 129]
bezier_pts: [567.0, 636.0, 664.59, 646.94, 765.46, 657.67, 837.0, 722.0, 831.0, 764.0, 740.33, 738.67, 649.67, 713.33, 559.0, 688.0]
rec: NEGARA...................
text_instance: 4
bbox: [303, 950, 535, 91]
bezier_pts: [305.0, 950.0, 482.33, 956.0, 659.67, 962.0, 837.0, 968.0, 827.0, 1040.0, 652.33, 1034.67, 477.67, 1029.33, 303.0, 1024.0]
rec: SIMILAJAU................
text_instance: 5
bbox: [411, 1046, 191, 43]
bezier_pts: [413.0, 1046.0, 473.0, 1048.67, 533.0, 1051.33, 593.0, 1054.0, 601.0, 1088.0, 537.67, 1085.33, 474.33, 1082.67, 411.0, 1080.0]
rec: NATIONAL.................
text_instance: 6
bbox: [613, 1052, 105, 43]
bezier_pts: [613.0, 1052.0, 647.67, 1054.0, 682.33, 1056.0, 717.0, 1058.0, 717.0, 1094.0, 683.67, 1092.67, 650.33, 1091.33, 617.0, 1090.0]
rec: PARK.....................
text_instance: 7
bbox: [487, 1088, 157, 41]
bezier_pts: [487.0, 1088.0, 538.33, 1088.0, 589.67, 1088.0, 641.0, 1088.0, 643.0, 1128.0, 594.33, 1126.67, 545.67, 1125.33, 497.0, 1124.0]
rec: BINTULU..................
