text_instance: 0
bbox: [277, 179, 53, 28]
bezier_pts: [277.0, 179.0, 294.33, 179.0, 311.67, 179.0, 329.0, 179.0, 329.0, 206.0, 311.67, 206.0, 294.33, 206.0, 277.0, 206.0]
rec: The......................
text_instance: 1
bbox: [288, 354, 46, 16]
bezier_pts: [288.0, 354.0, 303.0, 354.0, 318.0, 354.0, 333.0, 354.0, 333.0, 369.0, 318.0, 369.0, 303.0, 369.0, 288.0, 369.0]
rec: MINN.....................
text_instance: 2
bbox: [285, 295, 50, 18]
bezier_pts: [285.0, 295.0, 301.33, 295.0, 317.67, 295.0, 334.0, 295.0, 334.0, 311.0, 318.41, 311.06, 300.68, 311.2, 285.0, 311.0]
rec: MPLS.....................
text_instance: 3
bbox: [177, 120, 143, 80]
bezier_pts: [177.0, 188.0, 200.51, 125.56, 262.59, 116.91, 319.0, 120.0, 318.0, 137.0, 268.33, 133.53, 222.56, 162.82, 191.0, 199.0]
rec: BREAKFAST................
text_instance: 4
bbox: [332, 121, 39, 26]
bezier_pts: [332.0, 121.0, 345.15, 123.96, 359.66, 124.14, 370.0, 133.0, 360.0, 146.0, 350.67, 144.0, 341.33, 142.0, 332.0, 140.0]
rec: TO.......................
text_instance: 5
bbox: [378, 143, 56, 65]
bezier_pts: [382.0, 143.0, 405.03, 155.7, 423.96, 172.88, 433.0, 200.0, 424.0, 207.0, 413.38, 186.97, 396.91, 169.95, 378.0, 158.0]
rec: BEER.....................
text_instance: 6
bbox: [171, 215, 271, 69]
bezier_pts: [171.0, 215.0, 259.67, 218.0, 348.33, 221.0, 437.0, 224.0, 441.0, 282.0, 352.67, 282.95, 263.38, 281.0, 174.0, 276.0]
rec: FREEHOUSE................
