text_instance: 0
bbox: [278, 156, 148, 112]
bezier_pts: [278.0, 195.0, 312.32, 153.56, 363.73, 169.73, 406.0, 156.0, 425.0, 240.0, 381.67, 249.0, 338.33, 258.0, 295.0, 267.0]
rec: FOR......................
text_instance: 1
bbox: [421, 136, 403, 103]
bezier_pts: [421.0, 153.0, 553.02, 116.38, 684.9, 142.71, 822.0, 152.0, 823.0, 238.0, 687.55, 211.99, 561.88, 197.32, 430.0, 226.0]
rec: HEALTHIER................
text_instance: 2
bbox: [829, 160, 137, 110]
bezier_pts: [843.0, 160.0, 886.16, 167.41, 925.91, 185.96, 965.0, 199.0, 957.0, 269.0, 914.33, 258.33, 871.67, 247.67, 829.0, 237.0]
rec: LIFE.....................
