text_instance: 0
bbox: [525, 236, 616, 114]
bezier_pts: [525.0, 282.0, 731.53, 221.18, 924.99, 218.91, 1140.0, 255.0, 1135.0, 321.0, 942.76, 307.97, 731.98, 320.86, 540.0, 349.0]
rec: DEUTSCHES................
text_instance: 1
bbox: [495, 338, 832, 124]
bezier_pts: [496.0, 381.0, 766.31, 308.83, 1064.85, 300.01, 1326.0, 372.0, 1316.0, 461.0, 1048.51, 397.24, 765.99, 396.56, 495.0, 459.0]
rec: OTHEKENMUSEUM............
text_instance: 2
bbox: [357, 423, 86, 80]
bezier_pts: [357.0, 434.0, 379.57, 430.0, 397.81, 419.48, 421.0, 424.0, 442.0, 470.0, 418.0, 480.67, 394.0, 491.33, 370.0, 502.0]
rec: A........................
