text_instance: 0
bbox: [374, 105, 105, 47]
bezier_pts: [374.0, 132.0, 408.33, 123.0, 442.67, 114.0, 477.0, 105.0, 478.0, 125.0, 447.0, 133.67, 416.0, 142.33, 385.0, 151.0]
rec: PRESTON..................
text_instance: 1
bbox: [559, 107, 81, 36]
bezier_pts: [562.0, 107.0, 589.41, 111.73, 613.07, 114.46, 639.0, 125.0, 635.0, 142.0, 609.67, 136.67, 584.33, 131.33, 559.0, 126.0]
rec: PRIMARY..................
text_instance: 2
bbox: [638, 126, 66, 45]
bezier_pts: [642.0, 126.0, 663.09, 134.24, 684.19, 142.94, 703.0, 156.0, 699.0, 170.0, 678.67, 161.33, 658.33, 152.67, 638.0, 144.0]
rec: SCHOOL...................
