text_instance: 0
bbox: [321, 87, 198, 122]
bezier_pts: [321.0, 196.0, 347.52, 82.22, 428.79, 68.93, 518.0, 99.0, 507.0, 127.0, 429.68, 103.63, 368.69, 125.51, 348.0, 208.0]
rec: MONOGRAM.................
text_instance: 1
bbox: [516, 107, 80, 100]
bezier_pts: [534.0, 107.0, 567.59, 127.72, 590.0, 162.02, 595.0, 200.0, 573.0, 206.0, 552.31, 183.05, 542.47, 147.88, 516.0, 130.0]
rec: CLUB.....................
text_instance: 2
bbox: [338, 278, 118, 82]
bezier_pts: [359.0, 278.0, 383.05, 305.22, 415.99, 334.03, 455.0, 329.0, 455.0, 359.0, 407.06, 363.31, 361.65, 339.22, 338.0, 294.0]
rec: NOTRE....................
text_instance: 3
bbox: [466, 278, 114, 82]
bezier_pts: [466.0, 330.0, 499.6, 324.83, 530.5, 307.35, 551.0, 278.0, 579.0, 295.0, 554.64, 337.45, 516.62, 351.12, 473.0, 359.0]
rec: DAME.....................
