text_instance: 0
bbox: [211, 186, 181, 45]
bezier_pts: [211.0, 213.0, 268.45, 178.51, 332.01, 175.84, 391.0, 205.0, 378.0, 229.0, 327.98, 183.01, 268.94, 200.68, 217.0, 230.0]
rec: DRUGTYCPDULICHCONGDOAM...
text_instance: 1
bbox: [335, 132, 67, 41]
bezier_pts: [335.0, 143.0, 357.0, 139.33, 379.0, 135.67, 401.0, 132.0, 400.0, 164.0, 378.67, 166.67, 357.33, 169.33, 336.0, 172.0]
rec: NET......................
text_instance: 2
bbox: [213, 241, 56, 23]
bezier_pts: [215.0, 245.0, 232.33, 243.67, 249.67, 242.33, 267.0, 241.0, 268.0, 260.0, 249.67, 261.0, 231.33, 262.0, 213.0, 263.0]
rec: BANG.....................
text_instance: 3
bbox: [268, 240, 54, 21]
bezier_pts: [268.0, 242.0, 285.67, 241.33, 303.33, 240.67, 321.0, 240.0, 320.0, 260.0, 302.67, 259.67, 285.33, 259.33, 268.0, 259.0]
rec: DONG.....................
text_instance: 4
bbox: [323, 237, 59, 19]
bezier_pts: [324.0, 240.0, 342.33, 239.0, 360.67, 238.0, 379.0, 237.0, 381.0, 253.0, 362.17, 255.57, 342.11, 255.2, 323.0, 255.0]
rec: HOTEL....................
text_instance: 5
bbox: [59, 161, 69, 28]
bezier_pts: [62.0, 165.0, 83.42, 162.38, 105.61, 159.61, 127.0, 162.0, 127.0, 184.0, 104.33, 185.33, 81.67, 186.67, 59.0, 188.0]
rec: Beauty...................
text_instance: 6
bbox: [130, 158, 53, 24]
bezier_pts: [130.0, 160.0, 146.67, 159.33, 163.33, 158.67, 180.0, 158.0, 182.0, 176.0, 164.67, 177.67, 147.33, 179.33, 130.0, 181.0]
rec: Salon....................
text_instance: 7
bbox: [191, 140, 102, 44]
bezier_pts: [191.0, 158.0, 224.67, 152.0, 258.33, 146.0, 292.0, 140.0, 288.0, 168.0, 259.78, 192.35, 225.42, 173.24, 194.0, 183.0]
rec: Massage..................
text_instance: 8
bbox: [296, 141, 41, 31]
bezier_pts: [298.0, 145.0, 310.0, 143.67, 322.0, 142.33, 334.0, 141.0, 336.0, 162.0, 322.63, 166.52, 309.78, 170.03, 296.0, 170.0]
rec: Cafe.....................
