text_instance: 0
bbox: [353, 537, 61, 30]
bezier_pts: [353.0, 537.0, 373.0, 537.0, 393.0, 537.0, 413.0, 537.0, 413.0, 566.0, 393.0, 566.0, 373.0, 566.0, 353.0, 566.0]
rec: Theft....................
text_instance: 1
bbox: [364, 565, 99, 25]
bezier_pts: [364.0, 565.0, 396.67, 565.0, 429.33, 565.0, 462.0, 565.0, 462.0, 588.0, 429.33, 588.0, 396.67, 588.0, 364.0, 588.0]
rec: Prostituted..............
text_instance: 2
bbox: [417, 543, 26, 24]
bezier_pts: [417.0, 543.0, 425.33, 543.0, 433.67, 543.0, 442.0, 543.0, 442.0, 565.0, 433.67, 565.0, 425.33, 565.0, 417.0, 565.0]
rec: will.....................
text_instance: 3
bbox: [444, 545, 25, 22]
bezier_pts: [444.0, 545.0, 452.0, 545.0, 460.0, 545.0, 468.0, 545.0, 468.0, 564.0, 460.22, 565.55, 451.99, 565.54, 444.0, 564.0]
rec: be.......................
text_instance: 4
bbox: [309, 215, 208, 74]
bezier_pts: [309.0, 216.0, 375.87, 217.82, 452.49, 200.14, 516.0, 243.0, 510.0, 288.0, 444.05, 278.5, 378.15, 266.92, 313.0, 253.0]
rec: FROSTY...................
text_instance: 5
bbox: [360, 255, 125, 48]
bezier_pts: [360.0, 255.0, 398.69, 258.28, 441.19, 256.32, 480.0, 271.0, 484.0, 301.0, 442.31, 298.79, 400.82, 294.11, 360.0, 286.0]
rec: COLD.....................
text_instance: 6
bbox: [336, 292, 164, 60]
bezier_pts: [339.0, 292.0, 386.6, 292.84, 440.28, 292.95, 487.0, 307.0, 499.0, 343.0, 445.48, 363.89, 388.38, 338.45, 336.0, 333.0]
rec: BEER.....................
text_instance: 7
bbox: [306, 333, 118, 38]
bezier_pts: [306.0, 333.0, 343.11, 337.13, 382.47, 338.1, 418.0, 351.0, 423.0, 370.0, 383.77, 368.66, 345.06, 364.24, 307.0, 357.0]
rec: TIGERBEER................
text_instance: 8
bbox: [436, 352, 85, 33]
bezier_pts: [436.0, 352.0, 463.67, 354.0, 491.33, 356.0, 519.0, 358.0, 520.0, 384.0, 492.67, 381.0, 465.33, 378.0, 438.0, 375.0]
rec: GUINNESS.................
text_instance: 9
bbox: [340, 363, 72, 38]
bezier_pts: [340.0, 363.0, 362.92, 365.84, 387.41, 360.49, 409.0, 370.0, 411.0, 400.0, 388.0, 399.67, 365.0, 399.33, 342.0, 399.0]
rec: RM45.....................
text_instance: 10
bbox: [459, 375, 59, 35]
bezier_pts: [459.0, 375.0, 476.36, 377.99, 493.89, 372.45, 511.0, 381.0, 517.0, 409.0, 497.68, 407.06, 478.37, 403.24, 460.0, 397.0]
rec: RM55.....................
text_instance: 11
bbox: [360, 414, 38, 41]
bezier_pts: [360.0, 429.0, 363.38, 418.02, 374.19, 418.88, 382.0, 414.0, 397.0, 444.0, 389.67, 447.33, 382.33, 450.67, 375.0, 454.0]
rec: 5........................
text_instance: 12
bbox: [394, 406, 96, 57]
bezier_pts: [394.0, 406.0, 427.63, 405.71, 462.01, 411.66, 489.0, 433.0, 477.0, 462.0, 450.33, 454.0, 423.67, 446.0, 397.0, 438.0]
rec: MUGS.....................
text_instance: 13
bbox: [363, 447, 116, 43]
bezier_pts: [363.0, 475.0, 392.28, 430.24, 444.4, 435.46, 478.0, 475.0, 465.0, 489.0, 437.68, 473.94, 407.3, 477.57, 378.0, 486.0]
rec: BEFORE7PM................
text_instance: 14
bbox: [372, 523, 45, 28]
bezier_pts: [380.0, 523.0, 391.67, 527.0, 403.33, 531.0, 415.0, 535.0, 416.0, 550.0, 401.33, 546.0, 386.67, 542.0, 372.0, 538.0]
rec: NET......................
text_instance: 15
bbox: [416, 524, 57, 27]
bezier_pts: [416.0, 539.0, 432.33, 534.0, 448.67, 529.0, 465.0, 524.0, 472.0, 535.0, 454.83, 542.86, 436.71, 547.8, 418.0, 550.0]
rec: PRICE....................
