text_instance: 0
bbox: [76, 42, 134, 89]
bezier_pts: [76.0, 109.0, 105.82, 62.75, 154.12, 37.4, 209.0, 42.0, 208.0, 81.0, 166.38, 71.74, 127.94, 94.5, 106.0, 130.0]
rec: HOME.....................
text_instance: 1
bbox: [227, 41, 112, 89]
bezier_pts: [229.0, 41.0, 269.82, 52.39, 315.48, 70.99, 338.0, 113.0, 315.0, 129.0, 285.2, 114.16, 264.83, 78.26, 227.0, 77.0]
rec: PORT.....................
text_instance: 2
bbox: [168, 187, 86, 48]
bezier_pts: [168.0, 191.0, 194.44, 186.99, 221.77, 189.22, 250.0, 187.0, 253.0, 229.0, 228.4, 239.34, 200.29, 232.11, 174.0, 234.0]
rec: 9113.....................
