text_instance: 0
bbox: [647, 128, 200, 278]
bezier_pts: [647.0, 370.0, 656.28, 247.35, 719.65, 143.29, 846.0, 128.0, 846.0, 201.0, 730.35, 215.0, 709.16, 313.36, 709.0, 405.0]
rec: SCHOOL...................
text_instance: 1
bbox: [884, 122, 198, 226]
bezier_pts: [912.0, 122.0, 1013.4, 135.72, 1062.02, 223.95, 1081.0, 314.0, 1001.0, 347.0, 983.98, 277.45, 957.03, 223.17, 884.0, 201.0]
rec: ZONE.....................
text_instance: 2
bbox: [663, 430, 168, 184]
bezier_pts: [708.0, 430.0, 741.16, 474.77, 790.68, 501.54, 830.0, 538.0, 824.0, 613.0, 744.52, 607.43, 675.16, 566.24, 663.0, 477.0]
rec: DEAD.....................
text_instance: 3
bbox: [851, 367, 214, 244]
bezier_pts: [851.0, 537.0, 912.98, 491.44, 967.94, 436.02, 998.0, 367.0, 1064.0, 404.0, 1072.25, 519.99, 984.34, 604.16, 866.0, 610.0]
rec: SLOW.....................
