text_instance: 0
bbox: [259, 395, 183, 69]
bezier_pts: [259.0, 421.0, 312.45, 379.65, 387.11, 389.92, 441.0, 425.0, 425.0, 462.0, 378.3, 454.07, 337.85, 450.11, 292.0, 463.0]
rec: PAINS....................
text_instance: 1
bbox: [220, 647, 161, 80]
bezier_pts: [237.0, 647.0, 279.55, 673.2, 324.43, 692.34, 373.0, 694.0, 380.0, 725.0, 317.86, 733.51, 269.41, 708.45, 220.0, 677.0]
rec: TRADITION................
text_instance: 2
bbox: [388, 630, 144, 95]
bezier_pts: [388.0, 694.0, 434.91, 688.99, 475.57, 662.08, 508.0, 630.0, 531.0, 650.0, 495.66, 691.59, 445.4, 718.29, 389.0, 724.0]
rec: FRANCAISE................
text_instance: 3
bbox: [229, 741, 263, 113]
bezier_pts: [262.0, 741.0, 326.97, 795.49, 399.96, 811.82, 465.0, 742.0, 491.0, 764.0, 420.85, 891.88, 296.73, 871.75, 229.0, 760.0]
rec: BOULANGERIE..............
text_instance: 4
bbox: [182, 614, 52, 50]
bezier_pts: [206.0, 614.0, 215.0, 624.0, 224.0, 634.0, 233.0, 644.0, 214.0, 663.0, 201.54, 654.78, 190.7, 644.77, 182.0, 632.0]
rec: DE.......................
