text_instance: 0
bbox: [185, 945, 112, 46]
bezier_pts: [185.0, 945.0, 222.0, 945.0, 259.0, 945.0, 296.0, 945.0, 296.0, 990.0, 259.0, 990.0, 222.0, 990.0, 185.0, 990.0]
rec: Closed...................
text_instance: 1
bbox: [298, 863, 72, 37]
bezier_pts: [298.0, 863.0, 321.67, 863.0, 345.33, 863.0, 369.0, 863.0, 369.0, 899.0, 345.33, 899.0, 321.67, 899.0, 298.0, 899.0]
rec: Mon......................
text_instance: 2
bbox: [155, 634, 514, 95]
bezier_pts: [156.0, 638.0, 328.5, 628.93, 499.17, 634.91, 668.0, 656.0, 666.0, 726.0, 496.28, 726.63, 325.96, 724.29, 155.0, 719.0]
rec: myBurgerLab..............
text_instance: 3
bbox: [271, 1005, 48, 38]
bezier_pts: [271.0, 1005.0, 286.67, 1005.0, 302.33, 1005.0, 318.0, 1005.0, 318.0, 1042.0, 302.33, 1042.0, 286.67, 1042.0, 271.0, 1042.0]
rec: Of.......................
text_instance: 4
bbox: [97, 285, 501, 221]
bezier_pts: [97.0, 428.0, 227.06, 282.85, 415.14, 246.0, 597.0, 331.0, 549.0, 440.0, 419.08, 373.05, 276.69, 392.02, 175.0, 505.0]
rec: WELCOME..................
text_instance: 5
bbox: [560, 354, 160, 180]
bezier_pts: [638.0, 354.0, 654.22, 392.55, 691.43, 411.15, 719.0, 438.0, 628.0, 533.0, 618.14, 497.2, 583.16, 483.54, 560.0, 461.0]
rec: TO.......................
text_instance: 6
bbox: [251, 749, 289, 98]
bezier_pts: [269.0, 749.0, 359.0, 754.0, 449.0, 759.0, 539.0, 764.0, 521.0, 846.0, 431.23, 842.84, 340.53, 836.01, 251.0, 830.0]
rec: SUNWAY...................
text_instance: 7
bbox: [406, 865, 66, 43]
bezier_pts: [407.0, 865.0, 426.67, 868.0, 446.33, 871.0, 466.0, 874.0, 471.0, 906.0, 450.03, 907.23, 427.53, 905.62, 406.0, 904.0]
rec: Sun......................
text_instance: 8
bbox: [248, 900, 102, 48]
bezier_pts: [248.0, 900.0, 280.67, 903.33, 313.33, 906.67, 346.0, 910.0, 349.0, 947.0, 316.44, 944.84, 282.9, 941.79, 251.0, 938.0]
rec: 1100.....................
text_instance: 9
bbox: [376, 915, 152, 57]
bezier_pts: [376.0, 915.0, 426.33, 920.88, 478.44, 924.1, 527.0, 930.0, 524.0, 971.0, 475.0, 966.0, 426.0, 961.0, 377.0, 956.0]
rec: 1015pm...................
text_instance: 10
bbox: [303, 960, 51, 38]
bezier_pts: [303.0, 960.0, 318.67, 961.67, 334.33, 963.33, 350.0, 965.0, 353.0, 995.0, 337.11, 996.65, 321.31, 996.67, 306.0, 995.0]
rec: On.......................
text_instance: 11
bbox: [362, 965, 74, 43]
bezier_pts: [362.0, 965.0, 386.33, 967.0, 410.67, 969.0, 435.0, 971.0, 427.0, 1007.0, 406.33, 1005.33, 385.67, 1003.67, 365.0, 1002.0]
rec: First....................
text_instance: 12
bbox: [438, 974, 153, 53]
bezier_pts: [442.0, 974.0, 492.97, 978.72, 539.04, 977.27, 590.0, 990.0, 572.0, 1026.0, 527.51, 1024.24, 483.6, 1018.92, 438.0, 1013.0]
rec: Monday...................
text_instance: 13
bbox: [328, 1004, 58, 45]
bezier_pts: [329.0, 1004.0, 347.67, 1007.0, 366.33, 1010.0, 385.0, 1013.0, 379.0, 1048.0, 362.0, 1047.33, 345.0, 1046.67, 328.0, 1046.0]
rec: The......................
text_instance: 14
bbox: [385, 1013, 111, 46]
bezier_pts: [397.0, 1013.0, 430.82, 1018.05, 462.64, 1017.62, 495.0, 1023.0, 492.0, 1058.0, 456.33, 1055.67, 420.67, 1053.33, 385.0, 1051.0]
rec: MOnth....................
text_instance: 15
bbox: [174, 1031, 123, 82]
bezier_pts: [184.0, 1031.0, 221.33, 1047.67, 258.67, 1064.33, 296.0, 1081.0, 296.0, 1112.0, 254.06, 1096.81, 213.58, 1078.72, 174.0, 1058.0]
rec: BURGERS..................
text_instance: 16
bbox: [303, 1087, 92, 44]
bezier_pts: [316.0, 1087.0, 340.33, 1090.0, 364.67, 1093.0, 389.0, 1096.0, 394.0, 1129.0, 363.36, 1128.26, 333.92, 1123.71, 303.0, 1120.0]
rec: DONE.....................
text_instance: 17
bbox: [400, 1099, 93, 36]
bezier_pts: [400.0, 1102.0, 428.67, 1101.0, 457.33, 1100.0, 486.0, 1099.0, 492.0, 1130.0, 462.47, 1133.27, 431.89, 1134.1, 401.0, 1132.0]
rec: RIGH.....................
text_instance: 18
bbox: [487, 1091, 68, 42]
bezier_pts: [487.0, 1100.0, 504.67, 1097.0, 522.33, 1094.0, 540.0, 1091.0, 554.0, 1118.0, 537.76, 1124.51, 521.33, 1129.1, 504.0, 1132.0]
rec: EST......................
text_instance: 19
bbox: [554, 1069, 87, 53]
bezier_pts: [554.0, 1090.0, 575.67, 1083.0, 597.33, 1076.0, 619.0, 1069.0, 640.0, 1093.0, 613.59, 1105.06, 585.95, 1114.47, 557.0, 1121.0]
rec: 2012.....................
