text_instance: 0
bbox: [252, 67, 111, 57]
bezier_pts: [252.0, 104.0, 283.04, 63.65, 326.27, 59.39, 362.0, 95.0, 357.0, 122.0, 328.99, 78.05, 288.28, 82.94, 259.0, 123.0]
rec: ADENHART.................
text_instance: 1
bbox: [103, 190, 80, 66]
bezier_pts: [105.0, 200.0, 133.23, 174.58, 153.9, 202.57, 182.0, 214.0, 177.0, 255.0, 154.99, 239.34, 130.16, 204.16, 103.0, 241.0]
rec: ANGELS...................
text_instance: 2
bbox: [135, 252, 46, 59]
bezier_pts: [138.0, 252.0, 152.0, 256.33, 166.0, 260.67, 180.0, 265.0, 178.0, 309.0, 162.92, 308.88, 148.52, 306.09, 135.0, 301.0]
rec: 34.......................
text_instance: 3
bbox: [244, 131, 128, 153]
bezier_pts: [244.0, 132.0, 287.37, 129.42, 327.34, 132.62, 371.0, 132.0, 367.0, 283.0, 317.44, 290.21, 284.23, 247.87, 245.0, 233.0]
rec: 34.......................
