text_instance: 0
bbox: [58, 47, 83, 55]
bezier_pts: [76.0, 47.0, 97.33, 55.67, 118.67, 64.33, 140.0, 73.0, 130.0, 101.0, 105.18, 92.32, 78.19, 83.5, 58.0, 67.0]
rec: ALE......................
text_instance: 1
bbox: [167, 58, 71, 43]
bezier_pts: [167.0, 71.0, 185.67, 66.67, 204.33, 62.33, 223.0, 58.0, 237.0, 85.0, 218.18, 95.95, 197.13, 102.72, 176.0, 99.0]
rec: PIE......................
text_instance: 2
bbox: [99, 146, 105, 29]
bezier_pts: [101.0, 146.0, 134.08, 157.52, 166.82, 158.94, 202.0, 153.0, 203.0, 171.0, 167.29, 174.33, 134.69, 176.42, 99.0, 165.0]
rec: HOUSE....................
text_instance: 3
bbox: [41, 193, 39, 30]
bezier_pts: [50.0, 193.0, 59.67, 196.33, 69.33, 199.67, 79.0, 203.0, 71.0, 222.0, 60.07, 220.74, 50.18, 217.83, 41.0, 212.0]
rec: The......................
text_instance: 4
bbox: [76, 204, 38, 33]
bezier_pts: [80.0, 204.0, 91.0, 206.67, 102.0, 209.33, 113.0, 212.0, 109.0, 236.0, 98.0, 233.0, 87.0, 230.0, 76.0, 227.0]
rec: OLD......................
text_instance: 5
bbox: [110, 212, 46, 26]
bezier_pts: [113.0, 212.0, 126.0, 213.0, 139.0, 214.0, 152.0, 215.0, 155.0, 237.0, 139.91, 237.82, 124.47, 235.72, 110.0, 231.0]
rec: BANK.....................
text_instance: 6
bbox: [181, 202, 79, 36]
bezier_pts: [181.0, 215.0, 203.33, 210.67, 225.67, 206.33, 248.0, 202.0, 259.0, 218.0, 235.7, 234.12, 209.79, 238.43, 181.0, 237.0]
rec: ENGLAND..................
text_instance: 7
bbox: [155, 216, 29, 26]
bezier_pts: [156.0, 217.0, 163.67, 217.0, 171.33, 217.0, 179.0, 217.0, 183.0, 239.0, 173.67, 240.91, 164.33, 241.67, 155.0, 239.0]
rec: OF.......................
