text_instance: 0
bbox: [415, 545, 97, 31]
bezier_pts: [415.0, 545.0, 447.0, 545.0, 479.0, 545.0, 511.0, 545.0, 511.0, 574.0, 479.0, 574.0, 447.0, 574.0, 415.0, 574.0]
rec: LGK13A...................
text_instance: 1
bbox: [222, 354, 80, 58]
bezier_pts: [222.0, 393.0, 243.97, 370.04, 270.3, 358.75, 301.0, 354.0, 297.0, 376.0, 269.29, 375.94, 246.04, 391.94, 229.0, 411.0]
rec: karipap..................
text_instance: 2
bbox: [307, 348, 61, 50]
bezier_pts: [309.0, 348.0, 331.24, 355.08, 347.84, 368.34, 367.0, 381.0, 349.0, 397.0, 340.14, 373.85, 322.84, 381.55, 307.0, 375.0]
rec: ayam.....................
text_instance: 3
bbox: [145, 390, 286, 116]
bezier_pts: [145.0, 426.0, 240.0, 414.0, 335.0, 402.0, 430.0, 390.0, 429.0, 477.0, 335.42, 489.3, 241.49, 498.61, 147.0, 505.0]
rec: HOMI.....................
text_instance: 4
bbox: [193, 498, 63, 65]
bezier_pts: [211.0, 498.0, 225.67, 511.33, 240.33, 524.67, 255.0, 538.0, 252.0, 562.0, 230.32, 544.15, 210.61, 525.69, 193.0, 505.0]
rec: chicken..................
text_instance: 5
bbox: [259, 528, 67, 35]
bezier_pts: [262.0, 538.0, 280.0, 534.67, 298.0, 531.33, 316.0, 528.0, 325.0, 555.0, 303.0, 557.33, 281.0, 559.67, 259.0, 562.0]
rec: curry....................
text_instance: 6
bbox: [322, 483, 55, 61]
bezier_pts: [322.0, 522.0, 328.92, 507.95, 350.3, 503.02, 349.0, 483.0, 376.0, 493.0, 370.07, 517.23, 345.55, 521.63, 336.0, 543.0]
rec: puff.....................
