text_instance: 0
bbox: [363, 66, 230, 307]
bezier_pts: [363.0, 363.0, 360.2, 193.6, 411.6, 80.4, 584.0, 66.0, 592.0, 152.0, 481.31, 177.13, 440.84, 272.23, 430.0, 372.0]
rec: Proiet...................
text_instance: 1
bbox: [395, 572, 151, 33]
bezier_pts: [395.0, 572.0, 444.33, 572.0, 493.67, 572.0, 543.0, 572.0, 545.0, 600.0, 496.8, 603.88, 447.43, 604.57, 398.0, 604.0]
rec: PRODUCED.................
text_instance: 2
bbox: [597, 567, 171, 34]
bezier_pts: [597.0, 571.0, 652.33, 569.67, 707.67, 568.33, 763.0, 567.0, 767.0, 597.0, 711.54, 599.55, 656.86, 599.24, 601.0, 599.0]
rec: MEDICOM..................
text_instance: 3
bbox: [771, 564, 82, 36]
bezier_pts: [771.0, 566.0, 798.0, 565.33, 825.0, 564.67, 852.0, 564.0, 852.0, 597.0, 828.28, 598.42, 803.97, 598.69, 779.0, 598.0]
rec: TOY......................
text_instance: 4
bbox: [485, 220, 91, 157]
bezier_pts: [485.0, 226.0, 515.0, 224.0, 545.0, 222.0, 575.0, 220.0, 574.0, 374.0, 545.0, 374.67, 516.0, 375.33, 487.0, 376.0]
rec: 1........................
text_instance: 5
bbox: [599, 326, 137, 167]
bezier_pts: [601.0, 330.0, 641.33, 328.67, 681.67, 327.33, 722.0, 326.0, 735.0, 483.0, 688.68, 487.88, 643.86, 491.57, 599.0, 492.0]
rec: 6........................
text_instance: 6
bbox: [551, 570, 47, 32]
bezier_pts: [551.0, 571.0, 566.33, 570.67, 581.67, 570.33, 597.0, 570.0, 596.0, 601.0, 581.33, 601.0, 566.67, 601.0, 552.0, 601.0]
rec: BY.......................
