text_instance: 0
bbox: [344, 83, 543, 166]
bezier_pts: [344.0, 168.0, 506.62, 43.07, 714.91, 52.31, 886.0, 176.0, 861.0, 248.0, 708.09, 160.69, 540.09, 141.8, 389.0, 234.0]
rec: FRIENDSHIP...............
text_instance: 1
bbox: [166, 537, 123, 110]
bezier_pts: [166.0, 537.0, 206.33, 537.33, 246.67, 537.67, 287.0, 538.0, 288.0, 638.0, 247.68, 642.35, 206.66, 643.1, 166.0, 644.0]
rec: 1st......................
text_instance: 2
bbox: [336, 535, 698, 117]
bezier_pts: [338.0, 535.0, 565.0, 536.67, 792.0, 538.33, 1019.0, 540.0, 1033.0, 646.0, 801.24, 646.54, 568.18, 644.16, 336.0, 639.0]
rec: TOTTENHAM................
