text_instance: 0
bbox: [435, 244, 198, 92]
bezier_pts: [435.0, 268.0, 509.76, 211.02, 589.94, 249.67, 632.0, 322.0, 609.0, 335.0, 575.38, 282.78, 509.14, 242.9, 457.0, 300.0]
rec: BLEECKER.................
text_instance: 1
bbox: [409, 315, 243, 112]
bezier_pts: [411.0, 315.0, 490.33, 332.67, 569.67, 350.33, 649.0, 368.0, 651.0, 426.0, 569.28, 411.03, 488.64, 393.29, 409.0, 373.0]
rec: RECORDS..................
text_instance: 2
bbox: [448, 427, 170, 78]
bezier_pts: [466.0, 427.0, 505.62, 465.51, 557.11, 468.78, 604.0, 449.0, 617.0, 482.0, 560.04, 522.36, 491.97, 502.59, 448.0, 457.0]
rec: STREET...................
