text_instance: 0
bbox: [1086, 266, 61, 29]
bezier_pts: [1086.0, 266.0, 1106.0, 266.0, 1126.0, 266.0, 1146.0, 266.0, 1146.0, 294.0, 1126.0, 294.0, 1106.0, 294.0, 1086.0, 294.0]
rec: STAG.....................
text_instance: 1
bbox: [676, 284, 85, 26]
bezier_pts: [676.0, 284.0, 704.0, 284.0, 732.0, 284.0, 760.0, 284.0, 760.0, 308.0, 732.0, 308.0, 704.0, 308.0, 676.0, 308.0]
rec: STAGE....................
text_instance: 2
bbox: [48, 66, 131, 47]
bezier_pts: [60.0, 70.0, 92.94, 83.11, 127.72, 88.89, 159.0, 66.0, 178.0, 88.0, 139.13, 127.37, 88.69, 110.82, 48.0, 97.0]
rec: SOLERA...................
text_instance: 3
bbox: [463, 52, 134, 49]
bezier_pts: [475.0, 53.0, 503.57, 77.09, 540.64, 71.23, 571.0, 52.0, 596.0, 67.0, 557.08, 109.02, 510.71, 104.35, 463.0, 84.0]
rec: SOLERA...................
text_instance: 4
bbox: [861, 54, 131, 48]
bezier_pts: [870.0, 54.0, 900.0, 75.26, 937.8, 72.98, 970.0, 54.0, 991.0, 76.0, 952.78, 103.83, 905.89, 112.17, 861.0, 85.0]
rec: SOLERA...................
text_instance: 5
bbox: [198, 195, 72, 106]
bezier_pts: [198.0, 300.0, 199.85, 259.48, 213.39, 222.96, 249.0, 195.0, 269.0, 221.0, 239.67, 237.67, 239.16, 271.47, 229.0, 298.0]
rec: LIQUID...................
text_instance: 6
bbox: [269, 177, 88, 39]
bezier_pts: [269.0, 181.0, 298.45, 179.1, 328.35, 173.68, 356.0, 187.0, 345.0, 215.0, 321.67, 215.0, 298.33, 215.0, 275.0, 215.0]
rec: GOLD.....................
text_instance: 7
bbox: [356, 190, 76, 105]
bezier_pts: [370.0, 190.0, 409.36, 210.83, 428.17, 250.69, 431.0, 294.0, 396.0, 292.0, 389.49, 260.79, 384.15, 235.35, 356.0, 220.0]
rec: TOKAY....................
text_instance: 8
bbox: [262, 281, 70, 27]
bezier_pts: [262.0, 284.0, 285.0, 283.0, 308.0, 282.0, 331.0, 281.0, 331.0, 304.0, 308.67, 305.0, 286.33, 306.0, 264.0, 307.0]
rec: STAGE....................
text_instance: 9
bbox: [341, 280, 24, 24]
bezier_pts: [341.0, 280.0, 347.67, 280.0, 354.33, 280.0, 361.0, 280.0, 364.0, 302.0, 358.67, 302.33, 353.33, 302.67, 348.0, 303.0]
rec: 3........................
text_instance: 10
bbox: [250, 358, 138, 51]
bezier_pts: [267.0, 361.0, 296.6, 383.92, 334.53, 374.55, 363.0, 358.0, 387.0, 380.0, 346.73, 407.68, 297.41, 415.17, 250.0, 391.0]
rec: SOLERA...................
text_instance: 11
bbox: [613, 198, 76, 107]
bezier_pts: [613.0, 295.0, 615.33, 254.47, 632.95, 226.57, 664.0, 198.0, 688.0, 220.0, 661.81, 242.64, 654.28, 272.16, 648.0, 304.0]
rec: LIQUID...................
text_instance: 12
bbox: [688, 184, 91, 40]
bezier_pts: [688.0, 189.0, 718.98, 183.76, 748.6, 183.39, 778.0, 189.0, 769.0, 223.0, 745.33, 222.0, 721.67, 221.0, 698.0, 220.0]
rec: GOLD.....................
text_instance: 13
bbox: [766, 288, 16, 22]
bezier_pts: [766.0, 288.0, 770.33, 288.0, 774.67, 288.0, 779.0, 288.0, 781.0, 307.0, 776.88, 309.77, 771.9, 309.05, 767.0, 309.0]
rec: 3........................
text_instance: 14
bbox: [777, 198, 69, 104]
bezier_pts: [789.0, 198.0, 829.52, 218.81, 845.43, 260.02, 845.0, 301.0, 818.0, 301.0, 811.33, 274.91, 809.11, 244.17, 777.0, 232.0]
rec: TOKAY....................
text_instance: 15
bbox: [1018, 181, 74, 109]
bezier_pts: [1018.0, 282.0, 1024.23, 242.27, 1040.23, 206.62, 1072.0, 181.0, 1091.0, 200.0, 1075.96, 230.72, 1056.12, 254.53, 1051.0, 289.0]
rec: LIQUID...................
text_instance: 16
bbox: [1093, 157, 55, 46]
bezier_pts: [1093.0, 168.0, 1109.33, 164.33, 1125.67, 160.67, 1142.0, 157.0, 1147.0, 195.0, 1133.33, 197.33, 1119.67, 199.67, 1106.0, 202.0]
rec: GO.......................
text_instance: 17
bbox: [1075, 348, 75, 48]
bezier_pts: [1094.0, 348.0, 1110.67, 352.0, 1127.33, 356.0, 1144.0, 360.0, 1149.0, 395.0, 1123.7, 392.43, 1098.93, 386.48, 1075.0, 378.0]
rec: SOL......................
text_instance: 18
bbox: [666, 365, 140, 50]
bezier_pts: [681.0, 365.0, 714.88, 394.17, 750.32, 374.13, 786.0, 369.0, 805.0, 387.0, 764.07, 425.9, 715.98, 418.53, 666.0, 397.0]
rec: SOLERA...................
text_instance: 19
bbox: [6, 492, 75, 112]
bezier_pts: [6.0, 591.0, 6.35, 551.54, 25.73, 517.1, 56.0, 492.0, 80.0, 516.0, 58.53, 541.31, 41.1, 570.21, 34.0, 603.0]
rec: LIQUID...................
text_instance: 20
bbox: [80, 478, 90, 41]
bezier_pts: [80.0, 480.0, 109.87, 477.96, 140.11, 475.11, 169.0, 486.0, 158.0, 518.0, 135.33, 517.0, 112.67, 516.0, 90.0, 515.0]
rec: GOLD.....................
text_instance: 21
bbox: [167, 495, 69, 104]
bezier_pts: [185.0, 495.0, 222.62, 515.13, 239.11, 558.46, 235.0, 598.0, 203.0, 593.0, 199.72, 565.73, 188.03, 540.81, 167.0, 524.0]
rec: TOKAY....................
text_instance: 22
bbox: [68, 585, 73, 23]
bezier_pts: [69.0, 586.0, 92.67, 585.67, 116.33, 585.33, 140.0, 585.0, 138.0, 606.0, 114.64, 607.58, 90.86, 606.96, 68.0, 607.0]
rec: STAGE....................
text_instance: 23
bbox: [148, 583, 21, 24]
bezier_pts: [148.0, 583.0, 154.0, 583.67, 160.0, 584.33, 166.0, 585.0, 168.0, 605.0, 161.76, 605.75, 155.95, 605.27, 150.0, 604.0]
rec: 2........................
text_instance: 24
bbox: [50, 663, 137, 51]
bezier_pts: [68.0, 663.0, 101.62, 690.44, 138.58, 678.08, 170.0, 663.0, 186.0, 693.0, 143.15, 712.39, 95.23, 720.25, 50.0, 694.0]
rec: SOLERA...................
text_instance: 25
bbox: [402, 490, 80, 111]
bezier_pts: [402.0, 590.0, 408.29, 549.92, 425.73, 513.75, 458.0, 490.0, 481.0, 514.0, 459.46, 539.23, 439.86, 564.88, 435.0, 600.0]
rec: LIQUID...................
text_instance: 26
bbox: [478, 476, 102, 39]
bezier_pts: [478.0, 481.0, 511.29, 474.14, 546.2, 473.15, 579.0, 489.0, 557.0, 514.0, 534.67, 513.67, 512.33, 513.33, 490.0, 513.0]
rec: GOLD.....................
text_instance: 27
bbox: [568, 491, 72, 109]
bezier_pts: [587.0, 491.0, 635.28, 510.36, 631.57, 561.14, 639.0, 599.0, 608.0, 592.0, 604.84, 562.36, 589.97, 539.03, 568.0, 520.0]
rec: TOKAY....................
text_instance: 28
bbox: [469, 579, 72, 27]
bezier_pts: [469.0, 579.0, 492.33, 579.67, 515.67, 580.33, 539.0, 581.0, 540.0, 604.0, 516.67, 604.33, 493.33, 604.67, 470.0, 605.0]
rec: STAGE....................
text_instance: 29
bbox: [550, 582, 23, 24]
bezier_pts: [550.0, 582.0, 557.0, 582.33, 564.0, 582.67, 571.0, 583.0, 572.0, 605.0, 565.67, 604.33, 559.33, 603.67, 553.0, 603.0]
rec: 2........................
text_instance: 30
bbox: [446, 661, 152, 50]
bezier_pts: [467.0, 661.0, 500.58, 683.83, 539.61, 670.82, 572.0, 661.0, 597.0, 685.0, 551.07, 720.16, 495.86, 714.32, 446.0, 689.0]
rec: SOLERA...................
text_instance: 31
bbox: [830, 499, 72, 109]
bezier_pts: [830.0, 597.0, 829.29, 559.25, 844.58, 524.03, 876.0, 499.0, 901.0, 516.0, 877.77, 540.54, 866.42, 573.7, 857.0, 607.0]
rec: LIQUID...................
text_instance: 32
bbox: [904, 477, 89, 40]
bezier_pts: [904.0, 484.0, 933.43, 475.26, 962.4, 474.64, 992.0, 484.0, 982.0, 514.0, 959.67, 514.67, 937.33, 515.33, 915.0, 516.0]
rec: GOLD.....................
text_instance: 33
bbox: [995, 492, 73, 106]
bezier_pts: [1011.0, 492.0, 1049.25, 514.79, 1067.32, 549.3, 1067.0, 597.0, 1036.0, 597.0, 1033.44, 566.38, 1021.44, 539.27, 995.0, 522.0]
rec: TOKAY....................
text_instance: 34
bbox: [897, 586, 76, 25]
bezier_pts: [897.0, 587.0, 920.67, 586.67, 944.33, 586.33, 968.0, 586.0, 972.0, 607.0, 948.18, 609.05, 923.79, 610.03, 900.0, 610.0]
rec: STAGE....................
text_instance: 35
bbox: [977, 587, 24, 24]
bezier_pts: [977.0, 587.0, 983.67, 587.0, 990.33, 587.0, 997.0, 587.0, 1000.0, 607.0, 994.1, 608.73, 988.18, 610.32, 982.0, 609.0]
rec: 2........................
text_instance: 36
bbox: [211, 813, 56, 51]
bezier_pts: [211.0, 857.0, 220.63, 835.86, 234.45, 817.56, 259.0, 813.0, 266.0, 837.0, 259.33, 845.67, 252.67, 854.33, 246.0, 863.0]
rec: UID......................
text_instance: 37
bbox: [269, 794, 92, 44]
bezier_pts: [269.0, 801.0, 299.08, 795.33, 331.53, 794.15, 360.0, 805.0, 348.0, 837.0, 324.67, 836.67, 301.33, 836.33, 278.0, 836.0]
rec: GOLD.....................
text_instance: 38
bbox: [893, 663, 137, 53]
bezier_pts: [899.0, 663.0, 930.71, 695.57, 966.33, 685.87, 1002.0, 667.0, 1029.0, 691.0, 988.37, 719.59, 936.08, 721.08, 893.0, 702.0]
rec: SOLERA...................
text_instance: 39
bbox: [359, 812, 56, 48]
bezier_pts: [383.0, 812.0, 393.84, 826.16, 406.99, 839.44, 414.0, 856.0, 380.0, 859.0, 373.0, 855.0, 366.0, 851.0, 359.0, 847.0]
rec: TO.......................
text_instance: 40
bbox: [629, 805, 65, 55]
bezier_pts: [629.0, 854.0, 642.52, 837.44, 650.48, 811.27, 674.0, 805.0, 693.0, 828.0, 684.33, 838.33, 675.67, 848.67, 667.0, 859.0]
rec: UID......................
text_instance: 41
bbox: [694, 787, 94, 39]
bezier_pts: [694.0, 793.0, 723.87, 783.31, 757.77, 786.99, 787.0, 796.0, 770.0, 825.0, 748.33, 824.67, 726.67, 824.33, 705.0, 824.0]
rec: GOLD.....................
text_instance: 42
bbox: [785, 803, 60, 61]
bezier_pts: [806.0, 803.0, 818.81, 822.4, 844.84, 834.01, 844.0, 861.0, 819.0, 863.0, 807.67, 854.0, 796.33, 845.0, 785.0, 836.0]
rec: TOK......................
text_instance: 43
bbox: [1059, 805, 70, 59]
bezier_pts: [1059.0, 852.0, 1074.06, 835.15, 1089.26, 816.41, 1108.0, 805.0, 1128.0, 822.0, 1128.82, 842.5, 1108.77, 847.66, 1102.0, 863.0]
rec: UID......................
