text_instance: 0
bbox: [308, 134, 72, 62]
bezier_pts: [308.0, 181.0, 331.48, 165.54, 348.95, 147.82, 373.0, 134.0, 379.0, 164.0, 366.33, 174.33, 353.67, 184.67, 341.0, 195.0]
rec: THE......................
text_instance: 1
bbox: [380, 126, 117, 80]
bezier_pts: [380.0, 126.0, 425.38, 133.96, 472.8, 146.91, 496.0, 191.0, 473.0, 205.0, 452.47, 171.1, 422.18, 156.26, 384.0, 160.0]
rec: KNACK....................
text_instance: 2
bbox: [321, 299, 116, 70]
bezier_pts: [340.0, 299.0, 361.2, 324.88, 394.47, 343.02, 429.0, 338.0, 436.0, 368.0, 391.18, 373.15, 349.55, 353.2, 321.0, 320.0]
rec: ROUND....................
text_instance: 3
bbox: [432, 301, 68, 62]
bezier_pts: [432.0, 336.0, 454.5, 334.18, 467.39, 321.37, 477.0, 301.0, 499.0, 332.0, 480.33, 343.03, 462.58, 354.19, 443.0, 362.0]
rec: TRIP.....................
text_instance: 4
bbox: [385, 392, 43, 14]
bezier_pts: [385.0, 392.0, 398.33, 392.11, 411.67, 391.33, 425.0, 395.0, 427.0, 405.0, 413.0, 404.0, 399.0, 403.0, 385.0, 402.0]
rec: PACIFIC..................
text_instance: 5
bbox: [428, 395, 55, 13]
bezier_pts: [429.0, 395.0, 446.33, 396.0, 463.67, 397.0, 481.0, 398.0, 482.0, 407.0, 464.0, 406.33, 446.0, 405.67, 428.0, 405.0]
rec: OUTDOOR..................
