text_instance: 0
bbox: [153, 305, 43, 53]
bezier_pts: [153.0, 347.0, 159.4, 331.26, 169.41, 318.31, 179.0, 305.0, 195.0, 315.0, 193.96, 332.87, 177.01, 339.31, 177.0, 357.0]
rec: the......................
text_instance: 1
bbox: [184, 270, 90, 48]
bezier_pts: [184.0, 293.0, 208.11, 268.88, 243.0, 274.45, 273.0, 270.0, 269.0, 296.0, 243.91, 296.22, 218.41, 293.11, 202.0, 317.0]
rec: alpaca...................
text_instance: 2
bbox: [268, 278, 55, 71]
bezier_pts: [278.0, 278.0, 307.41, 288.48, 314.42, 313.48, 322.0, 337.0, 297.0, 348.0, 290.86, 328.63, 291.24, 306.91, 268.0, 300.0]
rec: shop.....................
text_instance: 3
bbox: [169, 408, 159, 60]
bezier_pts: [169.0, 425.0, 220.0, 419.33, 271.0, 413.67, 322.0, 408.0, 327.0, 452.0, 275.0, 457.0, 223.0, 462.0, 171.0, 467.0]
rec: OPEN.....................
text_instance: 4
bbox: [148, 476, 60, 25]
bezier_pts: [149.0, 481.0, 166.67, 479.33, 184.33, 477.67, 202.0, 476.0, 207.0, 496.0, 187.86, 498.0, 167.25, 498.58, 148.0, 500.0]
rec: Alpaca...................
text_instance: 5
bbox: [205, 468, 62, 31]
bezier_pts: [205.0, 475.0, 224.33, 472.67, 243.67, 470.33, 263.0, 468.0, 266.0, 493.0, 246.67, 494.67, 227.33, 496.33, 208.0, 498.0]
rec: clothing.................
text_instance: 6
bbox: [272, 461, 65, 32]
bezier_pts: [272.0, 467.0, 292.0, 465.0, 312.0, 463.0, 332.0, 461.0, 336.0, 481.0, 315.52, 487.05, 294.48, 489.95, 274.0, 492.0]
rec: including................
text_instance: 7
bbox: [340, 480, 32, 21]
bezier_pts: [340.0, 484.0, 348.33, 482.67, 356.67, 481.33, 365.0, 480.0, 371.0, 497.0, 362.04, 498.99, 353.58, 500.45, 344.0, 500.0]
rec: hats.....................
