text_instance: 0
bbox: [341, 345, 67, 33]
bezier_pts: [341.0, 345.0, 363.0, 345.0, 385.0, 345.0, 407.0, 345.0, 407.0, 376.0, 384.93, 377.71, 362.83, 377.56, 341.0, 376.0]
rec: Oldest...................
text_instance: 1
bbox: [361, 377, 53, 30]
bezier_pts: [361.0, 377.0, 378.33, 377.0, 395.67, 377.0, 413.0, 377.0, 413.0, 404.0, 395.1, 405.59, 377.89, 405.73, 361.0, 404.0]
rec: SHOP.....................
text_instance: 2
bbox: [290, 377, 69, 31]
bezier_pts: [290.0, 377.0, 312.67, 377.0, 335.33, 377.0, 358.0, 377.0, 358.0, 406.0, 335.56, 407.47, 312.09, 407.51, 290.0, 406.0]
rec: SMOKE....................
text_instance: 3
bbox: [365, 303, 35, 20]
bezier_pts: [365.0, 303.0, 376.33, 303.0, 387.67, 303.0, 399.0, 303.0, 399.0, 321.0, 387.26, 322.59, 376.53, 322.53, 365.0, 321.0]
rec: SAN......................
text_instance: 4
bbox: [235, 115, 42, 15]
bezier_pts: [235.0, 117.0, 248.33, 116.33, 261.67, 115.67, 275.0, 115.0, 276.0, 128.0, 263.0, 128.33, 250.0, 128.67, 237.0, 129.0]
rec: EXPRESS..................
text_instance: 5
bbox: [179, 294, 86, 69]
bezier_pts: [179.0, 315.0, 209.16, 320.18, 236.05, 308.5, 261.0, 294.0, 264.0, 351.0, 238.16, 364.38, 208.72, 359.95, 181.0, 359.0]
rec: PIPE.....................
text_instance: 6
bbox: [268, 217, 157, 131]
bezier_pts: [268.0, 286.0, 315.48, 260.51, 366.09, 222.24, 424.0, 217.0, 424.0, 281.0, 362.34, 262.75, 318.61, 317.63, 274.0, 347.0]
rec: DREAMS...................
text_instance: 7
bbox: [331, 326, 95, 28]
bezier_pts: [331.0, 335.0, 360.25, 326.72, 395.09, 326.41, 425.0, 327.0, 424.0, 352.0, 394.34, 339.49, 360.98, 340.85, 331.0, 353.0]
rec: FRANCISCOS...............
