text_instance: 0
bbox: [38, 754, 1267, 190]
bezier_pts: [59.0, 763.0, 468.77, 755.23, 888.58, 757.54, 1304.0, 754.0, 1286.0, 928.0, 870.18, 935.81, 453.47, 940.88, 38.0, 943.0]
rec: Sultanahmet..............
text_instance: 1
bbox: [977, 603, 415, 140]
bezier_pts: [977.0, 637.0, 1108.44, 570.62, 1263.3, 607.91, 1391.0, 655.0, 1334.0, 742.0, 1220.0, 739.0, 1106.0, 736.0, 992.0, 733.0]
rec: Tarihi...................
text_instance: 2
bbox: [926, 1015, 238, 145]
bezier_pts: [995.0, 1015.0, 1051.0, 1035.0, 1107.0, 1055.0, 1163.0, 1075.0, 1160.0, 1159.0, 1075.4, 1151.17, 981.5, 1143.99, 926.0, 1069.0]
rec: Selim....................
text_instance: 3
bbox: [1376, 751, 907, 244]
bezier_pts: [1403.0, 751.0, 1688.13, 751.78, 1986.22, 759.69, 2279.0, 778.0, 2282.0, 994.0, 1980.0, 990.0, 1678.0, 986.0, 1376.0, 982.0]
rec: Koftecisi................
text_instance: 4
bbox: [1184, 1009, 220, 163]
bezier_pts: [1184.0, 1072.0, 1245.0, 1051.0, 1306.0, 1030.0, 1367.0, 1009.0, 1403.0, 1084.0, 1332.24, 1115.67, 1260.33, 1144.83, 1187.0, 1171.0]
rec: Usta.....................
text_instance: 5
bbox: [5, 1600, 460, 169]
bezier_pts: [59.0, 1600.0, 196.01, 1604.31, 333.89, 1608.8, 464.0, 1627.0, 443.0, 1768.0, 297.92, 1764.09, 150.89, 1758.68, 5.0, 1750.0]
rec: ARIHI....................
text_instance: 6
bbox: [536, 1639, 1066, 178]
bezier_pts: [554.0, 1639.0, 904.76, 1649.33, 1253.94, 1671.34, 1601.0, 1705.0, 1598.0, 1816.0, 1245.04, 1803.61, 890.11, 1788.81, 536.0, 1771.0]
rec: SULTANAMET...............
text_instance: 7
bbox: [1709, 1717, 853, 172]
bezier_pts: [1709.0, 1717.0, 1981.65, 1728.11, 2252.24, 1733.68, 2525.0, 1756.0, 2561.0, 1888.0, 2282.0, 1875.0, 2003.0, 1862.0, 1724.0, 1849.0]
rec: KOFTECISI................
