text_instance: 0
bbox: [193, 136, 601, 200]
bezier_pts: [193.0, 297.0, 366.05, 73.6, 619.6, 67.8, 793.0, 279.0, 726.0, 330.0, 597.52, 163.73, 399.73, 167.66, 268.0, 335.0]
rec: VACATION.................
text_instance: 1
bbox: [309, 277, 398, 215]
bezier_pts: [309.0, 295.0, 438.49, 261.64, 567.16, 284.08, 695.0, 277.0, 706.0, 491.0, 573.15, 488.04, 441.27, 486.47, 309.0, 481.0]
rec: 25.......................
text_instance: 2
bbox: [349, 482, 305, 90]
bezier_pts: [349.0, 526.0, 444.03, 459.85, 544.47, 477.98, 653.0, 509.0, 626.0, 571.0, 546.52, 513.59, 452.65, 535.76, 373.0, 566.0]
rec: DOLLARS..................
text_instance: 3
bbox: [283, 610, 485, 173]
bezier_pts: [313.0, 610.0, 429.11, 705.79, 577.05, 706.05, 700.0, 629.0, 767.0, 692.0, 622.67, 799.69, 436.33, 813.35, 283.0, 715.0]
rec: VINYL....................
