text_instance: 0
bbox: [152, 94, 96, 119]
bezier_pts: [152.0, 199.0, 164.5, 154.57, 188.95, 121.17, 225.0, 94.0, 247.0, 125.0, 219.71, 148.67, 195.42, 178.05, 184.0, 212.0]
rec: EAST.....................
text_instance: 1
bbox: [240, 37, 188, 74]
bezier_pts: [240.0, 74.0, 294.06, 23.89, 364.31, 37.04, 427.0, 40.0, 422.0, 78.0, 368.42, 82.18, 308.91, 92.04, 259.0, 110.0]
rec: INDIAN...................
text_instance: 2
bbox: [429, 47, 173, 169]
bezier_pts: [450.0, 47.0, 527.37, 71.58, 579.62, 125.18, 601.0, 204.0, 562.0, 215.0, 542.98, 148.38, 490.17, 102.82, 429.0, 81.0]
rec: CUISINE..................
text_instance: 3
bbox: [15, 316, 382, 122]
bezier_pts: [38.0, 316.0, 155.4, 319.37, 274.62, 318.59, 395.0, 327.0, 396.0, 437.0, 269.0, 434.67, 142.0, 432.33, 15.0, 430.0]
rec: SPICE....................
text_instance: 4
bbox: [416, 323, 328, 133]
bezier_pts: [424.0, 323.0, 530.33, 325.33, 636.67, 327.67, 743.0, 330.0, 725.0, 455.0, 621.79, 452.65, 519.55, 448.3, 416.0, 441.0]
rec: Hut......................
