text_instance: 0
bbox: [121, 132, 123, 61]
bezier_pts: [121.0, 167.0, 160.08, 150.9, 197.31, 133.9, 238.0, 132.0, 243.0, 161.0, 202.23, 155.87, 172.89, 175.86, 139.0, 192.0]
rec: INDIAN...................
text_instance: 1
bbox: [254, 128, 239, 68]
bezier_pts: [254.0, 128.0, 331.56, 127.52, 421.35, 131.71, 492.0, 169.0, 477.0, 195.0, 411.76, 160.37, 331.95, 146.18, 257.0, 156.0]
rec: RESTAURANT...............
text_instance: 2
bbox: [141, 185, 336, 74]
bezier_pts: [141.0, 185.0, 250.51, 186.99, 365.49, 185.24, 476.0, 193.0, 476.0, 258.0, 364.16, 257.28, 252.9, 255.77, 143.0, 254.0]
rec: GANDHI...................
