text_instance: 0
bbox: [411, 307, 191, 112]
bezier_pts: [411.0, 396.0, 455.57, 340.29, 528.46, 306.07, 601.0, 307.0, 600.0, 336.0, 532.15, 335.08, 479.37, 374.67, 434.0, 418.0]
rec: MONTEREY.................
text_instance: 1
bbox: [624, 300, 220, 104]
bezier_pts: [625.0, 300.0, 701.86, 298.9, 789.28, 318.62, 843.0, 379.0, 825.0, 403.0, 769.81, 346.28, 699.96, 327.04, 624.0, 328.0]
rec: CALIFORNIA...............
text_instance: 2
bbox: [233, 418, 790, 111]
bezier_pts: [233.0, 448.0, 496.09, 432.16, 757.19, 419.27, 1022.0, 418.0, 1021.0, 489.0, 757.42, 534.7, 498.31, 517.48, 233.0, 528.0]
rec: CANNERY..................
text_instance: 3
bbox: [451, 502, 379, 97]
bezier_pts: [451.0, 520.0, 576.52, 505.78, 701.99, 506.93, 829.0, 502.0, 806.0, 579.0, 688.62, 588.13, 571.04, 594.09, 452.0, 598.0]
rec: ROW......................
text_instance: 4
bbox: [343, 627, 278, 78]
bezier_pts: [343.0, 643.0, 434.33, 637.67, 525.67, 632.33, 617.0, 627.0, 620.0, 675.0, 530.36, 709.27, 442.8, 711.73, 347.0, 696.0]
rec: BREWING..................
text_instance: 5
bbox: [631, 595, 283, 72]
bezier_pts: [631.0, 623.0, 727.36, 598.69, 815.95, 584.39, 913.0, 603.0, 913.0, 643.0, 825.08, 631.19, 724.53, 640.64, 638.0, 666.0]
rec: COMPANY..................
