text_instance: 0
bbox: [221, 174, 77, 27]
bezier_pts: [221.0, 181.0, 246.25, 176.97, 271.77, 171.47, 297.0, 182.0, 290.0, 200.0, 270.67, 199.67, 251.33, 199.33, 232.0, 199.0]
rec: Pokemon..................
text_instance: 1
bbox: [234, 193, 50, 25]
bezier_pts: [234.0, 193.0, 250.33, 193.67, 266.67, 194.33, 283.0, 195.0, 281.0, 214.0, 267.74, 217.11, 254.26, 216.52, 240.0, 216.0]
rec: GO.......................
text_instance: 2
bbox: [242, 217, 40, 17]
bezier_pts: [242.0, 219.0, 254.67, 218.67, 267.33, 218.33, 280.0, 218.0, 281.0, 233.0, 268.33, 232.67, 255.67, 232.33, 243.0, 232.0]
rec: FEST.....................
