text_instance: 0
bbox: [204, 66, 224, 156]
bezier_pts: [210.0, 75.0, 282.36, 95.32, 352.92, 65.66, 427.0, 66.0, 416.0, 207.0, 345.33, 220.5, 274.67, 221.65, 204.0, 221.0]
rec: 60.......................
text_instance: 1
bbox: [194, 227, 101, 33]
bezier_pts: [196.0, 227.0, 223.4, 245.35, 259.04, 246.91, 287.0, 230.0, 294.0, 254.0, 260.67, 256.71, 227.33, 256.38, 194.0, 253.0]
rec: ASSUNTA..................
text_instance: 2
bbox: [298, 226, 113, 31]
bezier_pts: [298.0, 231.0, 335.33, 229.33, 372.67, 227.67, 410.0, 226.0, 406.0, 252.0, 370.0, 253.33, 334.0, 254.67, 298.0, 256.0]
rec: HOSPITAL.................
text_instance: 3
bbox: [107, 352, 390, 176]
bezier_pts: [107.0, 352.0, 235.78, 386.46, 367.22, 404.91, 496.0, 418.0, 494.0, 527.0, 369.46, 503.73, 234.35, 468.73, 110.0, 470.0]
rec: Assunta..................
text_instance: 4
bbox: [217, 489, 82, 43]
bezier_pts: [220.0, 489.0, 246.0, 495.0, 272.0, 501.0, 298.0, 507.0, 295.0, 531.0, 268.14, 527.12, 242.14, 520.53, 217.0, 514.0]
rec: Heart....................
text_instance: 5
bbox: [341, 515, 55, 40]
bezier_pts: [346.0, 515.0, 362.33, 517.33, 378.67, 519.67, 395.0, 522.0, 388.0, 554.0, 372.33, 550.33, 356.67, 546.67, 341.0, 543.0]
rec: Art......................
text_instance: 6
bbox: [401, 519, 45, 58]
bezier_pts: [412.0, 519.0, 423.0, 520.67, 434.0, 522.33, 445.0, 524.0, 424.0, 576.0, 417.37, 567.12, 414.98, 565.06, 401.0, 568.0]
rec: of.......................
text_instance: 7
bbox: [439, 531, 59, 48]
bezier_pts: [449.0, 531.0, 463.27, 536.46, 481.96, 560.09, 497.0, 541.0, 496.0, 578.0, 477.0, 572.33, 458.0, 566.67, 439.0, 561.0]
rec: Car......................
