text_instance: 0
bbox: [425, 258, 71, 51]
bezier_pts: [425.0, 282.0, 446.24, 269.85, 469.58, 262.35, 495.0, 258.0, 489.0, 283.0, 473.0, 291.33, 457.0, 299.67, 441.0, 308.0]
rec: BON......................
text_instance: 1
bbox: [500, 252, 65, 80]
bezier_pts: [511.0, 252.0, 537.7, 266.75, 553.38, 289.33, 564.0, 317.0, 528.0, 331.0, 532.64, 306.33, 521.35, 291.63, 500.0, 283.0]
rec: PAIN.....................
text_instance: 2
bbox: [433, 363, 101, 39]
bezier_pts: [445.0, 369.0, 468.2, 383.3, 495.13, 393.25, 514.0, 363.0, 533.0, 381.0, 504.43, 405.72, 467.95, 401.83, 433.0, 395.0]
rec: COFFEE...................
text_instance: 3
bbox: [17, 364, 118, 84]
bezier_pts: [23.0, 367.0, 60.0, 366.0, 97.0, 365.0, 134.0, 364.0, 129.0, 437.0, 90.79, 441.68, 54.57, 444.54, 17.0, 447.0]
rec: OA.......................
text_instance: 4
bbox: [203, 439, 66, 40]
bezier_pts: [203.0, 447.0, 223.67, 444.33, 244.33, 441.67, 265.0, 439.0, 268.0, 472.0, 248.67, 474.0, 229.33, 476.0, 210.0, 478.0]
rec: CONG.....................
text_instance: 5
bbox: [273, 431, 103, 42]
bezier_pts: [273.0, 439.0, 307.0, 436.33, 341.0, 433.67, 375.0, 431.0, 375.0, 462.0, 341.0, 465.33, 307.0, 468.67, 273.0, 472.0]
rec: TYTNHH...................
text_instance: 6
bbox: [372, 426, 62, 40]
bezier_pts: [374.0, 433.0, 393.67, 430.67, 413.33, 428.33, 433.0, 426.0, 433.0, 459.0, 412.67, 461.0, 392.33, 463.0, 372.0, 465.0]
rec: MOT......................
text_instance: 7
bbox: [439, 420, 88, 43]
bezier_pts: [439.0, 428.0, 468.0, 425.33, 497.0, 422.67, 526.0, 420.0, 526.0, 453.0, 497.0, 456.0, 468.0, 459.0, 439.0, 462.0]
rec: THANH....................
text_instance: 8
bbox: [525, 414, 76, 40]
bezier_pts: [528.0, 423.0, 551.33, 420.0, 574.67, 417.0, 598.0, 414.0, 600.0, 447.0, 575.0, 449.0, 550.0, 451.0, 525.0, 453.0]
rec: VIEN.....................
text_instance: 9
bbox: [600, 403, 82, 46]
bezier_pts: [600.0, 414.0, 626.33, 410.33, 652.67, 406.67, 679.0, 403.0, 681.0, 442.0, 654.0, 444.0, 627.0, 446.0, 600.0, 448.0]
rec: RUNG.....................
text_instance: 10
bbox: [684, 398, 46, 47]
bezier_pts: [690.0, 400.0, 701.0, 399.33, 712.0, 398.67, 723.0, 398.0, 729.0, 439.0, 714.0, 440.67, 699.0, 442.33, 684.0, 444.0]
rec: CA.......................
text_instance: 11
bbox: [727, 397, 68, 43]
bezier_pts: [727.0, 401.0, 748.33, 399.67, 769.67, 398.33, 791.0, 397.0, 794.0, 434.0, 776.33, 435.67, 758.67, 437.33, 741.0, 439.0]
rec: PHE......................
text_instance: 12
bbox: [458, 444, 157, 44]
bezier_pts: [459.0, 459.0, 510.67, 454.0, 562.33, 449.0, 614.0, 444.0, 614.0, 470.0, 562.61, 477.71, 510.94, 482.34, 458.0, 487.0]
rec: DT8439321753.............
text_instance: 13
bbox: [612, 434, 193, 43]
bezier_pts: [615.0, 450.0, 678.0, 444.67, 741.0, 439.33, 804.0, 434.0, 796.0, 462.0, 734.67, 466.67, 673.33, 471.33, 612.0, 476.0]
rec: FAX8439221753............
