text_instance: 0
bbox: [682, 542, 322, 511]
bezier_pts: [682.0, 1007.0, 794.15, 870.97, 773.24, 654.2, 922.0, 542.0, 1003.0, 614.0, 862.32, 720.27, 863.22, 902.87, 817.0, 1052.0]
rec: Santa....................
text_instance: 1
bbox: [943, 272, 466, 301]
bezier_pts: [943.0, 461.0, 1060.55, 356.5, 1234.26, 328.98, 1381.0, 272.0, 1408.0, 386.0, 1257.96, 397.31, 1129.89, 490.36, 1015.0, 572.0]
rec: Claus....................
text_instance: 2
bbox: [1453, 227, 454, 235]
bezier_pts: [1472.0, 227.0, 1621.38, 253.31, 1765.29, 294.56, 1906.0, 350.0, 1858.0, 461.0, 1723.0, 428.0, 1588.0, 395.0, 1453.0, 362.0]
rec: Main.....................
text_instance: 3
bbox: [1901, 383, 310, 319]
bezier_pts: [1978.0, 383.0, 2053.93, 465.18, 2161.6, 545.13, 2210.0, 659.0, 2099.0, 701.0, 2048.83, 618.03, 1947.58, 564.52, 1901.0, 476.0]
rec: Post.....................
text_instance: 4
bbox: [727, 1181, 361, 466]
bezier_pts: [871.0, 1187.0, 917.51, 1321.22, 995.2, 1445.54, 1087.0, 1553.0, 979.0, 1646.0, 861.51, 1509.8, 767.08, 1358.59, 727.0, 1181.0]
rec: Arctic...................
text_instance: 5
bbox: [1048, 1565, 491, 271]
bezier_pts: [1147.0, 1565.0, 1257.65, 1644.33, 1395.96, 1685.58, 1534.0, 1700.0, 1538.0, 1832.0, 1356.04, 1857.77, 1184.47, 1783.08, 1048.0, 1685.0]
rec: Circle...................
text_instance: 6
bbox: [1687, 1283, 560, 547]
bezier_pts: [1687.0, 1664.0, 1913.43, 1637.59, 1987.48, 1406.93, 2129.0, 1283.0, 2246.0, 1382.0, 2137.74, 1611.78, 1946.27, 1760.39, 1699.0, 1829.0]
rec: Finland..................
text_instance: 7
bbox: [2108, 695, 228, 535]
bezier_pts: [2252.0, 695.0, 2375.82, 846.63, 2349.93, 1060.98, 2300.0, 1229.0, 2177.0, 1181.0, 2219.7, 1034.56, 2155.79, 866.78, 2108.0, 731.0]
rec: Office...................
