text_instance: 0
bbox: [560, 1190, 412, 283]
bezier_pts: [560.0, 1403.0, 645.49, 1244.34, 802.77, 1223.34, 959.0, 1190.0, 971.0, 1277.0, 827.5, 1295.2, 709.06, 1351.0, 623.0, 1472.0]
rec: HOTEL....................
text_instance: 1
bbox: [1007, 1193, 556, 340]
bezier_pts: [1022.0, 1193.0, 1230.49, 1202.42, 1447.51, 1284.18, 1562.0, 1463.0, 1481.0, 1532.0, 1380.35, 1377.52, 1193.08, 1280.13, 1007.0, 1274.0]
rec: MONACO...................
text_instance: 2
bbox: [591, 1696, 888, 284]
bezier_pts: [642.0, 1696.0, 852.6, 1918.54, 1174.72, 1931.0, 1421.0, 1747.0, 1478.0, 1823.0, 1186.99, 2059.24, 856.53, 2042.49, 591.0, 1789.0]
rec: WASHINGTON...............
