text_instance: 0
bbox: [68, 363, 73, 116]
bezier_pts: [68.0, 373.0, 80.0, 369.67, 92.0, 366.33, 104.0, 363.0, 140.0, 466.0, 128.0, 470.0, 116.0, 474.0, 104.0, 478.0]
rec: I........................
text_instance: 1
bbox: [149, 325, 264, 135]
bezier_pts: [149.0, 346.0, 237.7, 321.3, 323.59, 320.75, 412.0, 339.0, 395.0, 457.0, 326.41, 432.56, 254.3, 429.67, 184.0, 459.0]
rec: WILL.....................
text_instance: 2
bbox: [430, 352, 134, 166]
bezier_pts: [461.0, 352.0, 493.7, 377.69, 519.93, 409.97, 563.0, 415.0, 526.0, 517.0, 494.0, 497.0, 462.0, 477.0, 430.0, 457.0]
rec: BE.......................
text_instance: 3
bbox: [4, 546, 601, 280]
bezier_pts: [8.0, 616.0, 206.67, 592.67, 405.33, 569.33, 604.0, 546.0, 596.0, 759.0, 401.22, 783.49, 200.33, 826.82, 4.0, 825.0]
rec: OREVE....................
text_instance: 4
bbox: [73, 850, 278, 115]
bezier_pts: [76.0, 850.0, 167.33, 860.0, 258.67, 870.0, 350.0, 880.0, 347.0, 964.0, 254.93, 951.84, 163.77, 939.51, 73.0, 925.0]
rec: YOULL....................
text_instance: 5
bbox: [386, 864, 94, 91]
bezier_pts: [397.0, 870.0, 424.33, 868.0, 451.67, 866.0, 479.0, 864.0, 469.0, 952.0, 441.33, 952.67, 413.67, 953.33, 386.0, 954.0]
rec: BE.......................
