text_instance: 0
bbox: [476, 240, 148, 69]
bezier_pts: [476.0, 240.0, 525.0, 240.0, 574.0, 240.0, 623.0, 240.0, 623.0, 308.0, 574.0, 308.0, 525.0, 308.0, 476.0, 308.0]
rec: Porto....................
text_instance: 1
bbox: [300, 120, 193, 123]
bezier_pts: [300.0, 215.0, 339.46, 138.01, 416.46, 133.17, 492.0, 120.0, 477.0, 164.0, 427.57, 185.22, 374.1, 183.24, 353.0, 242.0]
rec: BORGO....................
text_instance: 2
bbox: [498, 118, 209, 140]
bezier_pts: [527.0, 118.0, 608.42, 138.79, 676.99, 158.93, 706.0, 240.0, 662.0, 257.0, 628.24, 182.38, 563.12, 179.79, 498.0, 166.0]
rec: ANTICO...................
text_instance: 3
bbox: [311, 282, 375, 110]
bezier_pts: [353.0, 282.0, 437.47, 362.5, 548.78, 377.38, 651.0, 301.0, 685.0, 322.0, 578.18, 440.89, 428.58, 412.62, 311.0, 322.0]
rec: RISTORANTE...............
text_instance: 4
bbox: [746, 313, 129, 117]
bezier_pts: [746.0, 313.0, 788.67, 337.0, 831.33, 361.0, 874.0, 385.0, 864.0, 429.0, 824.67, 408.0, 785.33, 387.0, 746.0, 366.0]
rec: HUDSON...................
text_instance: 5
bbox: [773, 551, 107, 87]
bezier_pts: [773.0, 551.0, 808.33, 563.67, 843.67, 576.33, 879.0, 589.0, 876.0, 637.0, 843.33, 623.67, 810.67, 610.33, 778.0, 597.0]
rec: HOUSE....................
text_instance: 6
bbox: [385, 239, 87, 60]
bezier_pts: [386.0, 240.0, 412.67, 237.98, 439.33, 240.93, 466.0, 244.0, 471.0, 297.0, 443.11, 298.35, 412.89, 297.99, 385.0, 298.0]
rec: Al.......................
text_instance: 7
bbox: [764, 610, 64, 39]
bezier_pts: [765.0, 610.0, 785.33, 617.0, 805.67, 624.0, 826.0, 631.0, 827.0, 648.0, 806.0, 641.67, 785.0, 635.33, 764.0, 629.0]
rec: TRADING..................
text_instance: 8
bbox: [827, 630, 61, 40]
bezier_pts: [830.0, 630.0, 849.0, 637.0, 868.0, 644.0, 887.0, 651.0, 886.0, 669.0, 865.76, 663.13, 846.02, 654.66, 827.0, 647.0]
rec: COMPANY..................
