text_instance: 0
bbox: [88, 49, 287, 80]
bezier_pts: [88.0, 114.0, 165.43, 41.57, 279.16, 24.67, 374.0, 72.0, 358.0, 86.0, 275.71, 58.47, 175.37, 61.99, 108.0, 128.0]
rec: DEPARTMENT...............
text_instance: 1
bbox: [142, 241, 213, 29]
bezier_pts: [145.0, 242.0, 212.24, 239.56, 283.96, 241.93, 350.0, 243.0, 354.0, 268.0, 283.33, 269.98, 212.67, 269.38, 142.0, 266.0]
rec: CALIFORNIA...............
text_instance: 2
bbox: [42, 194, 94, 150]
bezier_pts: [93.0, 194.0, 96.23, 237.28, 111.47, 271.78, 135.0, 308.0, 94.0, 343.0, 55.28, 303.89, 44.01, 250.53, 42.0, 195.0]
rec: PARKS....................
text_instance: 3
bbox: [117, 318, 97, 84]
bezier_pts: [155.0, 318.0, 174.33, 327.67, 193.67, 337.33, 213.0, 347.0, 210.0, 401.0, 177.56, 389.6, 146.79, 376.27, 117.0, 360.0]
rec: AND......................
text_instance: 4
bbox: [237, 199, 226, 205]
bezier_pts: [237.0, 354.0, 331.88, 338.61, 400.81, 307.06, 413.0, 199.0, 462.0, 201.0, 442.64, 325.67, 369.79, 406.1, 239.0, 403.0]
rec: RECREATION...............
text_instance: 5
bbox: [182, 3, 70, 21]
bezier_pts: [183.0, 3.0, 205.67, 3.0, 228.33, 3.0, 251.0, 3.0, 249.0, 21.0, 226.1, 23.57, 204.55, 23.23, 182.0, 23.0]
rec: FILL.....................
text_instance: 6
bbox: [374, 80, 55, 44]
bezier_pts: [394.0, 80.0, 405.33, 91.67, 416.67, 103.33, 428.0, 115.0, 403.0, 123.0, 397.94, 109.34, 380.39, 105.32, 374.0, 92.0]
rec: OF.......................
text_instance: 7
bbox: [176, 274, 77, 21]
bezier_pts: [176.0, 274.0, 201.33, 274.33, 226.67, 274.67, 252.0, 275.0, 251.0, 294.0, 226.0, 294.0, 201.0, 294.0, 176.0, 294.0]
rec: STATE....................
text_instance: 8
bbox: [258, 275, 69, 20]
bezier_pts: [258.0, 275.0, 280.33, 275.33, 302.67, 275.67, 325.0, 276.0, 326.0, 292.0, 303.33, 292.67, 280.67, 293.33, 258.0, 294.0]
rec: PARK.....................
text_instance: 9
bbox: [197, 296, 104, 21]
bezier_pts: [199.0, 296.0, 232.33, 296.67, 265.67, 297.33, 299.0, 298.0, 300.0, 315.0, 265.04, 315.35, 231.23, 316.48, 197.0, 314.0]
rec: SYSTEM...................
