text_instance: 0
bbox: [36, 142, 392, 136]
bezier_pts: [36.0, 183.0, 165.02, 158.03, 293.61, 152.07, 425.0, 142.0, 427.0, 238.0, 302.95, 218.27, 184.39, 243.72, 66.0, 277.0]
rec: Welcome..................
text_instance: 1
bbox: [592, 135, 236, 156]
bezier_pts: [602.0, 135.0, 678.16, 148.0, 760.55, 149.42, 827.0, 189.0, 821.0, 290.0, 744.67, 274.33, 668.33, 258.67, 592.0, 243.0]
rec: Kids.....................
text_instance: 2
bbox: [835, 176, 352, 224]
bezier_pts: [846.0, 176.0, 971.65, 185.03, 1068.59, 252.99, 1186.0, 288.0, 1177.0, 399.0, 1063.0, 362.0, 949.0, 325.0, 835.0, 288.0]
rec: Town.....................
text_instance: 3
bbox: [452, 138, 118, 106]
bezier_pts: [457.0, 138.0, 493.67, 144.0, 530.33, 150.0, 567.0, 156.0, 569.0, 243.0, 529.55, 239.37, 492.19, 233.55, 452.0, 227.0]
rec: to.......................
