text_instance: 0
bbox: [150, 54, 141, 71]
bezier_pts: [150.0, 95.0, 191.4, 67.25, 235.73, 56.3, 284.0, 54.0, 290.0, 85.0, 244.44, 95.62, 202.1, 108.76, 156.0, 124.0]
rec: SILVER...................
text_instance: 1
bbox: [299, 54, 130, 54]
bezier_pts: [299.0, 54.0, 343.92, 54.45, 385.07, 63.78, 428.0, 82.0, 419.0, 107.0, 381.1, 89.63, 339.66, 83.75, 300.0, 84.0]
rec: GULCH....................
text_instance: 2
bbox: [221, 320, 15, 53]
bezier_pts: [221.0, 320.0, 222.72, 336.47, 223.14, 354.57, 221.0, 371.0, 235.0, 372.0, 229.46, 354.42, 237.02, 338.77, 235.0, 322.0]
rec: OPEN.....................
