text_instance: 0
bbox: [380, 196, 235, 64]
bezier_pts: [380.0, 212.0, 457.0, 206.67, 534.0, 201.33, 611.0, 196.0, 614.0, 244.0, 536.47, 250.16, 460.77, 255.39, 383.0, 259.0]
rec: PREMIER..................
text_instance: 1
bbox: [390, 286, 20, 39]
bezier_pts: [390.0, 322.0, 392.15, 309.3, 397.04, 296.93, 403.0, 286.0, 409.0, 295.0, 395.7, 302.33, 400.68, 310.31, 400.0, 324.0]
rec: COLOUR...................
text_instance: 2
bbox: [409, 284, 34, 23]
bezier_pts: [409.0, 284.0, 419.57, 286.94, 433.64, 286.18, 442.0, 296.0, 435.0, 306.0, 431.54, 293.65, 420.59, 293.97, 409.0, 296.0]
rec: TISSUE...................
text_instance: 3
bbox: [394, 319, 46, 19]
bezier_pts: [439.0, 329.0, 420.64, 340.73, 410.88, 335.33, 394.0, 331.0, 398.0, 321.0, 405.57, 326.84, 425.82, 333.5, 433.0, 319.0]
rec: ORANGE...................
text_instance: 4
bbox: [451, 305, 26, 25]
bezier_pts: [451.0, 307.0, 458.0, 306.33, 465.0, 305.67, 472.0, 305.0, 476.0, 324.0, 468.29, 327.76, 459.61, 328.04, 451.0, 329.0]
rec: 80.......................
text_instance: 5
bbox: [476, 304, 30, 14]
bezier_pts: [476.0, 306.0, 485.67, 305.33, 495.33, 304.67, 505.0, 304.0, 505.0, 315.0, 495.52, 316.36, 486.27, 317.24, 477.0, 317.0]
rec: PULLS....................
text_instance: 6
bbox: [476, 315, 29, 14]
bezier_pts: [476.0, 318.0, 485.0, 317.0, 494.0, 316.0, 503.0, 315.0, 504.0, 324.0, 495.67, 325.33, 487.33, 326.67, 479.0, 328.0]
rec: HELAi....................
