text_instance: 0
bbox: [381, 501, 157, 97]
bezier_pts: [381.0, 564.0, 430.96, 557.44, 477.78, 529.63, 517.0, 501.0, 537.0, 519.0, 489.69, 546.89, 442.89, 592.17, 384.0, 597.0]
rec: SSSIDT1343...............
text_instance: 1
bbox: [532, 415, 75, 84]
bezier_pts: [532.0, 477.0, 558.96, 465.66, 562.87, 433.17, 580.0, 415.0, 606.0, 420.0, 593.0, 451.13, 574.44, 475.67, 553.0, 498.0]
rec: 122014...................
text_instance: 2
bbox: [237, 109, 224, 368]
bezier_pts: [242.0, 109.0, 314.67, 109.67, 387.33, 110.33, 460.0, 111.0, 460.0, 467.0, 386.9, 470.35, 311.58, 472.31, 237.0, 471.0]
rec: 3........................
