text_instance: 0
bbox: [5, 4, 197, 197]
bezier_pts: [7.0, 4.0, 73.0, 45.81, 139.54, 95.83, 201.0, 140.0, 195.0, 200.0, 130.83, 166.69, 64.22, 125.34, 5.0, 83.0]
rec: PRESS....................
text_instance: 1
bbox: [312, 109, 40, 64]
bezier_pts: [312.0, 172.0, 313.11, 151.02, 320.57, 128.24, 329.0, 109.0, 351.0, 117.0, 341.65, 133.11, 336.7, 152.89, 338.0, 169.0]
rec: THE......................
text_instance: 2
bbox: [339, 40, 86, 66]
bezier_pts: [339.0, 86.0, 362.82, 64.58, 392.92, 46.68, 424.0, 40.0, 421.0, 72.0, 392.46, 64.53, 372.67, 85.76, 356.0, 105.0]
rec: PRESS....................
text_instance: 3
bbox: [435, 47, 65, 89]
bezier_pts: [450.0, 47.0, 487.7, 58.81, 493.85, 87.66, 499.0, 121.0, 471.0, 135.0, 468.93, 108.24, 469.41, 80.76, 435.0, 73.0]
rec: ROOM.....................
text_instance: 4
bbox: [309, 213, 29, 63]
bezier_pts: [324.0, 213.0, 335.46, 231.11, 330.92, 251.88, 337.0, 270.0, 322.0, 275.0, 314.74, 256.4, 309.62, 237.93, 309.0, 217.0]
rec: GOOD.....................
text_instance: 5
bbox: [327, 275, 54, 51]
bezier_pts: [341.0, 275.0, 350.53, 285.69, 361.73, 304.54, 380.0, 301.0, 372.0, 325.0, 352.37, 318.06, 335.97, 307.75, 327.0, 287.0]
rec: FOOD.....................
text_instance: 6
bbox: [423, 253, 55, 58]
bezier_pts: [423.0, 290.0, 436.48, 278.47, 449.44, 268.09, 459.0, 253.0, 477.0, 269.0, 462.92, 283.62, 452.77, 302.22, 432.0, 310.0]
rec: LIVE.....................
text_instance: 7
bbox: [461, 172, 43, 88]
bezier_pts: [461.0, 249.0, 471.79, 225.68, 474.66, 199.0, 479.0, 174.0, 503.0, 172.0, 500.32, 201.52, 497.48, 231.51, 481.0, 259.0]
rec: MUSIC....................
text_instance: 8
bbox: [235, 171, 64, 87]
bezier_pts: [239.0, 171.0, 258.56, 184.41, 281.74, 194.16, 298.0, 211.0, 295.0, 257.0, 274.12, 248.31, 255.17, 236.06, 235.0, 225.0]
rec: RO.......................
