text_instance: 0
bbox: [33, 22, 421, 180]
bezier_pts: [33.0, 190.0, 127.37, -25.76, 344.51, -41.36, 453.0, 170.0, 411.0, 184.0, 328.53, 26.91, 156.66, 9.92, 94.0, 201.0]
rec: CHOCOCRO.................
text_instance: 1
bbox: [156, 223, 64, 21]
bezier_pts: [156.0, 229.0, 175.09, 220.6, 196.89, 225.97, 216.0, 223.0, 219.0, 237.0, 199.0, 239.0, 179.0, 241.0, 159.0, 243.0]
rec: SWEET....................
text_instance: 2
bbox: [240, 218, 63, 22]
bezier_pts: [240.0, 221.0, 260.67, 220.0, 281.33, 219.0, 302.0, 218.0, 302.0, 232.0, 283.24, 236.8, 263.7, 238.68, 244.0, 238.0]
rec: BITTER...................
text_instance: 3
bbox: [304, 214, 55, 19]
bezier_pts: [304.0, 218.0, 321.33, 216.67, 338.67, 215.33, 356.0, 214.0, 358.0, 227.0, 340.48, 230.36, 322.28, 230.27, 305.0, 231.0]
rec: STYLE....................
text_instance: 4
bbox: [221, 236, 62, 26]
bezier_pts: [221.0, 242.0, 238.01, 233.6, 259.23, 238.93, 277.0, 236.0, 282.0, 256.0, 261.69, 259.13, 241.18, 260.47, 221.0, 260.0]
rec: MARC.....................
text_instance: 5
bbox: [281, 233, 58, 23]
bezier_pts: [281.0, 238.0, 299.0, 236.33, 317.0, 234.67, 335.0, 233.0, 338.0, 250.0, 320.27, 254.05, 302.24, 254.8, 284.0, 253.0]
rec: CAFE.....................
text_instance: 6
bbox: [215, 261, 58, 23]
bezier_pts: [215.0, 265.0, 233.67, 263.67, 252.33, 262.33, 271.0, 261.0, 272.0, 277.0, 255.18, 281.93, 237.9, 283.8, 221.0, 283.0]
rec: SINCE....................
text_instance: 7
bbox: [272, 257, 43, 18]
bezier_pts: [272.0, 260.0, 285.33, 259.0, 298.67, 258.0, 312.0, 257.0, 314.0, 269.0, 303.27, 272.88, 291.82, 273.14, 280.0, 274.0]
rec: 1988.....................
text_instance: 8
bbox: [186, 244, 32, 21]
bezier_pts: [186.0, 246.0, 195.22, 247.15, 205.44, 241.83, 215.0, 245.0, 217.0, 261.0, 206.81, 263.38, 196.59, 264.05, 186.0, 263.0]
rec: ST.......................
