text_instance: 0
bbox: [46, 162, 132, 165]
bezier_pts: [46.0, 178.0, 84.44, 151.03, 126.98, 163.89, 169.0, 163.0, 177.0, 249.0, 138.88, 266.83, 106.1, 298.72, 71.0, 326.0]
rec: Old......................
text_instance: 1
bbox: [195, 143, 235, 167]
bezier_pts: [205.0, 150.0, 278.0, 147.67, 351.0, 145.33, 424.0, 143.0, 429.0, 309.0, 351.91, 271.92, 280.99, 243.93, 195.0, 234.0]
rec: School...................
text_instance: 2
bbox: [123, 283, 251, 120]
bezier_pts: [123.0, 386.0, 161.34, 244.24, 324.9, 234.95, 373.0, 382.0, 342.0, 402.0, 310.86, 291.43, 195.01, 290.88, 158.0, 396.0]
rec: MUNICIPAL................
text_instance: 3
bbox: [129, 437, 242, 94]
bezier_pts: [160.0, 437.0, 200.31, 521.71, 298.34, 523.49, 341.0, 437.0, 370.0, 459.0, 309.99, 571.76, 182.2, 560.03, 129.0, 450.0]
rec: RAILWAY..................
text_instance: 4
bbox: [139, 515, 79, 72]
bezier_pts: [151.0, 515.0, 168.25, 534.71, 186.37, 553.15, 215.0, 557.0, 217.0, 586.0, 183.59, 585.58, 168.65, 551.93, 139.0, 542.0]
rec: CABLE....................
text_instance: 5
bbox: [220, 553, 51, 36]
bezier_pts: [220.0, 560.0, 235.0, 557.67, 250.0, 555.33, 265.0, 553.0, 270.0, 586.0, 254.0, 586.67, 238.0, 587.33, 222.0, 588.0]
rec: CAR......................
text_instance: 6
bbox: [272, 520, 111, 68]
bezier_pts: [272.0, 555.0, 305.91, 557.42, 339.78, 543.39, 364.0, 520.0, 382.0, 541.0, 354.13, 572.26, 313.08, 587.69, 273.0, 587.0]
rec: DIVISION.................
text_instance: 7
bbox: [140, 599, 125, 75]
bezier_pts: [140.0, 599.0, 181.33, 603.33, 222.67, 607.67, 264.0, 612.0, 260.0, 651.0, 221.95, 652.47, 184.64, 659.26, 149.0, 673.0]
rec: Since....................
text_instance: 8
bbox: [272, 598, 104, 68]
bezier_pts: [282.0, 616.0, 313.0, 610.0, 344.0, 604.0, 375.0, 598.0, 375.0, 652.0, 341.05, 659.33, 306.7, 663.65, 272.0, 665.0]
rec: 1873.....................
