text_instance: 0
bbox: [446, 171, 68, 30]
bezier_pts: [446.0, 183.0, 466.96, 175.39, 489.31, 173.38, 511.0, 171.0, 513.0, 191.0, 492.0, 194.0, 471.0, 197.0, 450.0, 200.0]
rec: DENIM....................
text_instance: 1
bbox: [514, 169, 25, 25]
bezier_pts: [514.0, 172.0, 520.33, 171.0, 526.67, 170.0, 533.0, 169.0, 538.0, 189.0, 532.67, 190.33, 527.33, 191.67, 522.0, 193.0]
rec: IS.......................
text_instance: 2
bbox: [540, 169, 44, 20]
bezier_pts: [540.0, 172.0, 553.67, 171.0, 567.33, 170.0, 581.0, 169.0, 583.0, 185.0, 570.69, 187.14, 558.61, 188.05, 546.0, 188.0]
rec: OUR......................
text_instance: 3
bbox: [587, 169, 69, 23]
bezier_pts: [587.0, 169.0, 609.67, 170.33, 632.33, 171.67, 655.0, 173.0, 655.0, 191.0, 633.67, 190.0, 612.33, 189.0, 591.0, 188.0]
rec: WORLD....................
text_instance: 4
bbox: [588, 219, 42, 21]
bezier_pts: [588.0, 222.0, 601.33, 221.0, 614.67, 220.0, 628.0, 219.0, 629.0, 238.0, 617.67, 238.33, 606.33, 238.67, 595.0, 239.0]
rec: UES......................
