text_instance: 0
bbox: [460, 173, 84, 42]
bezier_pts: [460.0, 193.0, 484.89, 158.88, 517.71, 170.87, 543.0, 193.0, 529.0, 209.0, 510.26, 186.64, 485.24, 190.1, 470.0, 214.0]
rec: RABITY...................
text_instance: 1
bbox: [662, 532, 73, 105]
bezier_pts: [686.0, 532.0, 702.0, 562.33, 718.0, 592.67, 734.0, 623.0, 700.0, 636.0, 687.36, 609.04, 679.45, 583.16, 662.0, 558.0]
rec: CAUTION..................
text_instance: 2
bbox: [702, 629, 67, 90]
bezier_pts: [735.0, 629.0, 753.62, 649.03, 760.72, 676.4, 768.0, 703.0, 739.0, 718.0, 726.67, 695.0, 714.33, 672.0, 702.0, 649.0]
rec: Please...................
text_instance: 3
bbox: [739, 711, 58, 75]
bezier_pts: [763.0, 711.0, 786.54, 722.8, 790.68, 745.56, 796.0, 769.0, 765.0, 785.0, 753.82, 766.13, 743.31, 745.09, 739.0, 724.0]
rec: step.....................
