text_instance: 0
bbox: [1403, 7, 697, 192]
bezier_pts: [1403.0, 7.0, 1628.0, 7.0, 1853.0, 7.0, 2078.0, 7.0, 2099.0, 196.0, 1870.81, 196.83, 1641.18, 194.94, 1412.0, 190.0]
rec: PIYAZ....................
text_instance: 1
bbox: [8, 433, 439, 228]
bezier_pts: [8.0, 433.0, 148.0, 437.0, 288.0, 441.0, 428.0, 445.0, 446.0, 655.0, 303.0, 656.0, 160.0, 657.0, 17.0, 658.0]
rec: PCE......................
text_instance: 2
bbox: [647, 457, 1165, 197]
bezier_pts: [647.0, 457.0, 1032.0, 461.0, 1417.0, 465.0, 1802.0, 469.0, 1811.0, 649.0, 1424.05, 644.31, 1038.26, 637.75, 653.0, 628.0]
rec: KOFTECISI................
text_instance: 3
bbox: [1985, 466, 400, 184]
bezier_pts: [1985.0, 469.0, 2118.0, 468.0, 2251.0, 467.0, 2384.0, 466.0, 2384.0, 628.0, 2256.04, 637.79, 2128.82, 644.42, 2000.0, 649.0]
rec: 527......................
text_instance: 4
bbox: [579, 676, 1181, 352]
bezier_pts: [579.0, 865.0, 974.48, 592.15, 1400.51, 614.12, 1759.0, 910.0, 1676.0, 1027.0, 1335.27, 733.75, 935.86, 754.09, 605.0, 1019.0]
rec: SULTANAHMET..............
text_instance: 5
bbox: [833, 916, 667, 154]
bezier_pts: [839.0, 916.0, 1057.0, 921.0, 1275.0, 926.0, 1493.0, 931.0, 1499.0, 1069.0, 1277.0, 1067.0, 1055.0, 1065.0, 833.0, 1063.0]
rec: KOFTE....................
text_instance: 6
bbox: [608, 1105, 241, 125]
bezier_pts: [608.0, 1105.0, 689.05, 1107.1, 766.26, 1102.91, 848.0, 1111.0, 848.0, 1225.0, 773.29, 1227.03, 697.78, 1225.57, 620.0, 1225.0]
rec: Tel......................
text_instance: 7
bbox: [920, 1102, 295, 133]
bezier_pts: [941.0, 1102.0, 1031.0, 1102.0, 1121.0, 1102.0, 1211.0, 1102.0, 1214.0, 1234.0, 1116.59, 1231.64, 1018.22, 1228.14, 920.0, 1222.0]
rec: 527......................
text_instance: 8
bbox: [8, 1402, 595, 143]
bezier_pts: [8.0, 1405.0, 205.0, 1404.0, 402.0, 1403.0, 599.0, 1402.0, 602.0, 1537.0, 405.73, 1540.82, 208.25, 1542.58, 11.0, 1543.0]
rec: KEPCE....................
text_instance: 9
bbox: [830, 1405, 877, 151]
bezier_pts: [842.0, 1405.0, 1126.0, 1405.0, 1410.0, 1405.0, 1694.0, 1405.0, 1706.0, 1555.0, 1414.0, 1555.0, 1122.0, 1555.0, 830.0, 1555.0]
rec: KOFTECISI................
text_instance: 10
bbox: [1829, 1399, 232, 151]
bezier_pts: [1829.0, 1399.0, 1901.0, 1402.0, 1973.0, 1405.0, 2045.0, 1408.0, 2060.0, 1549.0, 1985.98, 1549.43, 1909.96, 1547.8, 1835.0, 1543.0]
rec: TEL......................
text_instance: 11
bbox: [2081, 1405, 211, 145]
bezier_pts: [2081.0, 1411.0, 2151.0, 1409.0, 2221.0, 1407.0, 2291.0, 1405.0, 2288.0, 1543.0, 2224.31, 1545.0, 2160.23, 1543.94, 2096.0, 1540.0]
rec: 527......................
text_instance: 12
bbox: [2417, 462, 153, 178]
bezier_pts: [2418.0, 462.0, 2468.33, 464.78, 2520.45, 460.44, 2569.0, 465.0, 2564.0, 635.0, 2515.97, 637.15, 2466.18, 638.24, 2417.0, 636.0]
rec: 7........................
text_instance: 13
bbox: [1245, 1106, 180, 124]
bezier_pts: [1249.0, 1106.0, 1307.33, 1107.33, 1365.67, 1108.67, 1424.0, 1110.0, 1420.0, 1225.0, 1361.67, 1225.67, 1303.33, 1226.33, 1245.0, 1227.0]
rec: 78.......................
text_instance: 14
bbox: [1470, 1108, 197, 134]
bezier_pts: [1471.0, 1112.0, 1533.06, 1110.89, 1591.69, 1108.35, 1653.0, 1111.0, 1666.0, 1241.0, 1600.67, 1237.0, 1535.33, 1233.0, 1470.0, 1229.0]
rec: 73.......................
text_instance: 15
bbox: [2333, 1403, 126, 148]
bezier_pts: [2333.0, 1403.0, 2372.67, 1403.33, 2412.33, 1403.67, 2452.0, 1404.0, 2458.0, 1543.0, 2416.31, 1547.62, 2375.21, 1549.02, 2334.0, 1550.0]
rec: 78.......................
text_instance: 16
bbox: [2481, 1399, 118, 156]
bezier_pts: [2487.0, 1402.0, 2524.0, 1401.0, 2561.0, 1400.0, 2598.0, 1399.0, 2592.0, 1554.0, 2555.0, 1551.67, 2518.0, 1549.33, 2481.0, 1547.0]
rec: 73.......................
