text_instance: 0
bbox: [138, 71, 56, 23]
bezier_pts: [138.0, 87.0, 149.59, 63.26, 177.1, 62.08, 193.0, 82.0, 189.0, 93.0, 174.39, 83.95, 162.32, 88.84, 147.0, 93.0]
rec: DEWRANCE.................
text_instance: 1
bbox: [143, 93, 48, 21]
bezier_pts: [145.0, 95.0, 159.0, 94.33, 173.0, 93.67, 187.0, 93.0, 190.0, 109.0, 174.19, 111.12, 158.69, 112.1, 143.0, 112.0]
rec: FEED.....................
text_instance: 2
bbox: [145, 114, 47, 24]
bezier_pts: [151.0, 117.0, 162.52, 122.03, 173.94, 120.08, 183.0, 114.0, 191.0, 124.0, 187.04, 146.26, 158.63, 137.64, 145.0, 128.0]
rec: LONDON...................
