text_instance: 0
bbox: [29, 44, 62, 56]
bezier_pts: [29.0, 72.0, 43.2, 62.55, 52.94, 46.01, 72.0, 44.0, 90.0, 65.0, 83.94, 82.78, 69.66, 95.39, 51.0, 99.0]
rec: SS.......................
text_instance: 1
bbox: [103, 13, 186, 110]
bezier_pts: [103.0, 18.0, 186.37, 2.63, 252.58, 19.44, 288.0, 102.0, 247.0, 122.0, 214.95, 82.77, 166.91, 44.71, 108.0, 60.0]
rec: JEREMIAH.................
text_instance: 2
bbox: [34, 228, 68, 62]
bezier_pts: [59.0, 228.0, 74.15, 233.53, 90.29, 242.36, 101.0, 255.0, 87.0, 289.0, 63.52, 284.01, 49.18, 265.7, 34.0, 251.0]
rec: AND......................
text_instance: 3
bbox: [203, 188, 91, 93]
bezier_pts: [293.0, 199.0, 281.71, 231.34, 249.93, 249.48, 235.0, 280.0, 203.0, 257.0, 221.11, 234.97, 240.15, 214.39, 252.0, 188.0]
rec: RIEN.....................
text_instance: 4
bbox: [12, 180, 41, 44]
bezier_pts: [40.0, 180.0, 41.18, 196.14, 46.34, 212.23, 52.0, 215.0, 24.0, 223.0, 18.21, 211.45, 11.48, 198.53, 12.0, 185.0]
rec: RT.......................
text_instance: 5
bbox: [113, 262, 53, 42]
bezier_pts: [114.0, 262.0, 129.33, 264.0, 144.67, 266.0, 160.0, 268.0, 165.0, 302.0, 147.33, 302.94, 130.17, 300.98, 113.0, 296.0]
rec: ME.......................
