text_instance: 0
bbox: [124, 368, 511, 79]
bezier_pts: [124.0, 370.0, 293.33, 369.33, 462.67, 368.67, 632.0, 368.0, 634.0, 446.0, 465.33, 446.0, 296.67, 446.0, 128.0, 446.0]
rec: GELATERIA................
text_instance: 1
bbox: [1152, 328, 149, 32]
bezier_pts: [1152.0, 328.0, 1200.0, 328.67, 1248.0, 329.33, 1296.0, 330.0, 1300.0, 358.0, 1252.27, 359.8, 1205.52, 359.42, 1158.0, 358.0]
rec: BISTRO...................
text_instance: 2
bbox: [1128, 354, 193, 37]
bezier_pts: [1128.0, 354.0, 1192.0, 355.33, 1256.0, 356.67, 1320.0, 358.0, 1318.0, 390.0, 1254.37, 389.29, 1192.41, 388.07, 1128.0, 384.0]
rec: FRANCAIS.................
text_instance: 3
bbox: [1336, 312, 319, 99]
bezier_pts: [1336.0, 362.0, 1413.62, 276.96, 1572.24, 277.7, 1654.0, 360.0, 1620.0, 410.0, 1541.51, 371.37, 1456.07, 369.22, 1376.0, 410.0]
rec: BOUCHON..................
text_instance: 4
bbox: [1694, 330, 143, 39]
bezier_pts: [1694.0, 330.0, 1741.33, 330.0, 1788.67, 330.0, 1836.0, 330.0, 1836.0, 366.0, 1790.0, 366.99, 1743.93, 364.63, 1698.0, 360.0]
rec: BISTRO...................
text_instance: 5
bbox: [1670, 364, 195, 33]
bezier_pts: [1670.0, 364.0, 1734.67, 365.33, 1799.33, 366.67, 1864.0, 368.0, 1860.0, 394.0, 1797.25, 396.09, 1733.88, 396.05, 1672.0, 396.0]
rec: FRANCAIS.................
text_instance: 6
bbox: [1602, 432, 151, 57]
bezier_pts: [1602.0, 458.0, 1623.22, 421.75, 1733.89, 407.84, 1752.0, 462.0, 1732.0, 488.0, 1694.67, 487.33, 1657.33, 486.67, 1620.0, 486.0]
rec: BOUCHON..................
