text_instance: 0
bbox: [49, 332, 98, 243]
bezier_pts: [75.0, 574.0, 40.59, 501.55, 44.28, 407.16, 62.0, 332.0, 143.0, 353.0, 124.62, 418.75, 113.4, 485.15, 146.0, 554.0]
rec: MUZIUM...................
text_instance: 1
bbox: [83, 192, 152, 158]
bezier_pts: [83.0, 321.0, 103.52, 258.36, 147.31, 220.85, 205.0, 192.0, 234.0, 247.0, 193.15, 272.42, 161.08, 303.71, 140.0, 349.0]
rec: POLIS....................
text_instance: 2
bbox: [234, 179, 198, 120]
bezier_pts: [234.0, 182.0, 306.95, 175.19, 379.61, 174.06, 431.0, 239.0, 405.0, 298.0, 362.22, 257.07, 300.93, 230.4, 240.0, 249.0]
rec: DIRAJA...................
text_instance: 3
bbox: [401, 275, 85, 268]
bezier_pts: [454.0, 275.0, 508.07, 362.29, 490.17, 453.06, 459.0, 542.0, 401.0, 540.0, 427.33, 464.26, 443.03, 374.37, 401.0, 302.0]
rec: MALAYSIA.................
text_instance: 4
bbox: [180, 496, 48, 47]
bezier_pts: [190.0, 496.0, 205.71, 496.11, 211.46, 518.35, 227.0, 523.0, 221.0, 542.0, 201.64, 542.61, 181.71, 533.81, 180.0, 511.0]
rec: POLIS....................
text_instance: 5
bbox: [224, 526, 69, 32]
bezier_pts: [233.0, 526.0, 251.67, 528.33, 270.33, 530.67, 289.0, 533.0, 292.0, 553.0, 269.1, 553.98, 246.4, 551.94, 224.0, 547.0]
rec: DIRAJA...................
text_instance: 6
bbox: [299, 487, 78, 63]
bezier_pts: [299.0, 533.0, 323.04, 522.23, 346.06, 506.92, 363.0, 487.0, 376.0, 496.0, 358.27, 519.51, 331.92, 540.61, 303.0, 549.0]
rec: MALAYSIA.................
