text_instance: 0
bbox: [174, 254, 625, 115]
bezier_pts: [175.0, 254.0, 382.67, 265.0, 590.33, 276.0, 798.0, 287.0, 796.0, 368.0, 588.1, 363.55, 381.94, 357.24, 174.0, 350.0]
rec: Restaurant...............
text_instance: 1
bbox: [825, 289, 292, 104]
bezier_pts: [826.0, 289.0, 922.56, 293.11, 1016.45, 296.33, 1113.0, 304.0, 1116.0, 392.0, 1020.43, 391.22, 923.2, 388.59, 825.0, 383.0]
rec: Depot....................
text_instance: 2
bbox: [697, 391, 267, 63]
bezier_pts: [697.0, 391.0, 785.67, 394.0, 874.33, 397.0, 963.0, 400.0, 961.0, 452.0, 874.31, 451.61, 788.81, 448.86, 703.0, 443.0]
rec: WHERE....................
text_instance: 3
bbox: [267, 378, 184, 141]
bezier_pts: [267.0, 513.0, 276.29, 326.7, 453.68, 337.47, 450.0, 518.0, 418.0, 505.0, 444.51, 371.63, 275.31, 373.77, 300.0, 506.0]
rec: RESTAURANT...............
text_instance: 4
bbox: [310, 460, 99, 50]
bezier_pts: [310.0, 460.0, 340.67, 461.33, 371.33, 462.67, 402.0, 464.0, 408.0, 503.0, 377.27, 507.42, 346.96, 508.04, 316.0, 509.0]
rec: Qualite..................
text_instance: 5
bbox: [289, 527, 144, 31]
bezier_pts: [289.0, 527.0, 336.0, 527.0, 383.0, 527.0, 430.0, 527.0, 432.0, 557.0, 385.0, 556.0, 338.0, 555.0, 291.0, 554.0]
rec: DEPOT....................
text_instance: 6
bbox: [574, 457, 99, 74]
bezier_pts: [576.0, 457.0, 606.33, 458.33, 636.67, 459.67, 667.0, 461.0, 672.0, 527.0, 639.33, 528.0, 606.67, 529.0, 574.0, 530.0]
rec: Big......................
text_instance: 7
bbox: [691, 461, 114, 57]
bezier_pts: [691.0, 461.0, 728.67, 462.67, 766.33, 464.33, 804.0, 466.0, 801.0, 517.0, 765.0, 516.33, 729.0, 515.67, 693.0, 515.0]
rec: Red......................
text_instance: 8
bbox: [825, 464, 223, 55]
bezier_pts: [825.0, 464.0, 899.0, 465.67, 973.0, 467.33, 1047.0, 469.0, 1045.0, 518.0, 972.67, 516.67, 900.33, 515.33, 828.0, 514.0]
rec: Kitchen..................
text_instance: 9
bbox: [724, 526, 252, 61]
bezier_pts: [735.0, 526.0, 817.15, 529.65, 893.53, 526.35, 973.0, 538.0, 975.0, 584.0, 891.77, 585.95, 806.89, 586.44, 724.0, 584.0]
rec: SHOPS....................
