text_instance: 0
bbox: [425, 184, 64, 49]
bezier_pts: [425.0, 186.0, 446.0, 185.33, 467.0, 184.67, 488.0, 184.0, 487.0, 232.0, 467.33, 231.67, 447.67, 231.33, 428.0, 231.0]
rec: TRANG....................
text_instance: 1
bbox: [490, 190, 65, 42]
bezier_pts: [490.0, 190.0, 511.33, 190.67, 532.67, 191.33, 554.0, 192.0, 554.0, 229.0, 532.69, 231.54, 512.28, 231.19, 491.0, 231.0]
rec: TRIHOA...................
text_instance: 2
bbox: [556, 192, 55, 46]
bezier_pts: [556.0, 192.0, 574.0, 193.33, 592.0, 194.67, 610.0, 196.0, 608.0, 234.0, 591.0, 235.0, 574.0, 236.0, 557.0, 237.0]
rec: DANG.....................
text_instance: 3
bbox: [520, 396, 184, 71]
bezier_pts: [520.0, 408.0, 576.55, 380.56, 647.58, 405.23, 703.0, 420.0, 679.0, 466.0, 631.72, 445.78, 580.94, 440.89, 532.0, 462.0]
rec: TRANG....................
text_instance: 4
bbox: [266, 468, 44, 39]
bezier_pts: [266.0, 468.0, 279.33, 468.33, 292.67, 468.67, 306.0, 469.0, 309.0, 506.0, 295.33, 505.67, 281.67, 505.33, 268.0, 505.0]
rec: 83.......................
text_instance: 5
bbox: [384, 190, 42, 40]
bezier_pts: [384.0, 190.0, 397.33, 190.33, 410.67, 190.67, 424.0, 191.0, 425.0, 229.0, 411.33, 228.67, 397.67, 228.33, 384.0, 228.0]
rec: DEN......................
