text_instance: 0
bbox: [259, 251, 98, 51]
bezier_pts: [259.0, 286.0, 287.38, 270.74, 319.98, 257.44, 352.0, 251.0, 356.0, 265.0, 327.67, 277.0, 299.33, 289.0, 271.0, 301.0]
rec: MUZIUM...................
text_instance: 1
bbox: [367, 239, 98, 25]
bezier_pts: [367.0, 246.0, 398.2, 236.17, 433.14, 236.91, 464.0, 242.0, 460.0, 260.0, 429.33, 261.0, 398.67, 262.0, 368.0, 263.0]
rec: SUNGAI...................
text_instance: 2
bbox: [472, 248, 109, 55]
bezier_pts: [475.0, 248.0, 512.56, 254.56, 547.68, 263.59, 580.0, 286.0, 573.0, 302.0, 539.33, 288.67, 505.67, 275.33, 472.0, 262.0]
rec: LEMBING..................
text_instance: 3
bbox: [307, 267, 66, 31]
bezier_pts: [307.0, 283.0, 327.41, 275.53, 347.13, 266.54, 370.0, 267.0, 372.0, 281.0, 352.76, 287.57, 334.8, 292.78, 315.0, 297.0]
rec: SUNGAI...................
text_instance: 4
bbox: [376, 262, 77, 20]
bezier_pts: [376.0, 265.0, 401.33, 259.62, 426.67, 260.69, 452.0, 264.0, 451.0, 278.0, 427.67, 279.0, 404.33, 280.0, 381.0, 281.0]
rec: LEMBING..................
text_instance: 5
bbox: [462, 266, 71, 30]
bezier_pts: [463.0, 266.0, 487.92, 269.09, 508.58, 276.06, 532.0, 284.0, 528.0, 295.0, 505.5, 291.25, 484.47, 284.14, 462.0, 278.0]
rec: MUSEUM...................
