text_instance: 0
bbox: [377, 307, 610, 265]
bezier_pts: [377.0, 526.0, 518.38, 293.56, 733.33, 259.32, 986.0, 353.0, 954.0, 450.0, 768.38, 360.25, 563.08, 398.84, 448.0, 571.0]
rec: WINERIES.................
text_instance: 1
bbox: [296, 755, 235, 409]
bezier_pts: [392.0, 770.0, 400.66, 875.28, 435.13, 984.04, 530.0, 1055.0, 482.0, 1163.0, 354.8, 1057.5, 295.85, 918.93, 296.0, 755.0]
rec: SANTA....................
text_instance: 2
bbox: [530, 1100, 438, 151]
bezier_pts: [578.0, 1100.0, 672.94, 1180.87, 790.92, 1161.74, 904.0, 1136.0, 967.0, 1213.0, 824.02, 1263.02, 669.47, 1264.13, 530.0, 1195.0]
rec: CLARA....................
text_instance: 3
bbox: [937, 752, 313, 420]
bezier_pts: [937.0, 1097.0, 1084.4, 1027.07, 1134.41, 899.87, 1150.0, 752.0, 1249.0, 779.0, 1207.67, 921.15, 1175.58, 1092.73, 1024.0, 1171.0]
rec: VALLEY...................
text_instance: 4
bbox: [383, 1378, 777, 263]
bezier_pts: [383.0, 1378.0, 637.67, 1378.0, 892.33, 1378.0, 1147.0, 1378.0, 1159.0, 1630.0, 914.04, 1635.73, 667.41, 1638.79, 422.0, 1639.0]
rec: WINE.....................
text_instance: 5
bbox: [284, 1705, 954, 307]
bezier_pts: [284.0, 1720.0, 600.67, 1715.0, 917.33, 1710.0, 1234.0, 1705.0, 1237.0, 2002.0, 924.33, 2005.0, 611.67, 2008.0, 299.0, 2011.0]
rec: TRAIL....................
text_instance: 6
bbox: [984, 419, 194, 171]
bezier_pts: [1044.0, 419.0, 1096.09, 452.48, 1134.72, 501.35, 1177.0, 542.0, 1089.0, 589.0, 1066.91, 540.88, 1027.27, 502.4, 984.0, 473.0]
rec: OF.......................
