text_instance: 0
bbox: [606, 181, 32, 21]
bezier_pts: [606.0, 181.0, 616.33, 181.0, 626.67, 181.0, 637.0, 181.0, 637.0, 201.0, 626.67, 201.0, 616.33, 201.0, 606.0, 201.0]
rec: FUEL.....................
text_instance: 1
bbox: [496, 467, 241, 126]
bezier_pts: [496.0, 508.0, 570.67, 494.33, 645.33, 480.67, 720.0, 467.0, 736.0, 521.0, 658.0, 544.67, 580.0, 568.33, 502.0, 592.0]
rec: Peters...................
text_instance: 2
bbox: [300, 89, 70, 13]
bezier_pts: [302.0, 89.0, 324.99, 90.93, 346.25, 87.59, 369.0, 92.0, 368.0, 101.0, 345.33, 99.67, 322.67, 98.33, 300.0, 97.0]
rec: SPECIALS.................
text_instance: 3
bbox: [356, 191, 28, 18]
bezier_pts: [356.0, 191.0, 364.0, 191.0, 372.0, 191.0, 380.0, 191.0, 383.0, 207.0, 374.0, 207.0, 365.0, 207.0, 356.0, 207.0]
rec: ILK......................
text_instance: 4
bbox: [613, 197, 23, 15]
bezier_pts: [613.0, 198.0, 619.67, 198.0, 626.33, 198.0, 633.0, 198.0, 635.0, 210.0, 627.64, 211.85, 620.25, 211.5, 613.0, 209.0]
rec: UP.......................
text_instance: 5
bbox: [415, 184, 55, 12]
bezier_pts: [420.0, 185.0, 436.84, 182.33, 452.17, 185.95, 469.0, 185.0, 468.0, 195.0, 450.33, 194.33, 432.67, 193.67, 415.0, 193.0]
rec: SWAPnGO..................
