text_instance: 0
bbox: [84, 87, 294, 119]
bezier_pts: [84.0, 141.0, 173.89, 58.49, 293.47, 74.66, 377.0, 151.0, 336.0, 201.0, 268.95, 159.16, 182.38, 120.98, 119.0, 205.0]
rec: JIMMYZ...................
text_instance: 1
bbox: [133, 209, 182, 39]
bezier_pts: [139.0, 209.0, 196.33, 209.67, 253.67, 210.33, 311.0, 211.0, 314.0, 244.0, 253.47, 246.94, 192.55, 246.68, 133.0, 246.0]
rec: ORIGINAL.................
text_instance: 2
bbox: [101, 291, 140, 57]
bezier_pts: [101.0, 293.0, 146.67, 292.33, 192.33, 291.67, 238.0, 291.0, 240.0, 343.0, 194.34, 345.52, 148.56, 344.36, 102.0, 344.0]
rec: Hibachi..................
text_instance: 3
bbox: [246, 294, 119, 48]
bezier_pts: [246.0, 294.0, 284.67, 295.33, 323.33, 296.67, 362.0, 298.0, 364.0, 340.0, 325.25, 339.69, 286.49, 340.8, 248.0, 338.0]
rec: House....................
text_instance: 4
bbox: [200, 472, 68, 33]
bezier_pts: [200.0, 472.0, 222.0, 472.0, 244.0, 472.0, 266.0, 472.0, 267.0, 504.0, 244.67, 503.67, 222.33, 503.33, 200.0, 503.0]
rec: OPEN.....................
text_instance: 5
bbox: [90, 508, 73, 32]
bezier_pts: [90.0, 509.0, 113.33, 508.67, 136.67, 508.33, 160.0, 508.0, 162.0, 538.0, 138.67, 538.0, 115.33, 538.0, 92.0, 538.0]
rec: DRIVE....................
text_instance: 6
bbox: [168, 506, 66, 36]
bezier_pts: [168.0, 508.0, 189.67, 507.33, 211.33, 506.67, 233.0, 506.0, 232.0, 540.0, 211.33, 540.0, 190.67, 540.0, 170.0, 540.0]
rec: THRU.....................
text_instance: 7
bbox: [266, 506, 59, 35]
bezier_pts: [266.0, 508.0, 284.33, 507.33, 302.67, 506.67, 321.0, 506.0, 324.0, 537.0, 305.0, 538.0, 286.0, 539.0, 267.0, 540.0]
rec: DINE.....................
text_instance: 8
bbox: [183, 564, 93, 37]
bezier_pts: [183.0, 565.0, 213.67, 564.67, 244.33, 564.33, 275.0, 564.0, 275.0, 600.0, 245.67, 599.67, 216.33, 599.33, 187.0, 599.0]
rec: 6108.....................
text_instance: 9
bbox: [339, 506, 28, 35]
bezier_pts: [339.0, 509.0, 347.5, 507.77, 354.83, 503.3, 363.0, 508.0, 366.0, 540.0, 357.0, 540.0, 348.0, 540.0, 339.0, 540.0]
rec: IN.......................
