text_instance: 0
bbox: [416, 264, 180, 38]
bezier_pts: [416.0, 264.0, 475.67, 264.0, 535.33, 264.0, 595.0, 264.0, 595.0, 301.0, 535.33, 301.0, 475.67, 301.0, 416.0, 301.0]
rec: Tradition................
text_instance: 1
bbox: [685, 260, 99, 41]
bezier_pts: [685.0, 260.0, 717.67, 260.0, 750.33, 260.0, 783.0, 260.0, 783.0, 300.0, 750.33, 300.0, 717.67, 300.0, 685.0, 300.0]
rec: 1774.....................
text_instance: 2
bbox: [606, 268, 67, 32]
bezier_pts: [606.0, 268.0, 628.0, 268.0, 650.0, 268.0, 672.0, 268.0, 672.0, 299.0, 650.0, 299.0, 628.0, 299.0, 606.0, 299.0]
rec: seit.....................
text_instance: 3
bbox: [38, 130, 746, 139]
bezier_pts: [56.0, 147.0, 298.33, 141.33, 540.67, 135.67, 783.0, 130.0, 783.0, 255.0, 533.23, 261.5, 284.09, 264.81, 38.0, 268.0]
rec: BIRKENSTOCK..............
text_instance: 4
bbox: [815, 132, 172, 60]
bezier_pts: [815.0, 176.0, 866.32, 107.58, 932.72, 119.29, 986.0, 175.0, 973.0, 188.0, 932.38, 139.27, 868.69, 127.8, 831.0, 191.0]
rec: BIRKENSTOCK..............
text_instance: 5
bbox: [806, 209, 52, 69]
bezier_pts: [825.0, 209.0, 832.73, 229.59, 837.61, 251.96, 857.0, 265.0, 839.0, 277.0, 821.6, 258.05, 812.8, 236.13, 806.0, 212.0]
rec: MADE.....................
text_instance: 6
bbox: [853, 268, 41, 29]
bezier_pts: [864.0, 268.0, 873.67, 271.33, 883.33, 274.67, 893.0, 278.0, 886.0, 296.0, 874.4, 294.19, 863.49, 289.28, 853.0, 285.0]
rec: IN.......................
text_instance: 7
bbox: [907, 209, 95, 94]
bezier_pts: [907.0, 282.0, 955.07, 282.0, 980.69, 257.98, 985.0, 209.0, 1001.0, 214.0, 999.44, 279.08, 959.42, 290.16, 908.0, 302.0]
rec: GERMANY..................
text_instance: 8
bbox: [717, 515, 167, 50]
bezier_pts: [717.0, 532.0, 770.67, 526.33, 824.33, 520.67, 878.0, 515.0, 883.0, 549.0, 830.67, 556.45, 777.47, 560.5, 724.0, 564.0]
rec: BIRKENSTOCK..............
