text_instance: 0
bbox: [23, 444, 175, 140]
bezier_pts: [23.0, 471.0, 80.65, 456.46, 137.61, 450.71, 197.0, 444.0, 197.0, 563.0, 142.05, 591.88, 85.38, 583.5, 27.0, 581.0]
rec: OLD......................
text_instance: 1
bbox: [217, 376, 340, 181]
bezier_pts: [224.0, 436.0, 331.08, 407.09, 443.17, 386.87, 556.0, 376.0, 550.0, 521.0, 445.79, 558.32, 331.07, 556.31, 217.0, 556.0]
rec: NAVY.....................
text_instance: 2
bbox: [953, 63, 89, 37]
bezier_pts: [953.0, 86.0, 978.28, 68.33, 1009.75, 60.47, 1041.0, 64.0, 1041.0, 78.0, 1013.33, 85.0, 985.67, 92.0, 958.0, 99.0]
rec: HOLIDAY..................
text_instance: 3
bbox: [968, 78, 71, 31]
bezier_pts: [968.0, 96.0, 991.47, 90.68, 1010.91, 78.4, 1036.0, 78.0, 1038.0, 90.0, 1014.67, 96.0, 991.33, 102.0, 968.0, 108.0]
rec: GIFTING..................
text_instance: 4
bbox: [958, 103, 49, 23]
bezier_pts: [958.0, 115.0, 973.37, 110.35, 988.09, 103.26, 1004.0, 103.0, 1006.0, 113.0, 991.0, 117.0, 976.0, 121.0, 961.0, 125.0]
rec: MADE.....................
text_instance: 5
bbox: [1008, 88, 41, 26]
bezier_pts: [1008.0, 98.0, 1020.33, 94.67, 1032.67, 91.33, 1045.0, 88.0, 1048.0, 101.0, 1036.29, 107.87, 1023.42, 111.75, 1010.0, 113.0]
rec: EASY.....................
