text_instance: 0
bbox: [311, 541, 56, 21]
bezier_pts: [311.0, 541.0, 329.33, 541.0, 347.67, 541.0, 366.0, 541.0, 366.0, 560.0, 347.0, 560.58, 329.66, 561.97, 311.0, 560.0]
rec: 2008.....................
text_instance: 1
bbox: [263, 543, 36, 19]
bezier_pts: [263.0, 543.0, 274.67, 543.0, 286.33, 543.0, 298.0, 543.0, 298.0, 561.0, 286.33, 561.0, 274.67, 561.0, 263.0, 561.0]
rec: EST......................
text_instance: 2
bbox: [157, 455, 330, 71]
bezier_pts: [157.0, 486.0, 266.0, 448.09, 376.6, 445.26, 486.0, 471.0, 475.0, 519.0, 378.54, 501.54, 280.7, 504.5, 180.0, 525.0]
rec: WELLINGTON...............
text_instance: 3
bbox: [231, 591, 178, 52]
bezier_pts: [237.0, 591.0, 290.0, 592.0, 343.0, 593.0, 396.0, 594.0, 408.0, 634.0, 348.28, 648.39, 286.85, 648.01, 231.0, 631.0]
rec: COFFEE...................
