text_instance: 0
bbox: [314, 163, 128, 182]
bezier_pts: [314.0, 309.0, 302.1, 239.12, 379.26, 214.83, 401.0, 163.0, 441.0, 191.0, 413.77, 239.3, 369.01, 286.72, 359.0, 344.0]
rec: BANH.....................
text_instance: 1
bbox: [418, 87, 191, 99]
bezier_pts: [418.0, 150.0, 473.09, 114.99, 530.55, 91.87, 596.0, 87.0, 608.0, 127.0, 553.06, 124.04, 497.54, 148.86, 459.0, 185.0]
rec: TRANG....................
text_instance: 2
bbox: [619, 82, 118, 77]
bezier_pts: [619.0, 82.0, 654.77, 100.56, 716.54, 64.47, 736.0, 127.0, 725.0, 158.0, 695.52, 132.58, 659.21, 123.89, 620.0, 121.0]
rec: XUAT.....................
text_instance: 3
bbox: [737, 137, 131, 115]
bezier_pts: [747.0, 137.0, 792.3, 163.74, 858.01, 158.12, 867.0, 230.0, 828.0, 251.0, 805.61, 216.58, 771.27, 189.64, 737.0, 165.0]
rec: KHAU.....................
text_instance: 4
bbox: [432, 169, 145, 133]
bezier_pts: [432.0, 276.0, 470.31, 232.02, 506.43, 189.76, 562.0, 169.0, 576.0, 200.0, 529.59, 220.55, 489.46, 255.5, 462.0, 301.0]
rec: EXPORT...................
text_instance: 5
bbox: [582, 164, 86, 37]
bezier_pts: [582.0, 166.0, 609.38, 167.14, 639.73, 162.8, 667.0, 164.0, 666.0, 198.0, 641.23, 188.52, 614.39, 187.77, 591.0, 200.0]
rec: RICE.....................
text_instance: 6
bbox: [672, 168, 97, 87]
bezier_pts: [680.0, 168.0, 711.12, 184.78, 740.11, 203.31, 768.0, 225.0, 763.0, 254.0, 732.67, 235.0, 702.33, 216.0, 672.0, 197.0]
rec: PAPER....................
text_instance: 7
bbox: [539, 237, 107, 48]
bezier_pts: [539.0, 255.0, 573.0, 249.0, 607.0, 243.0, 641.0, 237.0, 645.0, 270.0, 613.0, 274.67, 581.0, 279.33, 549.0, 284.0]
rec: THUONG...................
text_instance: 8
bbox: [648, 235, 56, 34]
bezier_pts: [648.0, 242.0, 664.84, 239.2, 681.63, 236.23, 699.0, 235.0, 703.0, 260.0, 685.33, 263.47, 667.37, 266.47, 649.0, 266.0]
rec: HANG.....................
text_instance: 9
bbox: [382, 422, 62, 36]
bezier_pts: [382.0, 436.0, 400.67, 431.33, 419.33, 426.67, 438.0, 422.0, 443.0, 440.0, 427.43, 448.38, 410.55, 453.6, 393.0, 457.0]
rec: BICH.....................
text_instance: 10
bbox: [363, 519, 113, 78]
bezier_pts: [363.0, 559.0, 392.8, 537.12, 429.89, 530.34, 464.0, 519.0, 475.0, 555.0, 443.33, 568.67, 411.67, 582.33, 380.0, 596.0]
rec: BICH.....................
text_instance: 11
bbox: [473, 490, 80, 61]
bezier_pts: [473.0, 511.0, 496.62, 499.87, 522.5, 497.79, 546.0, 490.0, 552.0, 525.0, 531.67, 533.33, 511.33, 541.67, 491.0, 550.0]
rec: CHi......................
text_instance: 12
bbox: [585, 303, 101, 49]
bezier_pts: [585.0, 330.0, 608.82, 287.4, 647.19, 310.48, 685.0, 310.0, 674.0, 338.0, 650.9, 312.06, 624.59, 323.95, 607.0, 351.0]
rec: VIETNAM..................
text_instance: 13
bbox: [444, 413, 49, 34]
bezier_pts: [444.0, 424.0, 459.36, 418.79, 474.09, 413.72, 490.0, 413.0, 492.0, 434.0, 476.0, 438.0, 460.0, 442.0, 444.0, 446.0]
rec: CHI......................
text_instance: 14
bbox: [580, 344, 27, 80]
bezier_pts: [587.0, 423.0, 581.45, 395.68, 578.56, 371.2, 583.0, 344.0, 606.0, 350.0, 591.78, 369.32, 594.65, 394.38, 606.0, 415.0]
rec: HANG.....................
text_instance: 15
bbox: [623, 334, 50, 34]
bezier_pts: [623.0, 342.0, 637.37, 339.59, 653.11, 335.87, 668.0, 334.0, 672.0, 357.0, 658.41, 361.29, 643.54, 364.76, 629.0, 367.0]
rec: 2009.....................
text_instance: 16
bbox: [599, 424, 63, 43]
bezier_pts: [610.0, 424.0, 627.0, 432.33, 644.0, 440.67, 661.0, 449.0, 656.0, 466.0, 635.76, 459.95, 616.84, 450.7, 599.0, 439.0]
rec: CHAT.....................
text_instance: 17
bbox: [664, 427, 45, 42]
bezier_pts: [664.0, 449.0, 676.0, 441.67, 688.0, 434.33, 700.0, 427.0, 708.0, 441.0, 696.01, 452.33, 682.55, 461.82, 667.0, 468.0]
rec: LUO......................
text_instance: 18
bbox: [702, 395, 27, 40]
bezier_pts: [702.0, 425.0, 706.2, 417.07, 708.06, 407.4, 712.0, 395.0, 728.0, 398.0, 729.21, 413.34, 717.01, 422.39, 718.0, 434.0]
rec: NG.......................
text_instance: 19
bbox: [691, 347, 35, 49]
bezier_pts: [710.0, 395.0, 703.67, 381.0, 697.33, 367.0, 691.0, 353.0, 705.0, 347.0, 713.02, 360.95, 720.8, 375.47, 725.0, 391.0]
rec: Cao......................
text_instance: 20
bbox: [870, 451, 28, 29]
bezier_pts: [870.0, 455.0, 876.0, 453.67, 882.0, 452.33, 888.0, 451.0, 897.0, 471.0, 889.33, 474.65, 881.29, 477.21, 873.0, 479.0]
rec: KL.......................
text_instance: 21
bbox: [894, 439, 40, 33]
bezier_pts: [894.0, 447.0, 906.9, 442.96, 918.83, 439.62, 932.0, 439.0, 933.0, 462.0, 921.38, 465.35, 909.46, 468.69, 898.0, 471.0]
rec: Tinh.....................
text_instance: 22
bbox: [939, 423, 29, 32]
bezier_pts: [939.0, 434.0, 948.03, 429.51, 956.4, 424.89, 966.0, 423.0, 967.0, 443.0, 959.95, 449.39, 951.66, 453.21, 942.0, 454.0]
rec: 300......................
text_instance: 23
bbox: [644, 582, 46, 30]
bezier_pts: [644.0, 594.0, 657.29, 591.21, 667.85, 583.57, 681.0, 582.0, 689.0, 602.0, 677.08, 604.82, 664.92, 609.52, 653.0, 611.0]
rec: An.......................
text_instance: 24
bbox: [689, 555, 68, 45]
bezier_pts: [689.0, 579.0, 708.8, 568.37, 730.73, 559.24, 753.0, 555.0, 756.0, 575.0, 736.88, 583.93, 718.33, 592.23, 698.0, 599.0]
rec: THUC.....................
text_instance: 25
bbox: [757, 528, 73, 43]
bezier_pts: [757.0, 549.0, 780.0, 542.0, 803.0, 535.0, 826.0, 528.0, 829.0, 547.0, 806.36, 554.52, 783.98, 563.82, 760.0, 570.0]
rec: PHAM.....................
text_instance: 26
bbox: [829, 509, 59, 39]
bezier_pts: [829.0, 528.0, 847.75, 520.51, 863.58, 507.16, 885.0, 509.0, 887.0, 527.0, 868.33, 533.67, 849.67, 540.33, 831.0, 547.0]
rec: BICH.....................
text_instance: 27
bbox: [889, 496, 39, 29]
bezier_pts: [889.0, 509.0, 900.61, 503.74, 913.96, 497.81, 927.0, 496.0, 926.0, 513.0, 915.33, 516.67, 904.67, 520.33, 894.0, 524.0]
rec: CHI......................
text_instance: 28
bbox: [733, 559, 100, 53]
bezier_pts: [733.0, 594.0, 765.0, 582.66, 797.0, 567.92, 829.0, 559.0, 832.0, 578.0, 801.04, 590.31, 770.27, 602.25, 738.0, 611.0]
rec: COMPANY..................
text_instance: 29
bbox: [561, 547, 50, 38]
bezier_pts: [561.0, 565.0, 576.0, 559.0, 591.0, 553.0, 606.0, 547.0, 610.0, 566.0, 595.4, 573.35, 580.2, 579.48, 565.0, 584.0]
rec: 2009.....................
text_instance: 30
bbox: [835, 570, 50, 40]
bezier_pts: [835.0, 589.0, 850.0, 582.67, 865.0, 576.33, 880.0, 570.0, 884.0, 593.0, 871.81, 598.93, 859.48, 605.87, 846.0, 609.0]
rec: Thap.....................
text_instance: 31
bbox: [893, 554, 32, 29]
bezier_pts: [893.0, 562.0, 901.0, 559.33, 909.0, 556.67, 917.0, 554.0, 924.0, 571.0, 916.13, 576.76, 907.6, 579.56, 898.0, 582.0]
rec: VN.......................
