text_instance: 0
bbox: [106, 17, 393, 299]
bezier_pts: [106.0, 150.0, 273.24, -109.68, 434.11, 56.12, 498.0, 286.0, 460.0, 315.0, 412.31, 132.85, 285.85, 12.61, 152.0, 224.0]
rec: TOBERMORY................
text_instance: 1
bbox: [222, 210, 120, 74]
bezier_pts: [223.0, 210.0, 262.7, 222.03, 304.12, 233.46, 341.0, 250.0, 339.0, 283.0, 300.0, 271.67, 261.0, 260.33, 222.0, 249.0]
rec: SINGLE...................
text_instance: 2
bbox: [343, 250, 86, 62]
bezier_pts: [348.0, 250.0, 374.67, 258.33, 401.33, 266.67, 428.0, 275.0, 421.0, 311.0, 395.0, 302.33, 369.0, 293.67, 343.0, 285.0]
rec: MALT.....................
text_instance: 3
bbox: [170, 243, 151, 71]
bezier_pts: [178.0, 243.0, 225.33, 258.0, 272.67, 273.0, 320.0, 288.0, 319.0, 313.0, 269.16, 300.57, 219.13, 287.4, 170.0, 274.0]
rec: SCOTCH...................
text_instance: 4
bbox: [334, 292, 130, 63]
bezier_pts: [336.0, 292.0, 378.33, 305.67, 420.67, 319.33, 463.0, 333.0, 456.0, 354.0, 415.33, 343.33, 374.67, 332.67, 334.0, 322.0]
rec: WHISKY...................
text_instance: 5
bbox: [247, 152, 45, 33]
bezier_pts: [251.0, 152.0, 262.75, 158.98, 278.59, 155.73, 289.0, 167.0, 291.0, 184.0, 276.33, 179.67, 261.67, 175.33, 247.0, 171.0]
rec: AGED.....................
text_instance: 6
bbox: [297, 136, 62, 87]
bezier_pts: [304.0, 136.0, 321.67, 141.67, 339.33, 147.33, 357.0, 153.0, 358.0, 222.0, 337.75, 217.5, 316.87, 210.28, 297.0, 203.0]
rec: 10.......................
text_instance: 7
bbox: [368, 197, 44, 35]
bezier_pts: [368.0, 197.0, 382.0, 202.67, 396.0, 208.33, 410.0, 214.0, 411.0, 231.0, 397.0, 226.33, 383.0, 221.67, 369.0, 217.0]
rec: YEARS....................
