text_instance: 0
bbox: [347, 819, 903, 495]
bezier_pts: [347.0, 1247.0, 630.36, 974.45, 973.68, 987.81, 1249.0, 1266.0, 1140.0, 1294.0, 926.55, 1007.54, 642.6, 1020.07, 441.0, 1313.0]
rec: MALAPROPS................
text_instance: 1
bbox: [398, 1447, 568, 279]
bezier_pts: [485.0, 1447.0, 571.92, 1632.46, 753.62, 1666.93, 920.0, 1639.0, 965.0, 1723.0, 730.85, 1759.39, 509.13, 1709.71, 398.0, 1483.0]
rec: BOOKSTORE................
text_instance: 2
bbox: [962, 1432, 220, 238]
bezier_pts: [962.0, 1600.0, 1030.98, 1561.95, 1061.2, 1490.76, 1103.0, 1432.0, 1181.0, 1477.0, 1123.47, 1546.99, 1090.99, 1633.92, 1001.0, 1669.0]
rec: CAFE.....................
