text_instance: 0
bbox: [78, 701, 795, 113]
bezier_pts: [78.0, 701.0, 342.0, 702.33, 606.0, 703.67, 870.0, 705.0, 872.0, 807.0, 608.32, 811.3, 346.54, 812.44, 83.0, 813.0]
rec: TapiocaBelize............
text_instance: 1
bbox: [342, 458, 119, 116]
bezier_pts: [380.0, 458.0, 375.15, 510.14, 413.64, 535.56, 459.0, 543.0, 460.0, 573.0, 412.13, 556.01, 338.52, 535.9, 342.0, 466.0]
rec: Tapioca..................
text_instance: 2
bbox: [467, 466, 88, 108]
bezier_pts: [467.0, 536.0, 511.35, 530.87, 521.47, 502.4, 524.0, 466.0, 554.0, 468.0, 548.42, 519.56, 538.13, 562.96, 474.0, 573.0]
rec: Belize...................
