text_instance: 0
bbox: [715, 453, 692, 238]
bezier_pts: [715.0, 617.0, 916.89, 406.26, 1198.12, 386.41, 1406.0, 602.0, 1330.0, 686.0, 1180.41, 504.2, 961.02, 534.11, 796.0, 690.0]
rec: CROCODILES...............
text_instance: 1
bbox: [998, 1090, 187, 116]
bezier_pts: [1004.0, 1104.0, 1057.33, 1099.33, 1110.67, 1094.67, 1164.0, 1090.0, 1184.0, 1181.0, 1122.52, 1192.0, 1060.43, 1200.01, 998.0, 1205.0]
rec: NO.......................
text_instance: 2
bbox: [732, 1104, 709, 252]
bezier_pts: [800.0, 1125.0, 983.52, 1294.35, 1190.44, 1273.49, 1358.0, 1104.0, 1440.0, 1169.0, 1246.56, 1402.42, 953.73, 1416.98, 732.0, 1220.0]
rec: SWIMMING.................
