text_instance: 0
bbox: [78, 149, 339, 110]
bezier_pts: [78.0, 149.0, 186.33, 149.67, 294.67, 150.33, 403.0, 151.0, 416.0, 255.0, 307.75, 222.49, 187.32, 224.0, 83.0, 258.0]
rec: TROIKA...................
text_instance: 1
bbox: [86, 259, 62, 45]
bezier_pts: [86.0, 276.0, 101.72, 264.86, 123.12, 266.95, 140.0, 259.0, 147.0, 282.0, 135.93, 298.52, 116.96, 302.06, 98.0, 303.0]
rec: VENE.....................
text_instance: 2
bbox: [148, 249, 113, 36]
bezier_pts: [148.0, 258.0, 185.33, 249.99, 222.67, 247.32, 260.0, 250.0, 260.0, 275.0, 224.33, 278.0, 188.67, 281.0, 153.0, 284.0]
rec: RESTORAN.................
text_instance: 3
bbox: [309, 251, 105, 60]
bezier_pts: [314.0, 251.0, 347.0, 261.67, 380.0, 272.33, 413.0, 283.0, 407.0, 310.0, 374.33, 300.0, 341.67, 290.0, 309.0, 280.0]
rec: TRAHTER..................
text_instance: 4
bbox: [274, 248, 30, 33]
bezier_pts: [278.0, 248.0, 286.33, 249.33, 294.67, 250.67, 303.0, 252.0, 300.0, 280.0, 291.33, 278.33, 282.67, 276.67, 274.0, 275.0]
rec: JA.......................
text_instance: 5
bbox: [479, 159, 24, 23]
bezier_pts: [479.0, 161.0, 486.68, 159.41, 494.05, 158.89, 502.0, 161.0, 501.0, 181.0, 495.21, 180.86, 488.62, 181.51, 483.0, 180.0]
rec: 15.......................
