text_instance: 0
bbox: [262, 164, 47, 20]
bezier_pts: [262.0, 164.0, 277.33, 164.0, 292.67, 164.0, 308.0, 164.0, 308.0, 182.0, 292.94, 182.58, 277.49, 182.46, 262.0, 182.0]
rec: TAYAR....................
text_instance: 1
bbox: [164, 67, 84, 46]
bezier_pts: [164.0, 104.0, 177.58, 47.95, 226.82, 56.73, 247.0, 101.0, 233.0, 112.0, 221.65, 66.28, 189.98, 67.44, 172.0, 109.0]
rec: CONTINENTAL..............
text_instance: 2
bbox: [165, 126, 83, 45]
bezier_pts: [247.0, 136.0, 229.44, 182.79, 180.28, 187.21, 165.0, 134.0, 176.0, 126.0, 190.25, 166.21, 220.88, 170.34, 236.0, 127.0]
rec: CONTINENTAL..............
text_instance: 3
bbox: [259, 145, 51, 22]
bezier_pts: [259.0, 145.0, 275.33, 145.0, 291.67, 145.0, 308.0, 145.0, 309.0, 161.0, 293.38, 164.99, 277.05, 165.59, 261.0, 165.0]
rec: PUSAT....................
