text_instance: 0
bbox: [49, 35, 180, 66]
bezier_pts: [49.0, 91.0, 91.27, 19.41, 175.06, 10.05, 228.0, 77.0, 211.0, 90.0, 173.28, 26.26, 101.83, 34.93, 65.0, 100.0]
rec: SJOSTANGAVEIDIFELAG......
text_instance: 1
bbox: [205, 84, 40, 115]
bezier_pts: [232.0, 84.0, 256.46, 121.11, 244.68, 166.22, 218.0, 198.0, 205.0, 185.0, 224.75, 155.12, 237.31, 121.67, 216.0, 90.0]
rec: REYKJAVIKUR..............
text_instance: 2
bbox: [42, 159, 106, 71]
bezier_pts: [60.0, 159.0, 74.96, 192.08, 108.51, 213.48, 147.0, 213.0, 147.0, 229.0, 99.98, 233.79, 62.15, 204.33, 42.0, 167.0]
rec: SJOR.....................
