text_instance: 0
bbox: [183, 446, 194, 58]
bezier_pts: [183.0, 465.0, 244.6, 473.68, 315.14, 469.33, 374.0, 446.0, 376.0, 487.0, 312.08, 494.89, 249.02, 499.91, 185.0, 502.0]
rec: TATTOOS..................
text_instance: 1
bbox: [176, 519, 229, 58]
bezier_pts: [182.0, 530.0, 256.75, 546.0, 330.46, 541.54, 399.0, 519.0, 404.0, 553.0, 328.95, 567.03, 249.4, 586.59, 176.0, 569.0]
rec: PIERCING.................
text_instance: 2
bbox: [278, 237, 62, 25]
bezier_pts: [279.0, 250.0, 297.5, 235.67, 318.16, 232.49, 339.0, 241.0, 336.0, 258.0, 318.61, 240.61, 296.21, 254.39, 278.0, 261.0]
rec: J88AA....................
text_instance: 3
bbox: [219, 134, 155, 81]
bezier_pts: [219.0, 172.0, 273.74, 164.93, 314.83, 126.47, 373.0, 134.0, 372.0, 177.0, 320.27, 158.7, 275.55, 202.59, 228.0, 214.0]
rec: MOMS.....................
text_instance: 4
bbox: [325, 88, 24, 13]
bezier_pts: [326.0, 88.0, 333.33, 88.33, 340.67, 88.67, 348.0, 89.0, 347.0, 99.0, 339.78, 100.74, 332.56, 100.47, 325.0, 99.0]
rec: THAI.....................
