text_instance: 0
bbox: [322, 396, 103, 45]
bezier_pts: [322.0, 396.0, 355.33, 397.0, 388.67, 398.0, 422.0, 399.0, 424.0, 438.0, 390.08, 440.03, 355.06, 439.88, 322.0, 438.0]
rec: DOOR.....................
text_instance: 1
bbox: [168, 391, 137, 45]
bezier_pts: [168.0, 391.0, 213.33, 391.0, 258.67, 391.0, 304.0, 391.0, 304.0, 435.0, 258.67, 435.0, 213.33, 435.0, 168.0, 435.0]
rec: CELLAR...................
text_instance: 2
bbox: [250, 462, 88, 28]
bezier_pts: [250.0, 462.0, 279.0, 462.0, 308.0, 462.0, 337.0, 462.0, 337.0, 488.0, 308.0, 488.0, 279.0, 488.0, 250.0, 488.0]
rec: AND......................
text_instance: 3
bbox: [114, 112, 371, 109]
bezier_pts: [114.0, 149.0, 237.18, 95.2, 364.07, 101.98, 484.0, 164.0, 421.0, 220.0, 339.02, 159.99, 231.19, 178.97, 145.0, 217.0]
rec: HERSEY...................
