text_instance: 0
bbox: [542, 82, 241, 84]
bezier_pts: [544.0, 94.0, 624.67, 81.57, 704.0, 86.43, 782.0, 82.0, 781.0, 147.0, 701.33, 153.0, 621.67, 159.0, 542.0, 165.0]
rec: Sintex...................
text_instance: 1
bbox: [542, 198, 45, 80]
bezier_pts: [542.0, 277.0, 545.34, 248.88, 550.45, 220.77, 568.0, 198.0, 586.0, 210.0, 579.25, 232.74, 568.28, 252.5, 568.0, 276.0]
rec: KEEP.....................
text_instance: 2
bbox: [575, 148, 85, 60]
bezier_pts: [575.0, 186.0, 600.02, 169.11, 626.04, 152.69, 658.0, 148.0, 659.0, 172.0, 640.0, 183.67, 621.0, 195.33, 602.0, 207.0]
rec: YOUR.....................
text_instance: 3
bbox: [673, 142, 71, 45]
bezier_pts: [673.0, 142.0, 696.5, 148.47, 722.04, 150.04, 743.0, 163.0, 731.0, 186.0, 711.67, 182.0, 692.33, 178.0, 673.0, 174.0]
rec: CITY.....................
text_instance: 4
bbox: [742, 171, 70, 97]
bezier_pts: [755.0, 171.0, 786.8, 189.57, 805.24, 226.18, 811.0, 261.0, 787.0, 267.0, 775.62, 239.67, 770.96, 207.29, 742.0, 190.0]
rec: CLEAN....................
