text_instance: 0
bbox: [82, 298, 445, 148]
bezier_pts: [82.0, 365.0, 220.48, 286.65, 378.03, 270.82, 526.0, 323.0, 504.0, 417.0, 370.0, 426.33, 236.0, 435.67, 102.0, 445.0]
rec: ATHENS...................
text_instance: 1
bbox: [562, 311, 387, 133]
bezier_pts: [562.0, 355.0, 689.26, 327.62, 813.6, 316.59, 944.0, 311.0, 948.0, 393.0, 827.25, 455.71, 691.48, 433.27, 562.0, 443.0]
rec: ISLAND...................
text_instance: 2
bbox: [108, 449, 49, 29]
bezier_pts: [112.0, 453.0, 126.0, 451.67, 140.0, 450.33, 154.0, 449.0, 156.0, 475.0, 140.0, 475.67, 124.0, 476.33, 108.0, 477.0]
rec: ITS......................
text_instance: 3
bbox: [100, 475, 65, 31]
bezier_pts: [100.0, 477.0, 120.0, 476.33, 140.0, 475.67, 160.0, 475.0, 164.0, 499.0, 144.68, 503.37, 124.92, 504.18, 106.0, 505.0]
rec: TIME.....................
text_instance: 4
bbox: [182, 497, 117, 61]
bezier_pts: [184.0, 505.0, 222.0, 502.33, 260.0, 499.67, 298.0, 497.0, 298.0, 545.0, 259.33, 549.0, 220.67, 553.0, 182.0, 557.0]
rec: FOOD.....................
text_instance: 5
bbox: [86, 755, 109, 51]
bezier_pts: [86.0, 759.0, 121.33, 757.67, 156.67, 756.33, 192.0, 755.0, 194.0, 795.0, 157.96, 800.49, 121.5, 802.07, 86.0, 805.0]
rec: OPEN.....................
text_instance: 6
bbox: [112, 531, 40, 20]
bezier_pts: [112.0, 532.0, 125.0, 531.67, 138.0, 531.33, 151.0, 531.0, 150.0, 546.0, 138.08, 547.47, 125.72, 550.17, 113.0, 549.0]
rec: EAT......................
text_instance: 7
bbox: [3, 414, 68, 81]
bezier_pts: [3.0, 418.0, 24.3, 417.68, 46.83, 412.82, 69.0, 414.0, 70.0, 492.0, 48.0, 492.67, 26.0, 493.33, 4.0, 494.0]
rec: Y........................
text_instance: 8
bbox: [2, 521, 77, 48]
bezier_pts: [2.0, 525.0, 25.51, 523.71, 51.33, 522.2, 75.0, 521.0, 78.0, 558.0, 52.67, 563.31, 27.33, 565.35, 2.0, 568.0]
rec: OOD......................
