text_instance: 0
bbox: [247, 18, 220, 57]
bezier_pts: [247.0, 18.0, 320.0, 18.0, 393.0, 18.0, 466.0, 18.0, 466.0, 74.0, 393.0, 74.0, 320.0, 74.0, 247.0, 74.0]
rec: Stewart..................
text_instance: 1
bbox: [255, 535, 244, 54]
bezier_pts: [255.0, 535.0, 335.96, 556.19, 418.73, 541.93, 498.0, 535.0, 498.0, 587.0, 417.0, 587.0, 336.0, 587.0, 255.0, 587.0]
rec: TrAINING.................
text_instance: 2
bbox: [342, 493, 66, 45]
bezier_pts: [342.0, 493.0, 363.67, 493.0, 385.33, 493.0, 407.0, 493.0, 407.0, 536.0, 385.33, 536.0, 363.67, 536.0, 342.0, 536.0]
rec: IN.......................
text_instance: 3
bbox: [81, 358, 49, 31]
bezier_pts: [81.0, 358.0, 97.0, 358.0, 113.0, 358.0, 129.0, 358.0, 129.0, 387.0, 113.0, 388.68, 97.0, 388.68, 81.0, 387.0]
rec: the......................
text_instance: 4
bbox: [31, 379, 87, 45]
bezier_pts: [31.0, 379.0, 56.68, 393.94, 92.84, 402.38, 117.0, 379.0, 117.0, 423.0, 88.33, 423.0, 59.67, 423.0, 31.0, 423.0]
rec: Weel.....................
text_instance: 5
bbox: [15, 326, 126, 41]
bezier_pts: [15.0, 326.0, 56.67, 326.0, 98.33, 326.0, 140.0, 326.0, 140.0, 365.0, 98.33, 365.0, 56.67, 365.0, 15.0, 365.0]
rec: Student..................
text_instance: 6
bbox: [33, 358, 38, 32]
bezier_pts: [33.0, 358.0, 41.22, 380.34, 53.13, 361.86, 70.0, 361.0, 67.0, 387.0, 58.32, 389.69, 48.85, 389.7, 40.0, 388.0]
rec: of.......................
text_instance: 7
bbox: [216, 145, 298, 103]
bezier_pts: [216.0, 204.0, 301.59, 99.77, 425.69, 128.53, 513.0, 212.0, 496.0, 243.0, 423.42, 179.47, 301.24, 148.92, 242.0, 247.0]
rec: SUPERHEROES..............
text_instance: 8
bbox: [283, 264, 171, 157]
bezier_pts: [289.0, 267.0, 342.89, 264.95, 397.16, 259.75, 452.0, 271.0, 453.0, 418.0, 396.33, 418.67, 339.67, 419.33, 283.0, 420.0]
rec: S........................
