text_instance: 0
bbox: [345, 76, 337, 232]
bezier_pts: [345.0, 235.0, 445.07, 160.68, 549.23, 86.51, 681.0, 76.0, 666.0, 175.0, 558.65, 163.25, 480.88, 231.48, 418.0, 307.0]
rec: DONOT....................
text_instance: 1
bbox: [711, 82, 241, 159]
bezier_pts: [718.0, 82.0, 803.16, 90.46, 886.2, 135.27, 951.0, 193.0, 913.0, 240.0, 843.04, 216.56, 796.96, 150.11, 711.0, 148.0]
rec: SHIT.....................
text_instance: 2
bbox: [928, 241, 111, 250]
bezier_pts: [975.0, 241.0, 1023.07, 311.61, 1042.26, 395.08, 1038.0, 478.0, 987.0, 490.0, 972.62, 417.0, 977.47, 335.99, 928.0, 277.0]
rec: HERE.....................
