text_instance: 0
bbox: [726, 58, 408, 136]
bezier_pts: [726.0, 150.0, 843.82, 43.63, 984.3, 30.43, 1133.0, 92.0, 1092.0, 162.0, 984.31, 82.34, 868.64, 133.57, 761.0, 193.0]
rec: WELCOME..................
text_instance: 1
bbox: [859, 164, 88, 84]
bezier_pts: [859.0, 176.0, 887.0, 172.0, 915.0, 168.0, 943.0, 164.0, 946.0, 239.0, 917.0, 241.67, 888.0, 244.33, 859.0, 247.0]
rec: TO.......................
text_instance: 2
bbox: [700, 718, 72, 73]
bezier_pts: [700.0, 718.0, 723.0, 718.0, 746.0, 718.0, 769.0, 718.0, 771.0, 788.0, 747.33, 788.67, 723.67, 789.33, 700.0, 790.0]
rec: KG.......................
text_instance: 3
bbox: [784, 719, 376, 73]
bezier_pts: [784.0, 719.0, 909.0, 719.67, 1034.0, 720.33, 1159.0, 721.0, 1159.0, 790.0, 1035.0, 790.33, 911.0, 790.67, 787.0, 791.0]
rec: SUMANGKAP................
text_instance: 4
bbox: [679, 793, 112, 55]
bezier_pts: [679.0, 793.0, 716.0, 794.0, 753.0, 795.0, 790.0, 796.0, 786.0, 845.0, 751.33, 845.67, 716.67, 846.33, 682.0, 847.0]
rec: Happy....................
text_instance: 5
bbox: [795, 793, 299, 62]
bezier_pts: [802.0, 793.0, 897.0, 793.33, 992.0, 793.67, 1087.0, 794.0, 1093.0, 854.0, 993.61, 853.43, 896.04, 852.68, 795.0, 850.0]
rec: independence.............
text_instance: 6
bbox: [1091, 803, 106, 69]
bezier_pts: [1094.0, 803.0, 1126.67, 804.0, 1159.33, 805.0, 1192.0, 806.0, 1196.0, 869.0, 1161.0, 869.67, 1126.0, 870.33, 1091.0, 871.0]
rec: day......................
text_instance: 7
bbox: [848, 865, 157, 46]
bezier_pts: [850.0, 865.0, 901.58, 866.83, 952.52, 862.96, 1003.0, 874.0, 1004.0, 910.0, 951.44, 908.88, 900.32, 907.91, 848.0, 904.0]
rec: 31082012.................
