text_instance: 0
bbox: [84, 172, 64, 37]
bezier_pts: [85.0, 176.0, 104.12, 169.96, 125.88, 174.92, 145.0, 172.0, 147.0, 204.0, 125.58, 206.29, 104.65, 206.99, 84.0, 206.0]
rec: KATANGKA.................
text_instance: 1
bbox: [162, 37, 67, 78]
bezier_pts: [162.0, 101.0, 170.51, 75.26, 182.46, 49.23, 207.0, 37.0, 228.0, 59.0, 221.82, 81.74, 197.48, 93.63, 187.0, 114.0]
rec: MAKAM....................
text_instance: 2
bbox: [219, 23, 68, 34]
bezier_pts: [219.0, 32.0, 240.25, 21.58, 263.82, 22.34, 286.0, 23.0, 281.0, 49.0, 263.67, 52.91, 246.33, 53.42, 229.0, 56.0]
rec: ARUNG....................
text_instance: 3
bbox: [281, 25, 80, 82]
bezier_pts: [292.0, 25.0, 323.42, 34.35, 347.41, 59.57, 360.0, 89.0, 335.0, 106.0, 327.16, 76.5, 304.85, 61.58, 281.0, 51.0]
rec: PALAKKA..................
text_instance: 4
bbox: [374, 161, 43, 37]
bezier_pts: [374.0, 161.0, 388.0, 161.33, 402.0, 161.67, 416.0, 162.0, 416.0, 197.0, 402.0, 196.0, 388.0, 195.0, 374.0, 194.0]
rec: SOMBA....................
text_instance: 5
bbox: [137, 119, 44, 35]
bezier_pts: [138.0, 122.0, 150.53, 121.08, 163.58, 117.22, 176.0, 122.0, 180.0, 153.0, 165.97, 152.93, 151.42, 153.55, 137.0, 152.0]
rec: KEL......................
text_instance: 6
bbox: [347, 109, 40, 35]
bezier_pts: [347.0, 110.0, 358.5, 107.88, 372.39, 109.38, 384.0, 109.0, 386.0, 142.0, 373.0, 142.33, 360.0, 142.67, 347.0, 143.0]
rec: KEC......................
text_instance: 7
bbox: [417, 160, 29, 36]
bezier_pts: [417.0, 161.0, 425.7, 158.39, 435.27, 161.75, 444.0, 161.0, 445.0, 193.0, 435.6, 194.19, 426.42, 195.02, 417.0, 195.0]
rec: OPU......................
