text_instance: 0
bbox: [189, 44, 318, 227]
bezier_pts: [189.0, 180.0, 278.31, 112.62, 378.42, 77.96, 484.0, 44.0, 506.0, 149.0, 403.67, 189.33, 301.33, 229.67, 199.0, 270.0]
rec: JUMBO....................
text_instance: 1
bbox: [550, 38, 300, 130]
bezier_pts: [550.0, 38.0, 640.09, 42.28, 745.42, 29.5, 834.0, 69.0, 849.0, 167.0, 753.79, 135.23, 661.6, 136.57, 560.0, 146.0]
rec: XEROX....................
text_instance: 2
bbox: [126, 295, 322, 131]
bezier_pts: [126.0, 354.0, 228.0, 334.33, 330.0, 314.67, 432.0, 295.0, 447.0, 369.0, 343.33, 387.67, 239.67, 406.33, 136.0, 425.0]
rec: BLUE.....................
text_instance: 3
bbox: [514, 208, 417, 146]
bezier_pts: [514.0, 279.0, 649.33, 255.33, 784.67, 231.67, 920.0, 208.0, 930.0, 278.0, 794.47, 306.03, 659.18, 331.04, 524.0, 353.0]
rec: PRINTS...................
text_instance: 4
bbox: [227, 439, 349, 120]
bezier_pts: [233.0, 461.0, 340.67, 453.67, 448.33, 446.33, 556.0, 439.0, 575.0, 532.0, 459.53, 565.94, 348.5, 562.66, 227.0, 552.0]
rec: COLOUR...................
text_instance: 5
bbox: [606, 344, 256, 179]
bezier_pts: [606.0, 428.0, 688.0, 400.0, 770.0, 372.0, 852.0, 344.0, 861.0, 420.0, 780.88, 471.69, 702.74, 502.45, 611.0, 522.0]
rec: XEROX....................
