text_instance: 0
bbox: [475, 141, 131, 60]
bezier_pts: [475.0, 141.0, 518.33, 141.0, 561.67, 141.0, 605.0, 141.0, 605.0, 200.0, 561.67, 200.0, 518.33, 200.0, 475.0, 200.0]
rec: BUTT.....................
text_instance: 1
bbox: [857, 166, 92, 57]
bezier_pts: [857.0, 166.0, 887.33, 166.0, 917.67, 166.0, 948.0, 166.0, 948.0, 222.0, 917.67, 222.0, 887.33, 222.0, 857.0, 222.0]
rec: BUTT.....................
text_instance: 2
bbox: [196, 232, 79, 22]
bezier_pts: [196.0, 232.0, 222.0, 232.0, 248.0, 232.0, 274.0, 232.0, 274.0, 253.0, 248.0, 253.0, 222.0, 253.0, 196.0, 253.0]
rec: POWDER...................
text_instance: 3
bbox: [493, 208, 72, 22]
bezier_pts: [493.0, 208.0, 516.67, 208.0, 540.33, 208.0, 564.0, 208.0, 564.0, 229.0, 540.33, 229.0, 516.67, 229.0, 493.0, 229.0]
rec: FRICTION.................
text_instance: 4
bbox: [132, 233, 62, 22]
bezier_pts: [132.0, 233.0, 152.33, 233.0, 172.67, 233.0, 193.0, 233.0, 193.0, 254.0, 172.67, 254.0, 152.33, 254.0, 132.0, 254.0]
rec: Friction.................
text_instance: 5
bbox: [105, 26, 96, 70]
bezier_pts: [105.0, 42.0, 133.31, 35.27, 159.96, 28.41, 190.0, 26.0, 200.0, 83.0, 172.0, 87.0, 144.0, 91.0, 116.0, 95.0]
rec: Anti.....................
text_instance: 6
bbox: [86, 89, 221, 96]
bezier_pts: [86.0, 112.0, 159.33, 72.83, 232.67, 99.64, 306.0, 123.0, 269.0, 184.0, 221.89, 132.38, 147.73, 133.05, 93.0, 174.0]
rec: Monkey...................
text_instance: 7
bbox: [121, 158, 120, 70]
bezier_pts: [121.0, 163.0, 160.75, 160.74, 200.94, 154.84, 240.0, 160.0, 236.0, 226.0, 201.33, 226.33, 166.67, 226.67, 132.0, 227.0]
rec: Butt.....................
text_instance: 8
bbox: [468, 8, 145, 71]
bezier_pts: [468.0, 15.0, 516.0, 4.72, 564.0, -3.97, 612.0, 21.0, 585.0, 78.0, 559.17, 42.37, 520.67, 60.2, 488.0, 69.0]
rec: lady.....................
text_instance: 9
bbox: [412, 74, 88, 90]
bezier_pts: [412.0, 109.0, 436.96, 93.87, 463.21, 76.96, 495.0, 74.0, 499.0, 139.0, 472.34, 134.16, 445.28, 146.34, 425.0, 163.0]
rec: Anti.....................
text_instance: 10
bbox: [501, 67, 187, 100]
bezier_pts: [504.0, 68.0, 561.65, 71.58, 644.64, 45.58, 687.0, 110.0, 653.0, 166.0, 617.42, 101.44, 556.69, 141.94, 501.0, 128.0]
rec: Monkey...................
text_instance: 11
bbox: [623, 316, 51, 20]
bezier_pts: [623.0, 323.0, 638.42, 318.27, 656.65, 317.9, 673.0, 316.0, 673.0, 331.0, 657.67, 334.96, 642.26, 335.53, 626.0, 335.0]
rec: Smooth...................
text_instance: 12
bbox: [869, 45, 98, 69]
bezier_pts: [869.0, 45.0, 900.72, 53.18, 943.3, 24.44, 966.0, 67.0, 947.0, 113.0, 930.79, 81.35, 901.06, 92.29, 873.0, 94.0]
rec: Baby.....................
text_instance: 13
bbox: [767, 102, 116, 90]
bezier_pts: [767.0, 134.0, 804.33, 122.46, 841.09, 94.09, 882.0, 103.0, 878.0, 168.0, 842.98, 156.32, 809.85, 172.06, 784.0, 191.0]
rec: Anti.....................
text_instance: 14
bbox: [885, 97, 84, 71]
bezier_pts: [893.0, 97.0, 918.0, 99.33, 943.0, 101.67, 968.0, 104.0, 961.0, 167.0, 939.11, 145.26, 906.89, 171.1, 885.0, 151.0]
rec: Monk.....................
text_instance: 15
bbox: [111, 230, 29, 23]
bezier_pts: [111.0, 230.0, 119.4, 230.22, 127.91, 229.21, 136.0, 231.0, 139.0, 252.0, 130.44, 251.83, 122.18, 252.57, 114.0, 251.0]
rec: Anti.....................
text_instance: 16
bbox: [213, 256, 40, 22]
bezier_pts: [217.0, 259.0, 228.67, 258.0, 240.33, 257.0, 252.0, 256.0, 252.0, 274.0, 239.0, 275.0, 226.0, 276.0, 213.0, 277.0]
rec: with.....................
text_instance: 17
bbox: [254, 250, 91, 27]
bezier_pts: [257.0, 256.0, 283.77, 249.72, 315.95, 249.89, 343.0, 250.0, 344.0, 270.0, 313.87, 274.01, 284.02, 275.6, 254.0, 275.0]
rec: Calamine.................
text_instance: 18
bbox: [142, 498, 45, 46]
bezier_pts: [147.0, 498.0, 160.0, 509.0, 173.0, 520.0, 186.0, 531.0, 184.0, 543.0, 168.04, 533.81, 154.23, 521.54, 142.0, 508.0]
rec: Absorber.................
text_instance: 19
bbox: [184, 531, 32, 20]
bezier_pts: [186.0, 532.0, 196.04, 530.02, 204.95, 531.27, 215.0, 531.0, 214.0, 548.0, 204.12, 549.91, 193.81, 549.49, 184.0, 547.0]
rec: and......................
text_instance: 20
bbox: [217, 516, 74, 34]
bezier_pts: [217.0, 534.0, 238.67, 528.0, 260.33, 522.0, 282.0, 516.0, 290.0, 527.0, 268.33, 537.13, 245.67, 544.54, 222.0, 549.0]
rec: Friction.................
text_instance: 21
bbox: [286, 471, 63, 56]
bezier_pts: [286.0, 513.0, 303.67, 499.0, 321.33, 485.0, 339.0, 471.0, 348.0, 481.0, 331.38, 496.73, 315.86, 512.36, 297.0, 526.0]
rec: Fighter..................
text_instance: 22
bbox: [429, 437, 34, 49]
bezier_pts: [438.0, 437.0, 442.84, 451.08, 450.9, 458.07, 462.0, 471.0, 457.0, 485.0, 445.97, 472.81, 437.18, 460.11, 429.0, 446.0]
rec: Sweat....................
text_instance: 23
bbox: [461, 205, 35, 22]
bezier_pts: [462.0, 206.0, 473.0, 205.67, 484.0, 205.33, 495.0, 205.0, 495.0, 226.0, 483.76, 225.85, 472.61, 226.57, 461.0, 225.0]
rec: Anti.....................
text_instance: 24
bbox: [569, 206, 65, 25]
bezier_pts: [569.0, 207.0, 590.33, 207.0, 611.67, 207.0, 633.0, 207.0, 633.0, 229.0, 612.33, 229.0, 591.67, 229.0, 571.0, 229.0]
rec: Powder...................
text_instance: 25
bbox: [571, 233, 33, 20]
bezier_pts: [571.0, 233.0, 581.67, 233.0, 592.33, 233.0, 603.0, 233.0, 603.0, 252.0, 592.67, 252.0, 582.33, 252.0, 572.0, 252.0]
rec: with.....................
text_instance: 26
bbox: [605, 228, 67, 24]
bezier_pts: [605.0, 231.0, 626.7, 227.33, 646.7, 228.11, 668.0, 228.0, 671.0, 248.0, 649.13, 248.13, 627.35, 250.28, 605.0, 249.0]
rec: Calamine.................
text_instance: 27
bbox: [457, 471, 67, 46]
bezier_pts: [464.0, 471.0, 483.67, 481.67, 503.33, 492.33, 523.0, 503.0, 523.0, 516.0, 499.64, 509.2, 477.75, 499.15, 457.0, 487.0]
rec: Absorber.................
text_instance: 28
bbox: [525, 502, 37, 20]
bezier_pts: [526.0, 504.0, 537.54, 502.36, 547.55, 501.72, 559.0, 502.0, 561.0, 519.0, 549.0, 521.67, 537.0, 520.91, 525.0, 519.0]
rec: and......................
text_instance: 29
bbox: [561, 480, 62, 41]
bezier_pts: [561.0, 503.0, 579.0, 495.33, 597.0, 487.67, 615.0, 480.0, 622.0, 492.0, 603.64, 503.91, 583.77, 513.49, 563.0, 520.0]
rec: Friction.................
text_instance: 30
bbox: [617, 437, 51, 55]
bezier_pts: [617.0, 478.0, 630.33, 464.33, 643.67, 450.67, 657.0, 437.0, 667.0, 448.0, 655.93, 463.24, 643.03, 477.73, 629.0, 491.0]
rec: Fighter..................
text_instance: 31
bbox: [619, 295, 42, 28]
bezier_pts: [620.0, 300.0, 632.35, 297.01, 646.06, 294.53, 659.0, 296.0, 660.0, 315.0, 646.33, 317.33, 632.67, 319.67, 619.0, 322.0]
rec: Satin....................
text_instance: 32
bbox: [827, 230, 68, 28]
bezier_pts: [829.0, 231.0, 849.76, 231.05, 874.47, 230.27, 894.0, 236.0, 893.0, 255.0, 870.7, 257.1, 848.7, 255.88, 827.0, 252.0]
rec: Diaper...................
text_instance: 33
bbox: [895, 231, 37, 22]
bezier_pts: [895.0, 232.0, 907.0, 231.67, 919.0, 231.33, 931.0, 231.0, 931.0, 249.0, 919.37, 251.52, 907.48, 251.85, 896.0, 250.0]
rec: Rash.....................
text_instance: 34
bbox: [932, 230, 26, 21]
bezier_pts: [935.0, 231.0, 942.0, 231.0, 949.0, 231.0, 956.0, 231.0, 957.0, 247.0, 948.9, 250.39, 940.45, 250.47, 932.0, 250.0]
rec: Powd.....................
text_instance: 35
bbox: [767, 452, 60, 50]
bezier_pts: [779.0, 452.0, 794.67, 464.33, 810.33, 476.67, 826.0, 489.0, 819.0, 501.0, 800.31, 491.7, 782.69, 479.37, 767.0, 465.0]
rec: Moisture.................
text_instance: 36
bbox: [824, 488, 60, 24]
bezier_pts: [830.0, 488.0, 847.67, 490.67, 865.33, 493.33, 883.0, 496.0, 881.0, 510.0, 861.6, 510.01, 842.7, 507.03, 824.0, 501.0]
rec: Absorber.................
text_instance: 37
bbox: [916, 257, 26, 19]
bezier_pts: [917.0, 262.0, 924.07, 259.97, 932.72, 257.3, 940.0, 257.0, 941.0, 275.0, 932.67, 275.0, 924.33, 275.0, 916.0, 275.0]
rec: with.....................
text_instance: 38
bbox: [883, 488, 25, 24]
bezier_pts: [884.0, 495.0, 891.0, 492.67, 898.0, 490.33, 905.0, 488.0, 907.0, 503.0, 899.0, 505.67, 891.0, 508.33, 883.0, 511.0]
rec: and......................
text_instance: 39
bbox: [721, 495, 18, 24]
bezier_pts: [724.0, 495.0, 728.67, 497.0, 733.33, 499.0, 738.0, 501.0, 737.0, 518.0, 731.05, 517.95, 726.32, 514.25, 721.0, 512.0]
rec: NET......................
text_instance: 40
bbox: [739, 504, 31, 27]
bezier_pts: [739.0, 504.0, 749.58, 506.21, 759.68, 508.52, 769.0, 514.0, 768.0, 530.0, 758.27, 528.09, 748.69, 524.01, 739.0, 521.0]
rec: WT6oz....................
text_instance: 41
bbox: [769, 512, 27, 26]
bezier_pts: [771.0, 512.0, 779.76, 510.7, 787.43, 514.78, 795.0, 517.0, 793.0, 537.0, 785.0, 534.67, 777.0, 532.33, 769.0, 530.0]
rec: 170g.....................
text_instance: 42
bbox: [1011, 194, 32, 16]
bezier_pts: [1015.0, 194.0, 1024.0, 195.67, 1033.0, 197.33, 1042.0, 199.0, 1040.0, 209.0, 1030.04, 208.11, 1020.05, 207.36, 1011.0, 203.0]
rec: 955......................
text_instance: 43
bbox: [974, 241, 34, 13]
bezier_pts: [980.0, 241.0, 988.53, 241.82, 997.0, 243.57, 1006.0, 245.0, 1007.0, 253.0, 995.69, 253.71, 984.55, 252.37, 974.0, 248.0]
rec: LAC......................
text_instance: 44
bbox: [970, 253, 33, 13]
bezier_pts: [972.0, 253.0, 982.0, 254.33, 992.0, 255.67, 1002.0, 257.0, 1002.0, 265.0, 991.2, 265.14, 980.26, 262.85, 970.0, 262.0]
rec: TOU......................
text_instance: 45
bbox: [1053, 222, 29, 26]
bezier_pts: [1058.0, 222.0, 1065.67, 226.67, 1073.33, 231.33, 1081.0, 236.0, 1078.0, 247.0, 1068.66, 244.29, 1060.91, 237.8, 1053.0, 233.0]
rec: LAC......................
text_instance: 46
bbox: [1046, 236, 33, 24]
bezier_pts: [1052.0, 236.0, 1060.67, 240.67, 1069.33, 245.33, 1078.0, 250.0, 1076.0, 259.0, 1065.24, 256.63, 1055.43, 250.6, 1046.0, 245.0]
rec: TOU......................
text_instance: 47
bbox: [1048, 250, 30, 22]
bezier_pts: [1053.0, 250.0, 1060.7, 253.65, 1070.31, 256.32, 1077.0, 262.0, 1077.0, 271.0, 1066.94, 267.37, 1057.18, 265.01, 1048.0, 259.0]
rec: PEN......................
