text_instance: 0
bbox: [242, 177, 143, 233]
bezier_pts: [242.0, 396.0, 264.78, 316.48, 288.6, 232.09, 357.0, 177.0, 384.0, 210.0, 325.9, 260.48, 307.69, 343.3, 276.0, 409.0]
rec: SABAH....................
text_instance: 1
bbox: [454, 50, 216, 93]
bezier_pts: [454.0, 89.0, 521.91, 42.82, 596.27, 46.79, 669.0, 54.0, 650.0, 119.0, 586.07, 90.33, 520.93, 109.99, 463.0, 142.0]
rec: FLYING...................
text_instance: 2
bbox: [720, 116, 114, 191]
bezier_pts: [760.0, 116.0, 808.1, 153.95, 822.53, 221.32, 833.0, 279.0, 773.0, 306.0, 769.04, 252.05, 749.34, 200.39, 720.0, 155.0]
rec: CLUB.....................
