text_instance: 0
bbox: [48, 8, 109, 160]
bezier_pts: [66.0, 8.0, 96.88, 34.7, 125.98, 60.89, 156.0, 91.0, 141.0, 167.0, 107.96, 144.75, 77.2, 120.49, 48.0, 94.0]
rec: EST......................
text_instance: 1
bbox: [149, 94, 167, 209]
bezier_pts: [165.0, 94.0, 213.11, 143.34, 260.01, 193.62, 315.0, 231.0, 309.0, 302.0, 254.03, 262.97, 200.64, 221.83, 149.0, 179.0]
rec: MUSICAL..................
text_instance: 2
bbox: [38, 87, 47, 96]
bezier_pts: [39.0, 87.0, 54.0, 99.67, 69.0, 112.33, 84.0, 125.0, 79.0, 182.0, 64.48, 172.09, 50.72, 161.08, 38.0, 149.0]
rec: 014......................
text_instance: 3
bbox: [84, 133, 65, 94]
bezier_pts: [88.0, 133.0, 107.78, 147.04, 128.66, 163.88, 148.0, 180.0, 139.0, 226.0, 119.59, 214.94, 102.58, 200.89, 84.0, 187.0]
rec: TONY.....................
text_instance: 4
bbox: [144, 189, 76, 93]
bezier_pts: [153.0, 189.0, 178.32, 203.23, 203.49, 219.74, 219.0, 243.0, 211.0, 281.0, 188.67, 265.67, 166.33, 250.33, 144.0, 235.0]
rec: AWARD....................
text_instance: 5
bbox: [245, 271, 69, 90]
bezier_pts: [250.0, 271.0, 273.93, 281.27, 297.6, 299.31, 313.0, 320.0, 309.0, 360.0, 287.67, 344.33, 266.33, 328.67, 245.0, 313.0]
rec: WINNER...................
text_instance: 6
bbox: [11, 328, 184, 265]
bezier_pts: [11.0, 507.0, 99.53, 482.68, 100.51, 358.43, 191.0, 328.0, 194.0, 406.0, 105.83, 440.4, 114.87, 570.94, 14.0, 592.0]
rec: GENTLEMANS...............
text_instance: 7
bbox: [95, 505, 96, 80]
bezier_pts: [95.0, 522.0, 126.0, 516.33, 157.0, 510.67, 188.0, 505.0, 190.0, 560.0, 158.94, 570.92, 127.16, 578.94, 95.0, 584.0]
rec: GUIDE....................
text_instance: 8
bbox: [71, 582, 108, 50]
bezier_pts: [80.0, 597.0, 108.92, 616.24, 142.07, 600.52, 165.0, 582.0, 178.0, 595.0, 148.64, 624.53, 109.76, 639.65, 71.0, 626.0]
rec: LOVEMURDER...............
text_instance: 9
bbox: [273, 254, 94, 557]
bezier_pts: [366.0, 276.0, 359.92, 456.45, 333.37, 634.45, 313.0, 810.0, 273.0, 801.0, 292.99, 617.96, 306.65, 437.4, 330.0, 254.0]
rec: CHICAGO..................
text_instance: 10
bbox: [350, 607, 115, 86]
bezier_pts: [366.0, 607.0, 398.18, 617.95, 429.46, 633.47, 462.0, 649.0, 464.0, 692.0, 426.0, 677.0, 388.0, 662.0, 350.0, 647.0]
rec: JENNIFER.................
text_instance: 11
bbox: [348, 647, 112, 87]
bezier_pts: [350.0, 647.0, 386.6, 657.35, 423.17, 673.66, 459.0, 688.0, 458.0, 733.0, 419.76, 722.33, 383.15, 708.89, 348.0, 693.0]
rec: NETTLES..................
text_instance: 12
bbox: [35, 390, 41, 55]
bezier_pts: [35.0, 396.0, 46.52, 394.41, 57.64, 387.96, 69.0, 391.0, 75.0, 439.0, 63.07, 441.74, 50.33, 443.44, 38.0, 443.0]
rec: A........................
text_instance: 13
bbox: [343, 715, 34, 29]
bezier_pts: [345.0, 715.0, 354.63, 720.27, 366.74, 718.57, 376.0, 726.0, 373.0, 743.0, 363.34, 740.46, 352.29, 738.04, 343.0, 734.0]
rec: NOW......................
text_instance: 14
bbox: [373, 725, 35, 31]
bezier_pts: [375.0, 725.0, 385.67, 728.33, 396.33, 731.67, 407.0, 735.0, 405.0, 755.0, 394.33, 751.33, 383.67, 747.67, 373.0, 744.0]
rec: THRU.....................
text_instance: 15
bbox: [406, 737, 55, 34]
bezier_pts: [406.0, 737.0, 424.72, 741.06, 443.39, 744.37, 460.0, 753.0, 459.0, 770.0, 441.33, 764.33, 423.67, 758.67, 406.0, 753.0]
rec: MARCH29..................
