text_instance: 0
bbox: [172, 307, 29, 74]
bezier_pts: [185.0, 380.0, 171.96, 356.98, 165.19, 331.59, 178.0, 307.0, 189.0, 313.0, 191.6, 331.54, 187.29, 353.89, 200.0, 370.0]
rec: BAGISAG..................
text_instance: 1
bbox: [198, 267, 67, 27]
bezier_pts: [198.0, 278.0, 220.04, 265.08, 243.17, 262.88, 264.0, 276.0, 258.0, 290.0, 241.0, 291.0, 224.0, 292.0, 207.0, 293.0]
rec: PANGULO..................
text_instance: 2
bbox: [274, 304, 27, 74]
bezier_pts: [288.0, 304.0, 311.79, 320.81, 302.03, 356.89, 288.0, 377.0, 274.0, 367.0, 284.82, 349.48, 281.41, 330.86, 275.0, 314.0]
rec: PILIPINAS................
text_instance: 3
bbox: [220, 194, 374, 92]
bezier_pts: [220.0, 194.0, 344.33, 197.0, 468.67, 200.0, 593.0, 203.0, 587.0, 282.0, 468.27, 272.92, 349.49, 281.6, 236.0, 276.0]
rec: BANGSAMOR................
text_instance: 4
bbox: [178, 287, 25, 26]
bezier_pts: [178.0, 304.0, 181.93, 297.22, 187.55, 290.52, 195.0, 287.0, 202.0, 296.0, 198.33, 301.33, 194.67, 306.67, 191.0, 312.0]
rec: NG.......................
text_instance: 5
bbox: [262, 280, 26, 27]
bezier_pts: [271.0, 280.0, 276.33, 286.67, 281.67, 293.33, 287.0, 300.0, 278.0, 306.0, 272.67, 301.67, 267.33, 297.33, 262.0, 293.0]
rec: NG.......................
