text_instance: 0
bbox: [729, 755, 516, 132]
bezier_pts: [729.0, 798.0, 896.67, 783.67, 1064.33, 769.33, 1232.0, 755.0, 1244.0, 847.0, 1074.03, 862.94, 904.82, 875.9, 735.0, 886.0]
rec: AKSARAY..................
text_instance: 1
bbox: [686, 886, 620, 233]
bezier_pts: [689.0, 929.0, 892.64, 910.96, 1097.87, 902.16, 1305.0, 886.0, 1305.0, 1091.0, 1098.67, 1100.0, 892.33, 1109.0, 686.0, 1118.0]
rec: AVm......................
text_instance: 2
bbox: [744, 1278, 462, 137]
bezier_pts: [744.0, 1329.0, 894.96, 1242.68, 1043.81, 1279.81, 1205.0, 1292.0, 1199.0, 1386.0, 1055.67, 1395.33, 912.33, 1404.67, 769.0, 1414.0]
rec: OUTLET...................
