text_instance: 0
bbox: [254, 215, 89, 80]
bezier_pts: [280.0, 215.0, 300.67, 227.67, 321.33, 240.33, 342.0, 253.0, 317.0, 294.0, 294.46, 282.41, 273.57, 268.68, 254.0, 253.0]
rec: OLD......................
text_instance: 1
bbox: [323, 263, 193, 107]
bezier_pts: [357.0, 263.0, 402.32, 301.4, 460.99, 312.4, 515.0, 322.0, 508.0, 369.0, 446.33, 350.33, 384.67, 331.67, 323.0, 313.0]
rec: HAHNDORF.................
text_instance: 2
bbox: [526, 303, 122, 65]
bezier_pts: [526.0, 321.0, 560.0, 315.0, 594.0, 309.0, 628.0, 303.0, 647.0, 343.0, 608.96, 351.57, 571.46, 360.81, 533.0, 367.0]
rec: VILLAGE..................
text_instance: 3
bbox: [644, 249, 108, 92]
bezier_pts: [644.0, 300.0, 676.33, 290.28, 704.02, 274.63, 727.0, 249.0, 751.0, 279.0, 718.15, 301.91, 683.84, 321.94, 649.0, 340.0]
rec: MARKET...................
text_instance: 4
bbox: [828, 252, 76, 42]
bezier_pts: [828.0, 257.0, 853.0, 255.33, 878.0, 253.67, 903.0, 252.0, 900.0, 287.0, 877.0, 289.0, 854.0, 291.0, 831.0, 293.0]
rec: Gifts....................
text_instance: 5
bbox: [785, 269, 39, 32]
bezier_pts: [785.0, 271.0, 797.67, 270.33, 810.33, 269.67, 823.0, 269.0, 822.0, 295.0, 807.64, 300.03, 798.45, 286.7, 785.0, 290.0]
rec: ery......................
text_instance: 6
bbox: [788, 298, 72, 13]
bezier_pts: [788.0, 301.0, 812.35, 297.35, 835.07, 298.11, 859.0, 298.0, 858.0, 307.0, 834.82, 309.26, 811.76, 310.3, 789.0, 310.0]
rec: HNDROF...................
