text_instance: 0
bbox: [5, 174, 55, 28]
bezier_pts: [5.0, 187.0, 22.67, 182.67, 40.33, 178.33, 58.0, 174.0, 59.0, 187.0, 41.0, 191.67, 23.0, 196.33, 5.0, 201.0]
rec: BRUNELL..................
text_instance: 1
bbox: [63, 166, 29, 24]
bezier_pts: [63.0, 173.0, 72.0, 170.67, 81.0, 168.33, 90.0, 166.0, 91.0, 183.0, 81.67, 185.0, 72.33, 187.0, 63.0, 189.0]
rec: YOu......................
text_instance: 2
bbox: [91, 163, 32, 19]
bezier_pts: [91.0, 168.0, 101.0, 166.33, 111.0, 164.67, 121.0, 163.0, 122.0, 176.0, 112.97, 179.2, 104.5, 179.71, 95.0, 181.0]
rec: CAN......................
text_instance: 3
bbox: [44, 212, 119, 48]
bezier_pts: [44.0, 212.0, 80.77, 217.61, 117.92, 229.34, 153.0, 214.0, 162.0, 254.0, 123.79, 267.13, 86.57, 251.92, 50.0, 249.0]
rec: MOVIE....................
text_instance: 4
bbox: [178, 146, 194, 103]
bezier_pts: [178.0, 206.0, 239.41, 191.48, 303.14, 180.85, 355.0, 146.0, 371.0, 189.0, 314.58, 220.93, 253.81, 235.26, 194.0, 248.0]
rec: TICKET...................
text_instance: 5
bbox: [199, 274, 42, 27]
bezier_pts: [201.0, 282.0, 214.0, 279.33, 227.0, 276.67, 240.0, 274.0, 238.0, 293.0, 225.0, 295.33, 212.0, 297.67, 199.0, 300.0]
rec: with.....................
text_instance: 6
bbox: [241, 271, 45, 27]
bezier_pts: [246.0, 276.0, 259.0, 274.33, 272.0, 272.67, 285.0, 271.0, 280.0, 293.0, 267.0, 294.33, 254.0, 295.67, 241.0, 297.0]
rec: your.....................
text_instance: 7
bbox: [286, 259, 51, 30]
bezier_pts: [290.0, 267.0, 305.33, 264.33, 320.67, 261.67, 336.0, 259.0, 326.0, 287.0, 312.67, 287.33, 299.33, 287.67, 286.0, 288.0]
rec: meal.....................
text_instance: 8
bbox: [343, 260, 37, 28]
bezier_pts: [344.0, 265.0, 355.67, 263.33, 367.33, 261.67, 379.0, 260.0, 373.0, 285.0, 363.0, 285.67, 353.0, 286.33, 343.0, 287.0]
rec: any......................
text_instance: 9
bbox: [382, 246, 43, 33]
bezier_pts: [382.0, 255.0, 396.0, 252.0, 410.0, 249.0, 424.0, 246.0, 415.0, 276.0, 404.0, 276.67, 393.0, 277.33, 382.0, 278.0]
rec: day......................
