text_instance: 0
bbox: [560, 295, 205, 79]
bezier_pts: [560.0, 313.0, 627.45, 302.25, 697.64, 297.46, 764.0, 295.0, 763.0, 358.0, 695.94, 365.31, 631.14, 370.6, 566.0, 373.0]
rec: SIGN.....................
text_instance: 1
bbox: [802, 291, 220, 91]
bezier_pts: [803.0, 291.0, 875.49, 299.92, 946.62, 299.79, 1021.0, 316.0, 1009.0, 381.0, 940.0, 372.33, 871.0, 363.67, 802.0, 355.0]
rec: POST.....................
text_instance: 2
bbox: [631, 375, 316, 73]
bezier_pts: [631.0, 382.0, 737.82, 372.96, 843.19, 374.17, 946.0, 385.0, 936.0, 441.0, 840.33, 443.0, 744.67, 445.0, 649.0, 447.0]
rec: FOREST...................
