text_instance: 0
bbox: [174, 424, 199, 38]
bezier_pts: [174.0, 424.0, 240.0, 424.0, 306.0, 424.0, 372.0, 424.0, 372.0, 460.0, 306.0, 460.0, 240.0, 460.0, 174.0, 460.0]
rec: MATHEW...................
text_instance: 1
bbox: [420, 418, 164, 38]
bezier_pts: [420.0, 418.0, 474.33, 418.0, 528.67, 418.0, 583.0, 418.0, 583.0, 454.0, 528.31, 454.01, 473.04, 454.33, 420.0, 454.0]
rec: STREET...................
text_instance: 2
bbox: [131, 226, 168, 160]
bezier_pts: [131.0, 366.0, 164.66, 304.87, 210.6, 264.45, 266.0, 226.0, 298.0, 278.0, 257.62, 301.51, 211.39, 330.88, 203.0, 385.0]
rec: THE......................
text_instance: 3
bbox: [331, 200, 308, 181]
bezier_pts: [345.0, 200.0, 468.0, 198.98, 579.02, 243.13, 638.0, 355.0, 569.0, 380.0, 528.0, 277.73, 430.41, 251.68, 331.0, 259.0]
rec: CAVERN...................
text_instance: 4
bbox: [176, 549, 406, 138]
bezier_pts: [217.0, 549.0, 310.95, 642.7, 434.51, 651.45, 525.0, 551.0, 581.0, 587.0, 463.26, 711.87, 297.65, 725.19, 176.0, 611.0]
rec: QUARTER..................
