text_instance: 0
bbox: [547, 226, 89, 38]
bezier_pts: [550.0, 236.0, 575.27, 248.59, 600.78, 235.43, 623.0, 226.0, 635.0, 242.0, 610.35, 258.05, 577.64, 270.52, 547.0, 258.0]
rec: WASHMASTER...............
text_instance: 1
bbox: [73, 221, 23, 13]
bezier_pts: [73.0, 222.0, 80.33, 221.67, 87.67, 221.33, 95.0, 221.0, 95.0, 231.0, 88.12, 233.6, 80.24, 233.64, 73.0, 232.0]
rec: PUSAT....................
text_instance: 2
bbox: [95, 220, 33, 13]
bezier_pts: [96.0, 221.0, 106.33, 220.67, 116.67, 220.33, 127.0, 220.0, 126.0, 230.0, 115.24, 231.57, 105.54, 230.83, 95.0, 231.0]
rec: INTERNET.................
text_instance: 3
bbox: [562, 162, 20, 14]
bezier_pts: [562.0, 162.0, 568.44, 162.56, 574.73, 160.62, 581.0, 163.0, 581.0, 175.0, 575.0, 174.67, 569.0, 174.33, 563.0, 174.0]
rec: 19B......................
text_instance: 4
bbox: [360, 216, 28, 15]
bezier_pts: [360.0, 216.0, 369.0, 216.0, 378.0, 216.0, 387.0, 216.0, 387.0, 230.0, 378.67, 230.0, 370.33, 230.0, 362.0, 230.0]
rec: KEDAI....................
text_instance: 5
bbox: [397, 214, 21, 16]
bezier_pts: [397.0, 215.0, 403.67, 213.23, 410.33, 213.23, 417.0, 215.0, 416.0, 229.0, 409.73, 228.91, 404.25, 229.54, 398.0, 228.0]
rec: CIAN.....................
text_instance: 6
bbox: [419, 213, 32, 17]
bezier_pts: [419.0, 214.0, 429.33, 213.67, 439.67, 213.33, 450.0, 213.0, 450.0, 229.0, 439.58, 228.85, 429.41, 229.6, 419.0, 228.0]
rec: KERING...................
text_instance: 7
bbox: [437, 221, 67, 40]
bezier_pts: [437.0, 242.0, 456.51, 230.95, 479.18, 216.7, 503.0, 222.0, 502.0, 244.0, 486.0, 249.33, 470.0, 254.67, 454.0, 260.0]
rec: LAUNDRY..................
