text_instance: 0
bbox: [83, 147, 257, 83]
bezier_pts: [91.0, 147.0, 181.12, 135.09, 256.73, 186.52, 336.0, 209.0, 339.0, 229.0, 257.36, 216.84, 172.56, 173.38, 83.0, 210.0]
rec: Abbondanza...............
text_instance: 1
bbox: [162, 201, 87, 50]
bezier_pts: [162.0, 208.0, 191.1, 201.02, 216.12, 203.27, 245.0, 201.0, 248.0, 236.0, 230.6, 271.8, 191.65, 231.82, 170.0, 250.0]
rec: Cafe.....................
text_instance: 2
bbox: [665, 377, 60, 39]
bezier_pts: [666.0, 389.0, 682.91, 380.13, 704.17, 378.22, 723.0, 377.0, 724.0, 399.0, 705.53, 407.93, 687.18, 418.93, 665.0, 415.0]
rec: USIS.....................
