text_instance: 0
bbox: [55, 279, 92, 37]
bezier_pts: [55.0, 279.0, 85.33, 279.0, 115.67, 279.0, 146.0, 279.0, 146.0, 314.0, 115.67, 314.0, 85.33, 314.0, 55.0, 314.0]
rec: BAK......................
text_instance: 1
bbox: [154, 279, 76, 40]
bezier_pts: [154.0, 279.0, 179.0, 279.0, 204.0, 279.0, 229.0, 279.0, 229.0, 318.0, 204.0, 318.0, 179.0, 318.0, 154.0, 318.0]
rec: KUT......................
text_instance: 2
bbox: [237, 283, 55, 36]
bezier_pts: [237.0, 283.0, 255.0, 283.0, 273.0, 283.0, 291.0, 283.0, 291.0, 318.0, 273.0, 318.0, 255.0, 318.0, 237.0, 318.0]
rec: TE.......................
text_instance: 3
bbox: [172, 267, 58, 17]
bezier_pts: [172.0, 267.0, 191.0, 267.0, 210.0, 267.0, 229.0, 267.0, 229.0, 283.0, 210.0, 283.0, 191.0, 283.0, 172.0, 283.0]
rec: KLANG....................
text_instance: 4
bbox: [303, 164, 82, 96]
bezier_pts: [303.0, 258.0, 310.26, 213.63, 337.72, 182.33, 379.0, 164.0, 384.0, 186.0, 353.8, 198.81, 332.68, 226.66, 328.0, 259.0]
rec: Taiwan...................
text_instance: 5
bbox: [387, 111, 154, 66]
bezier_pts: [387.0, 146.0, 430.33, 108.5, 489.79, 117.89, 540.0, 111.0, 529.0, 157.0, 482.67, 163.33, 436.33, 169.67, 390.0, 176.0]
rec: Braised..................
text_instance: 6
bbox: [536, 118, 116, 100]
bezier_pts: [559.0, 118.0, 606.79, 119.48, 625.58, 163.88, 651.0, 196.0, 600.0, 217.0, 594.17, 181.95, 567.39, 164.7, 536.0, 157.0]
rec: Meat.....................
text_instance: 7
bbox: [350, 224, 65, 42]
bezier_pts: [350.0, 230.0, 370.33, 228.0, 390.67, 226.0, 411.0, 224.0, 414.0, 253.0, 394.71, 259.89, 374.96, 263.91, 354.0, 265.0]
rec: Rice.....................
text_instance: 8
bbox: [462, 199, 84, 50]
bezier_pts: [462.0, 208.0, 489.33, 205.0, 516.67, 202.0, 544.0, 199.0, 545.0, 238.0, 518.33, 244.43, 491.67, 247.71, 465.0, 248.0]
rec: Mee......................
text_instance: 9
bbox: [50, 365, 21, 12]
bezier_pts: [50.0, 366.0, 56.38, 366.95, 62.62, 363.32, 69.0, 366.0, 70.0, 374.0, 63.45, 376.5, 56.62, 376.83, 50.0, 375.0]
rec: KAM......................
