text_instance: 0
bbox: [283, 408, 85, 136]
bezier_pts: [283.0, 543.0, 288.41, 496.51, 299.84, 455.73, 304.0, 408.0, 367.0, 411.0, 351.34, 450.86, 310.44, 493.68, 332.0, 541.0]
rec: FOR......................
text_instance: 1
bbox: [303, 604, 197, 195]
bezier_pts: [481.0, 798.0, 413.47, 750.45, 308.15, 722.04, 303.0, 619.0, 341.0, 604.0, 370.32, 677.87, 417.14, 730.55, 499.0, 743.0]
rec: AGENT....................
text_instance: 2
bbox: [550, 660, 158, 145]
bezier_pts: [707.0, 742.0, 656.67, 762.67, 606.33, 783.33, 556.0, 804.0, 550.0, 735.0, 606.07, 728.52, 657.21, 696.88, 697.0, 660.0]
rec: SOLE.....................
text_instance: 3
bbox: [437, 250, 214, 160]
bezier_pts: [607.0, 409.0, 537.19, 385.78, 487.88, 337.05, 437.0, 291.0, 485.0, 250.0, 534.46, 304.33, 602.49, 314.96, 650.0, 373.0]
rec: SHOES....................
text_instance: 4
bbox: [629, 382, 196, 163]
bezier_pts: [773.0, 544.0, 726.13, 505.66, 685.54, 466.44, 629.0, 445.0, 661.0, 382.0, 716.92, 417.03, 771.18, 455.35, 824.0, 492.0]
rec: LIDO.....................
text_instance: 5
bbox: [515, 213, 136, 121]
bezier_pts: [626.0, 333.0, 589.0, 307.33, 552.0, 281.67, 515.0, 256.0, 547.0, 213.0, 581.33, 240.33, 615.67, 267.67, 650.0, 295.0]
rec: ENGLAND..................
text_instance: 6
bbox: [643, 300, 55, 65]
bezier_pts: [671.0, 364.0, 661.67, 357.0, 652.33, 350.0, 643.0, 343.0, 661.0, 300.0, 673.0, 307.33, 685.0, 314.67, 697.0, 322.0]
rec: IN.......................
text_instance: 7
bbox: [688, 336, 116, 95]
bezier_pts: [775.0, 430.0, 746.0, 411.67, 717.0, 393.33, 688.0, 375.0, 709.0, 336.0, 740.33, 356.0, 771.67, 376.0, 803.0, 396.0]
rec: MADE.....................
