text_instance: 0
bbox: [137, 144, 725, 221]
bezier_pts: [137.0, 269.0, 350.1, 81.0, 650.84, 93.09, 861.0, 279.0, 793.0, 364.0, 599.69, 208.92, 393.8, 212.03, 202.0, 352.0]
rec: HORSTEAD.................
text_instance: 1
bbox: [282, 353, 80, 66]
bezier_pts: [317.0, 353.0, 331.67, 363.33, 346.33, 373.67, 361.0, 384.0, 332.0, 418.0, 315.33, 407.33, 298.67, 396.67, 282.0, 386.0]
rec: 19.......................
text_instance: 2
bbox: [357, 391, 88, 65]
bezier_pts: [369.0, 391.0, 394.0, 399.0, 419.0, 407.0, 444.0, 415.0, 437.0, 455.0, 409.52, 448.64, 383.29, 438.51, 357.0, 430.0]
rec: 23.......................
text_instance: 3
bbox: [554, 401, 73, 55]
bezier_pts: [554.0, 415.0, 573.33, 410.33, 592.67, 405.67, 612.0, 401.0, 626.0, 437.0, 605.25, 445.8, 583.89, 451.77, 562.0, 455.0]
rec: 19.......................
text_instance: 4
bbox: [637, 362, 76, 67]
bezier_pts: [637.0, 389.0, 654.33, 380.0, 671.67, 371.0, 689.0, 362.0, 712.0, 392.0, 692.25, 404.55, 672.09, 416.83, 652.0, 428.0]
rec: 48.......................
