text_instance: 0
bbox: [721, 475, 102, 43]
bezier_pts: [721.0, 478.0, 754.67, 477.0, 788.33, 476.0, 822.0, 475.0, 822.0, 514.0, 790.67, 515.0, 759.33, 516.0, 728.0, 517.0]
rec: www......................
text_instance: 1
bbox: [828, 469, 209, 62]
bezier_pts: [828.0, 469.0, 896.33, 470.0, 964.67, 471.0, 1033.0, 472.0, 1036.0, 527.0, 968.67, 528.0, 901.33, 529.0, 834.0, 530.0]
rec: tribecafsp...............
text_instance: 2
bbox: [1039, 475, 86, 46]
bezier_pts: [1039.0, 478.0, 1065.33, 477.0, 1091.67, 476.0, 1118.0, 475.0, 1124.0, 514.0, 1097.67, 516.0, 1071.33, 518.0, 1045.0, 520.0]
rec: com......................
text_instance: 3
bbox: [789, 1225, 62, 89]
bezier_pts: [789.0, 1283.0, 800.0, 1263.67, 811.0, 1244.33, 822.0, 1225.0, 850.0, 1249.0, 832.97, 1267.19, 831.48, 1290.42, 822.0, 1313.0]
rec: FAITH....................
text_instance: 4
bbox: [837, 1199, 114, 60]
bezier_pts: [837.0, 1216.0, 874.36, 1204.17, 909.62, 1195.77, 950.0, 1200.0, 950.0, 1234.0, 919.67, 1242.0, 889.33, 1250.0, 859.0, 1258.0]
rec: BELEDIVE.................
text_instance: 5
bbox: [953, 1191, 154, 114]
bezier_pts: [959.0, 1191.0, 1020.92, 1200.11, 1063.2, 1244.01, 1106.0, 1283.0, 1051.0, 1304.0, 1039.33, 1250.51, 998.75, 1239.04, 953.0, 1240.0]
rec: BASKANLIGI...............
text_instance: 6
bbox: [871, 2012, 153, 46]
bezier_pts: [871.0, 2012.0, 921.67, 2016.0, 972.33, 2020.0, 1023.0, 2024.0, 1017.0, 2057.0, 969.33, 2053.0, 921.67, 2049.0, 874.0, 2045.0]
rec: Triheca..................
