text_instance: 0
bbox: [218, 67, 120, 49]
bezier_pts: [218.0, 101.0, 252.96, 69.12, 293.26, 67.98, 337.0, 67.0, 333.0, 88.0, 300.07, 85.47, 266.7, 95.3, 239.0, 115.0]
rec: TUTTO....................
text_instance: 1
bbox: [362, 73, 78, 90]
bezier_pts: [377.0, 73.0, 415.6, 88.84, 440.89, 119.76, 439.0, 162.0, 406.0, 162.0, 410.57, 129.54, 388.05, 108.22, 362.0, 95.0]
rec: MATTO....................
text_instance: 2
bbox: [224, 113, 181, 64]
bezier_pts: [224.0, 117.0, 283.07, 112.06, 346.62, 102.6, 404.0, 126.0, 392.0, 176.0, 335.34, 160.39, 280.99, 174.52, 228.0, 147.0]
rec: Tutto....................
text_instance: 3
bbox: [222, 140, 172, 83]
bezier_pts: [228.0, 140.0, 277.53, 173.36, 345.26, 135.56, 393.0, 177.0, 365.0, 222.0, 321.21, 198.66, 270.63, 195.7, 222.0, 195.0]
rec: Matto....................
text_instance: 4
bbox: [376, 176, 45, 46]
bezier_pts: [376.0, 206.0, 389.93, 198.25, 394.33, 189.16, 399.0, 176.0, 420.0, 178.0, 419.06, 197.72, 409.0, 212.37, 391.0, 221.0]
rec: PIZZA....................
text_instance: 5
bbox: [305, 223, 62, 30]
bezier_pts: [305.0, 235.0, 319.33, 231.0, 333.67, 227.0, 348.0, 223.0, 366.0, 235.0, 356.47, 261.02, 325.13, 250.37, 306.0, 251.0]
rec: PASTA....................
text_instance: 6
bbox: [241, 224, 55, 31]
bezier_pts: [244.0, 224.0, 261.0, 227.33, 278.0, 230.67, 295.0, 234.0, 295.0, 254.0, 277.07, 254.13, 256.12, 254.4, 241.0, 241.0]
rec: BAKED....................
text_instance: 7
bbox: [198, 190, 49, 50]
bezier_pts: [215.0, 190.0, 221.11, 201.71, 233.47, 212.51, 246.0, 221.0, 229.0, 239.0, 206.63, 236.55, 202.1, 217.94, 198.0, 202.0]
rec: STONE....................
text_instance: 8
bbox: [192, 156, 24, 39]
bezier_pts: [208.0, 156.0, 212.83, 166.55, 212.88, 178.55, 215.0, 190.0, 196.0, 194.0, 189.02, 181.67, 191.78, 168.44, 193.0, 156.0]
rec: OVEN.....................
text_instance: 9
bbox: [194, 118, 35, 41]
bezier_pts: [228.0, 125.0, 220.69, 136.82, 216.16, 142.91, 210.0, 158.0, 194.0, 149.0, 200.0, 138.67, 206.0, 128.33, 212.0, 118.0]
rec: CLAY.....................
