text_instance: 0
bbox: [237, 291, 66, 38]
bezier_pts: [237.0, 291.0, 258.67, 291.0, 280.33, 291.0, 302.0, 291.0, 302.0, 325.0, 279.77, 325.23, 258.3, 325.3, 237.0, 325.0]
rec: ALVES....................
text_instance: 1
bbox: [161, 4, 354, 141]
bezier_pts: [161.0, 84.0, 261.76, -40.32, 413.23, -38.63, 514.0, 88.0, 475.0, 144.0, 395.99, 62.55, 295.61, 45.95, 209.0, 134.0]
rec: PARIS....................
text_instance: 2
bbox: [182, 294, 51, 32]
bezier_pts: [182.0, 297.0, 198.0, 296.0, 214.0, 295.0, 230.0, 294.0, 232.0, 324.0, 215.67, 324.0, 199.33, 324.0, 183.0, 324.0]
rec: DANI.....................
text_instance: 3
bbox: [195, 337, 90, 81]
bezier_pts: [195.0, 338.0, 224.0, 337.67, 253.0, 337.33, 282.0, 337.0, 284.0, 415.0, 255.55, 415.52, 226.42, 415.94, 198.0, 413.0]
rec: 32.......................
