text_instance: 0
bbox: [116, 339, 92, 84]
bezier_pts: [116.0, 415.0, 129.83, 374.61, 162.48, 352.72, 202.0, 339.0, 207.0, 361.0, 172.49, 363.72, 150.02, 396.06, 136.0, 422.0]
rec: WOODFORD.................
text_instance: 1
bbox: [214, 330, 102, 32]
bezier_pts: [214.0, 335.0, 249.84, 326.98, 282.35, 328.62, 315.0, 343.0, 309.0, 361.0, 280.45, 349.14, 248.34, 347.92, 218.0, 352.0]
rec: RESERVE..................
text_instance: 2
bbox: [317, 348, 85, 94]
bezier_pts: [327.0, 348.0, 368.14, 363.83, 388.46, 398.65, 401.0, 439.0, 380.0, 441.0, 371.32, 405.63, 346.62, 380.78, 317.0, 364.0]
rec: DISTILLERY...............
text_instance: 3
bbox: [201, 364, 47, 29]
bezier_pts: [201.0, 375.0, 214.1, 367.72, 231.24, 364.55, 246.0, 364.0, 247.0, 384.0, 235.0, 386.67, 223.0, 389.33, 211.0, 392.0]
rec: DSP......................
text_instance: 4
bbox: [253, 363, 34, 28]
bezier_pts: [257.0, 363.0, 266.67, 364.0, 276.33, 365.0, 286.0, 366.0, 283.0, 388.0, 272.92, 388.25, 262.66, 386.5, 253.0, 383.0]
rec: KY.......................
text_instance: 5
bbox: [290, 370, 35, 34]
bezier_pts: [297.0, 370.0, 307.63, 370.3, 315.92, 377.25, 324.0, 384.0, 316.0, 401.0, 315.06, 409.92, 282.99, 396.09, 290.0, 391.0]
rec: 52.......................
text_instance: 6
bbox: [169, 473, 84, 23]
bezier_pts: [171.0, 473.0, 198.0, 475.33, 225.0, 477.67, 252.0, 480.0, 251.0, 495.0, 223.67, 493.33, 196.33, 491.67, 169.0, 490.0]
rec: BOURBON..................
text_instance: 7
bbox: [260, 480, 75, 23]
bezier_pts: [260.0, 480.0, 284.67, 481.67, 309.33, 483.33, 334.0, 485.0, 332.0, 502.0, 308.0, 500.82, 284.0, 498.48, 260.0, 495.0]
rec: WHISKEY..................
