text_instance: 0
bbox: [83, 185, 62, 86]
bezier_pts: [83.0, 263.0, 91.11, 234.18, 93.87, 199.67, 124.0, 185.0, 144.0, 199.0, 119.42, 214.99, 118.92, 246.01, 112.0, 270.0]
rec: LOie.....................
text_instance: 1
bbox: [277, 173, 55, 86]
bezier_pts: [293.0, 173.0, 319.26, 192.1, 322.49, 221.93, 331.0, 252.0, 311.0, 258.0, 306.65, 234.08, 295.14, 210.99, 277.0, 194.0]
rec: Bleue....................
text_instance: 2
bbox: [120, 326, 171, 55]
bezier_pts: [143.0, 326.0, 184.42, 362.84, 227.99, 359.47, 275.0, 336.0, 290.0, 358.0, 233.75, 389.06, 170.4, 390.84, 120.0, 351.0]
rec: LIBRAIRIE................
text_instance: 3
bbox: [19, 323, 88, 27]
bezier_pts: [19.0, 323.0, 48.0, 325.33, 77.0, 327.67, 106.0, 330.0, 106.0, 349.0, 78.0, 347.89, 50.0, 345.89, 22.0, 343.0]
rec: ESTAURANT................
text_instance: 4
bbox: [27, 258, 37, 23]
bezier_pts: [27.0, 261.0, 38.32, 260.19, 49.15, 256.05, 61.0, 259.0, 63.0, 272.0, 54.33, 274.67, 45.67, 277.33, 37.0, 280.0]
rec: tete.....................
text_instance: 5
bbox: [16, 268, 22, 22]
bezier_pts: [16.0, 281.0, 16.11, 285.11, 21.08, 268.51, 28.0, 268.0, 37.0, 277.0, 33.33, 281.0, 29.67, 285.0, 26.0, 289.0]
rec: ia.......................
text_instance: 6
bbox: [62, 254, 23, 25]
bezier_pts: [70.0, 254.0, 74.67, 256.33, 79.33, 258.67, 84.0, 261.0, 84.0, 278.0, 76.05, 277.93, 69.23, 274.51, 62.0, 272.0]
rec: de.......................
