text_instance: 0
bbox: [131, 36, 51, 30]
bezier_pts: [131.0, 40.0, 147.0, 38.67, 163.0, 37.33, 179.0, 36.0, 181.0, 57.0, 166.98, 62.53, 152.44, 65.39, 137.0, 65.0]
rec: the......................
text_instance: 1
bbox: [96, 52, 129, 50]
bezier_pts: [97.0, 54.0, 140.3, 62.92, 180.85, 62.25, 224.0, 52.0, 221.0, 87.0, 179.04, 92.3, 137.01, 96.66, 96.0, 101.0]
rec: SIMPSONS.................
text_instance: 2
bbox: [91, 84, 139, 69]
bezier_pts: [94.0, 99.0, 138.33, 94.0, 182.67, 89.0, 227.0, 84.0, 229.0, 121.0, 185.87, 154.54, 139.07, 144.98, 91.0, 152.0]
rec: RIDE.....................
text_instance: 3
bbox: [332, 49, 227, 74]
bezier_pts: [332.0, 83.0, 404.86, 32.22, 485.23, 37.68, 558.0, 76.0, 538.0, 122.0, 476.67, 102.16, 415.58, 72.77, 363.0, 122.0]
rec: KRUSTYLAND...............
