text_instance: 0
bbox: [230, 465, 54, 97]
bezier_pts: [230.0, 556.0, 236.77, 525.51, 229.46, 493.84, 242.0, 465.0, 283.0, 478.0, 276.33, 503.94, 275.67, 533.39, 281.0, 561.0]
rec: THE......................
text_instance: 1
bbox: [248, 246, 238, 225]
bezier_pts: [248.0, 446.0, 274.55, 339.29, 368.43, 269.26, 468.0, 246.0, 485.0, 294.0, 385.87, 316.84, 319.78, 372.5, 288.0, 470.0]
rec: INSTITUTION..............
text_instance: 2
bbox: [571, 231, 263, 178]
bezier_pts: [571.0, 231.0, 671.61, 241.86, 768.47, 290.47, 833.0, 375.0, 796.0, 408.0, 738.25, 342.38, 666.38, 287.61, 572.0, 286.0]
rec: ENGINEERS................
text_instance: 3
bbox: [803, 399, 85, 142]
bezier_pts: [850.0, 399.0, 870.62, 442.11, 886.05, 484.94, 887.0, 534.0, 838.0, 540.0, 840.26, 496.69, 824.73, 462.18, 803.0, 426.0]
rec: INDIA....................
text_instance: 4
bbox: [262, 630, 225, 199]
bezier_pts: [299.0, 630.0, 331.85, 714.57, 397.22, 769.32, 485.0, 797.0, 486.0, 828.0, 380.73, 812.27, 305.87, 735.67, 262.0, 641.0]
rec: INCORPORATED.............
text_instance: 5
bbox: [473, 757, 100, 49]
bezier_pts: [479.0, 757.0, 508.67, 763.67, 538.33, 770.33, 568.0, 777.0, 572.0, 805.0, 538.04, 803.59, 505.59, 799.49, 473.0, 793.0]
rec: ESTD.....................
text_instance: 6
bbox: [581, 765, 82, 44]
bezier_pts: [581.0, 774.0, 603.67, 771.0, 626.33, 768.0, 649.0, 765.0, 662.0, 792.0, 636.43, 800.06, 609.9, 805.41, 583.0, 808.0]
rec: 1920.....................
text_instance: 7
bbox: [554, 795, 126, 49]
bezier_pts: [554.0, 807.0, 589.67, 803.0, 625.33, 799.0, 661.0, 795.0, 679.0, 825.0, 637.76, 833.92, 595.84, 839.96, 554.0, 843.0]
rec: ROYAL....................
text_instance: 8
bbox: [662, 697, 165, 127]
bezier_pts: [662.0, 790.0, 724.26, 781.54, 756.09, 737.77, 797.0, 697.0, 826.0, 712.0, 792.5, 763.22, 743.7, 798.74, 689.0, 823.0]
rec: CHARTER..................
text_instance: 9
bbox: [796, 621, 74, 88]
bezier_pts: [796.0, 685.0, 812.16, 666.65, 824.7, 645.75, 832.0, 621.0, 869.0, 631.0, 855.95, 656.36, 843.61, 683.03, 830.0, 708.0]
rec: 1935.....................
text_instance: 10
bbox: [491, 234, 66, 54]
bezier_pts: [491.0, 241.0, 511.94, 232.48, 534.74, 231.43, 556.0, 237.0, 556.0, 282.0, 535.0, 283.67, 514.0, 285.33, 493.0, 287.0]
rec: OF.......................
text_instance: 11
bbox: [488, 803, 59, 38]
bezier_pts: [494.0, 803.0, 511.33, 805.33, 528.67, 807.67, 546.0, 810.0, 538.0, 840.0, 521.33, 836.33, 504.67, 832.67, 488.0, 829.0]
rec: BY.......................
