text_instance: 0
bbox: [122, 179, 83, 36]
bezier_pts: [122.0, 206.0, 142.76, 163.04, 184.56, 167.13, 204.0, 208.0, 190.0, 214.0, 183.44, 179.93, 147.29, 184.43, 133.0, 212.0]
rec: SFFCCCKS.................
text_instance: 1
bbox: [125, 228, 68, 29]
bezier_pts: [132.0, 231.0, 150.87, 237.01, 166.78, 242.92, 184.0, 228.0, 192.0, 242.0, 171.75, 265.5, 146.6, 256.33, 125.0, 245.0]
rec: COFFEE...................
text_instance: 2
bbox: [212, 192, 310, 46]
bezier_pts: [218.0, 192.0, 317.67, 192.67, 417.33, 193.33, 517.0, 194.0, 521.0, 237.0, 418.0, 236.0, 315.0, 235.0, 212.0, 234.0]
rec: SFFCCCKS.................
text_instance: 3
bbox: [607, 321, 20, 14]
bezier_pts: [608.0, 322.0, 613.67, 321.67, 619.33, 321.33, 625.0, 321.0, 626.0, 332.0, 619.73, 333.44, 613.35, 333.8, 607.0, 333.0]
rec: 53.......................
text_instance: 4
bbox: [497, 380, 80, 31]
bezier_pts: [499.0, 381.0, 526.98, 370.97, 549.83, 396.9, 576.0, 391.0, 570.0, 409.0, 546.26, 409.88, 521.0, 409.89, 497.0, 410.0]
rec: Ecns.....................
text_instance: 5
bbox: [582, 388, 38, 23]
bezier_pts: [585.0, 389.0, 596.33, 388.67, 607.67, 388.33, 619.0, 388.0, 617.0, 409.0, 605.15, 409.56, 593.74, 410.65, 582.0, 408.0]
rec: cn.......................
