text_instance: 0
bbox: [433, 304, 69, 61]
bezier_pts: [433.0, 304.0, 455.04, 306.12, 478.68, 307.87, 498.0, 319.0, 501.0, 364.0, 478.28, 362.14, 455.96, 356.84, 435.0, 351.0]
rec: 13.......................
text_instance: 1
bbox: [187, 676, 492, 148]
bezier_pts: [187.0, 750.0, 332.48, 640.22, 521.36, 631.93, 678.0, 730.0, 661.0, 801.0, 514.75, 731.93, 347.73, 748.95, 216.0, 823.0]
rec: BANDON...................
text_instance: 2
bbox: [301, 777, 285, 61]
bezier_pts: [304.0, 792.0, 394.64, 775.64, 489.75, 777.49, 582.0, 777.0, 585.0, 822.0, 491.07, 827.81, 394.93, 832.52, 301.0, 837.0]
rec: PRESERVE.................
