text_instance: 0
bbox: [160, 28, 109, 192]
bezier_pts: [160.0, 218.0, 149.74, 133.42, 159.74, 36.55, 262.0, 28.0, 268.0, 98.0, 210.99, 114.83, 207.22, 168.02, 217.0, 219.0]
rec: EASY.....................
text_instance: 1
bbox: [279, 35, 118, 199]
bezier_pts: [282.0, 35.0, 379.95, 61.3, 401.63, 144.27, 396.0, 233.0, 359.0, 231.0, 362.6, 170.03, 349.6, 109.66, 279.0, 92.0]
rec: TIGER....................
text_instance: 2
bbox: [201, 234, 75, 79]
bezier_pts: [224.0, 234.0, 241.0, 252.33, 258.0, 270.67, 275.0, 289.0, 272.0, 312.0, 234.79, 311.33, 208.36, 283.34, 201.0, 247.0]
rec: BAKE.....................
text_instance: 3
bbox: [287, 264, 70, 59]
bezier_pts: [287.0, 292.0, 307.17, 287.04, 323.12, 278.02, 338.0, 264.0, 356.0, 277.0, 347.96, 312.21, 322.99, 321.84, 289.0, 322.0]
rec: SHOP.....................
text_instance: 4
bbox: [177, 254, 83, 97]
bezier_pts: [197.0, 254.0, 216.71, 278.02, 227.98, 308.62, 259.0, 321.0, 257.0, 350.0, 220.13, 334.74, 189.91, 305.32, 177.0, 266.0]
rec: BEER.....................
text_instance: 5
bbox: [280, 256, 110, 109]
bezier_pts: [280.0, 326.0, 322.22, 323.26, 353.63, 290.9, 375.0, 256.0, 389.0, 268.0, 373.64, 328.32, 345.52, 359.86, 284.0, 364.0]
rec: GARDEN...................
