text_instance: 0
bbox: [5, 370, 85, 37]
bezier_pts: [5.0, 370.0, 33.0, 370.0, 61.0, 370.0, 89.0, 370.0, 89.0, 406.0, 61.0, 406.0, 33.0, 406.0, 5.0, 406.0]
rec: SERVICE..................
text_instance: 1
bbox: [32, 296, 49, 38]
bezier_pts: [32.0, 296.0, 48.0, 296.0, 64.0, 296.0, 80.0, 296.0, 80.0, 332.0, 64.0, 332.0, 48.0, 332.0, 32.0, 332.0]
rec: DIRI.....................
text_instance: 2
bbox: [935, 353, 47, 58]
bezier_pts: [935.0, 401.0, 937.22, 379.72, 957.9, 368.14, 971.0, 353.0, 981.0, 376.0, 963.1, 379.39, 951.39, 390.35, 956.0, 410.0]
rec: BEN......................
text_instance: 3
bbox: [993, 358, 46, 47]
bezier_pts: [1008.0, 358.0, 1029.15, 363.65, 1025.32, 384.0, 1038.0, 398.0, 1017.0, 404.0, 1020.33, 387.47, 1008.72, 375.75, 993.0, 373.0]
rec: BIG......................
text_instance: 4
bbox: [932, 418, 46, 50]
bezier_pts: [969.0, 467.0, 952.65, 455.74, 940.61, 438.51, 932.0, 421.0, 952.0, 418.0, 963.41, 431.74, 956.94, 442.02, 977.0, 443.0]
rec: BIG......................
text_instance: 5
bbox: [992, 409, 44, 56]
bezier_pts: [1034.0, 409.0, 1040.89, 434.39, 1018.99, 448.92, 1005.0, 464.0, 992.0, 443.0, 1005.78, 436.31, 1022.47, 430.44, 1017.0, 413.0]
rec: BEN......................
text_instance: 6
bbox: [881, 463, 227, 25]
bezier_pts: [881.0, 463.0, 956.33, 465.0, 1031.67, 467.0, 1107.0, 469.0, 1101.0, 487.0, 1027.67, 485.33, 954.33, 483.67, 881.0, 482.0]
rec: BREAKFAST................
text_instance: 7
bbox: [902, 482, 185, 22]
bezier_pts: [902.0, 482.0, 963.33, 483.0, 1024.67, 484.0, 1086.0, 485.0, 1082.0, 503.0, 1022.67, 502.0, 963.33, 501.0, 904.0, 500.0]
rec: WESTERN..................
text_instance: 8
bbox: [941, 499, 104, 25]
bezier_pts: [941.0, 499.0, 975.33, 500.33, 1009.67, 501.67, 1044.0, 503.0, 1041.0, 518.0, 1008.33, 519.67, 975.67, 521.33, 943.0, 523.0]
rec: CAFE.....................
text_instance: 9
bbox: [8, 303, 26, 33]
bezier_pts: [9.0, 304.0, 17.0, 304.0, 25.0, 304.0, 33.0, 304.0, 33.0, 334.0, 24.67, 334.0, 16.33, 334.0, 8.0, 334.0]
rec: N........................
