text_instance: 0
bbox: [165, 138, 627, 248]
bezier_pts: [165.0, 294.0, 353.64, 188.22, 570.89, 143.87, 791.0, 138.0, 788.0, 247.0, 588.08, 248.95, 373.78, 303.75, 187.0, 385.0]
rec: KOFFEE...................
text_instance: 1
bbox: [885, 130, 341, 176]
bezier_pts: [899.0, 130.0, 1015.54, 123.49, 1124.48, 149.32, 1225.0, 195.0, 1187.0, 305.0, 1086.24, 288.94, 984.23, 273.9, 885.0, 256.0]
rec: KUP......................
text_instance: 2
bbox: [125, 725, 351, 95]
bezier_pts: [131.0, 744.0, 245.67, 737.67, 360.33, 731.33, 475.0, 725.0, 473.0, 796.0, 357.5, 806.43, 241.64, 813.93, 125.0, 819.0]
rec: FAMILY...................
text_instance: 3
bbox: [532, 684, 702, 113]
bezier_pts: [532.0, 723.0, 772.03, 700.85, 999.33, 690.47, 1233.0, 684.0, 1231.0, 762.0, 998.38, 775.55, 767.45, 785.88, 534.0, 796.0]
rec: RESTAURANT...............
