text_instance: 0
bbox: [772, 179, 84, 29]
bezier_pts: [774.0, 180.0, 800.33, 179.67, 826.67, 179.33, 853.0, 179.0, 855.0, 205.0, 827.43, 207.61, 800.25, 206.82, 772.0, 205.0]
rec: GIVI.....................
text_instance: 1
bbox: [400, 219, 109, 68]
bezier_pts: [400.0, 253.0, 434.5, 232.92, 465.87, 212.89, 508.0, 220.0, 508.0, 250.0, 477.0, 262.0, 446.0, 274.0, 415.0, 286.0]
rec: EDY......................
text_instance: 2
bbox: [524, 207, 239, 91]
bezier_pts: [524.0, 207.0, 608.84, 209.93, 684.48, 216.81, 762.0, 246.0, 757.0, 297.0, 689.85, 253.47, 611.86, 247.76, 531.0, 252.0]
rec: BURGER...................
