text_instance: 0
bbox: [134, 126, 172, 127]
bezier_pts: [134.0, 130.0, 186.01, 125.51, 251.26, 112.74, 298.0, 152.0, 305.0, 219.0, 244.31, 218.15, 191.75, 233.66, 135.0, 252.0]
rec: IDLE.....................
text_instance: 1
bbox: [315, 158, 189, 148]
bezier_pts: [315.0, 158.0, 368.22, 177.54, 433.18, 173.45, 489.0, 174.0, 503.0, 305.0, 430.88, 295.9, 370.42, 267.74, 315.0, 220.0]
rec: HAND.....................
text_instance: 2
bbox: [151, 218, 178, 66]
bezier_pts: [151.0, 250.0, 204.22, 206.68, 263.1, 210.52, 323.0, 228.0, 328.0, 261.0, 273.39, 251.69, 218.26, 272.82, 162.0, 283.0]
rec: TATTOO...................
text_instance: 3
bbox: [336, 275, 168, 64]
bezier_pts: [342.0, 275.0, 393.22, 292.78, 448.67, 297.22, 503.0, 299.0, 502.0, 333.0, 447.21, 341.35, 385.13, 346.75, 336.0, 310.0]
rec: STUDIO...................
