text_instance: 0
bbox: [317, 303, 125, 44]
bezier_pts: [317.0, 303.0, 358.33, 303.0, 399.67, 303.0, 441.0, 303.0, 441.0, 344.0, 399.48, 344.54, 359.23, 345.9, 317.0, 344.0]
rec: ichnuso..................
text_instance: 1
bbox: [337, 353, 86, 27]
bezier_pts: [337.0, 353.0, 365.33, 353.0, 393.67, 353.0, 422.0, 353.0, 422.0, 378.0, 393.67, 379.48, 364.7, 379.78, 337.0, 378.0]
rec: 1912.....................
text_instance: 2
bbox: [265, 715, 210, 96]
bezier_pts: [271.0, 715.0, 333.4, 754.51, 399.69, 797.44, 474.0, 745.0, 469.0, 795.0, 401.51, 821.06, 324.62, 811.98, 265.0, 772.0]
rec: ichnusa..................
text_instance: 3
bbox: [292, 804, 70, 46]
bezier_pts: [298.0, 804.0, 319.0, 811.0, 340.0, 818.0, 361.0, 825.0, 360.0, 849.0, 337.33, 840.33, 314.67, 831.67, 292.0, 823.0]
rec: ANIMA....................
text_instance: 4
bbox: [364, 820, 73, 28]
bezier_pts: [364.0, 828.0, 386.67, 825.33, 409.33, 822.67, 432.0, 820.0, 436.0, 841.0, 413.0, 843.0, 390.0, 845.0, 367.0, 847.0]
rec: SARDA....................
