text_instance: 0
bbox: [172, 360, 43, 48]
bezier_pts: [172.0, 366.0, 176.8, 365.06, 180.94, 360.1, 186.0, 360.0, 214.0, 401.0, 209.67, 403.0, 205.33, 405.0, 201.0, 407.0]
rec: 1........................
text_instance: 1
bbox: [254, 332, 36, 54]
bezier_pts: [254.0, 333.0, 264.9, 330.99, 275.82, 332.39, 287.0, 332.0, 289.0, 383.0, 277.63, 385.69, 265.57, 385.63, 254.0, 384.0]
rec: 2........................
text_instance: 2
bbox: [326, 349, 50, 57]
bezier_pts: [354.0, 349.0, 363.43, 351.74, 371.68, 355.23, 375.0, 365.0, 346.0, 405.0, 337.92, 402.17, 332.19, 396.41, 326.0, 391.0]
rec: 3........................
text_instance: 3
bbox: [385, 418, 54, 39]
bezier_pts: [431.0, 418.0, 434.82, 421.29, 437.23, 426.08, 438.0, 431.0, 394.0, 456.0, 383.03, 448.47, 392.29, 432.75, 385.0, 424.0]
rec: 4........................
text_instance: 4
bbox: [111, 422, 59, 47]
bezier_pts: [111.0, 442.0, 119.41, 429.53, 118.22, 419.09, 137.0, 422.0, 169.0, 448.0, 166.76, 457.77, 159.04, 462.2, 152.0, 468.0]
rec: 0........................
