text_instance: 0
bbox: [523, 377, 142, 51]
bezier_pts: [523.0, 377.0, 570.0, 377.0, 617.0, 377.0, 664.0, 377.0, 664.0, 426.0, 617.16, 427.43, 571.05, 427.57, 523.0, 426.0]
rec: TRUST....................
text_instance: 1
bbox: [310, 370, 117, 55]
bezier_pts: [310.0, 370.0, 348.67, 370.0, 387.33, 370.0, 426.0, 370.0, 426.0, 423.0, 387.33, 423.0, 348.67, 423.0, 310.0, 423.0]
rec: GORD.....................
text_instance: 2
bbox: [440, 376, 69, 48]
bezier_pts: [440.0, 376.0, 462.67, 376.0, 485.33, 376.0, 508.0, 376.0, 508.0, 423.0, 485.33, 423.0, 462.67, 423.0, 440.0, 423.0]
rec: WE.......................
text_instance: 3
bbox: [422, 157, 69, 27]
bezier_pts: [422.0, 157.0, 444.67, 157.0, 467.33, 157.0, 490.0, 157.0, 490.0, 183.0, 467.33, 183.0, 444.67, 183.0, 422.0, 183.0]
rec: Armed....................
text_instance: 4
bbox: [235, 371, 57, 48]
bezier_pts: [235.0, 371.0, 253.67, 371.0, 272.33, 371.0, 291.0, 371.0, 291.0, 418.0, 272.33, 418.0, 253.67, 418.0, 235.0, 418.0]
rec: IN.......................
text_instance: 5
bbox: [471, 295, 56, 20]
bezier_pts: [471.0, 295.0, 489.33, 295.0, 507.67, 295.0, 526.0, 295.0, 526.0, 313.0, 507.67, 313.0, 489.33, 313.0, 471.0, 313.0]
rec: grace....................
text_instance: 6
bbox: [533, 296, 39, 21]
bezier_pts: [533.0, 296.0, 545.67, 296.0, 558.33, 296.0, 571.0, 296.0, 571.0, 314.0, 558.47, 316.18, 545.68, 316.74, 533.0, 314.0]
rec: too......................
text_instance: 7
bbox: [416, 291, 50, 24]
bezier_pts: [416.0, 291.0, 432.33, 291.0, 448.67, 291.0, 465.0, 291.0, 465.0, 314.0, 448.67, 314.0, 432.33, 314.0, 416.0, 314.0]
rec: And......................
text_instance: 8
bbox: [497, 161, 42, 19]
bezier_pts: [497.0, 161.0, 510.67, 161.0, 524.33, 161.0, 538.0, 161.0, 538.0, 178.0, 524.33, 178.0, 510.67, 178.0, 497.0, 178.0]
rec: with.....................
text_instance: 9
bbox: [417, 219, 49, 32]
bezier_pts: [417.0, 219.0, 433.0, 219.0, 449.0, 219.0, 465.0, 219.0, 465.0, 250.0, 449.0, 250.0, 433.0, 250.0, 417.0, 250.0]
rec: And......................
text_instance: 10
bbox: [540, 158, 31, 27]
bezier_pts: [542.0, 158.0, 551.0, 158.33, 560.0, 158.67, 569.0, 159.0, 570.0, 184.0, 560.0, 183.67, 550.0, 183.33, 540.0, 183.0]
rec: will.....................
text_instance: 11
bbox: [470, 227, 139, 24]
bezier_pts: [473.0, 227.0, 518.74, 229.72, 560.49, 224.89, 607.0, 232.0, 608.0, 250.0, 561.55, 250.19, 515.64, 249.47, 470.0, 248.0]
rec: determination............
text_instance: 12
bbox: [161, 160, 91, 66]
bezier_pts: [161.0, 160.0, 189.48, 162.81, 222.0, 158.23, 251.0, 164.0, 251.0, 203.0, 229.47, 229.11, 196.52, 225.37, 168.0, 224.0]
rec: THE......................
text_instance: 13
bbox: [163, 159, 213, 104]
bezier_pts: [163.0, 226.0, 233.67, 203.67, 304.33, 181.33, 375.0, 159.0, 367.0, 206.0, 301.9, 226.65, 235.14, 245.95, 168.0, 262.0]
rec: TRAGICALLY...............
text_instance: 14
bbox: [159, 204, 216, 143]
bezier_pts: [159.0, 266.0, 240.37, 267.77, 299.36, 206.21, 374.0, 204.0, 367.0, 346.0, 300.33, 344.67, 233.67, 343.33, 167.0, 342.0]
rec: HIP......................
