text_instance: 0
bbox: [319, 25, 859, 471]
bezier_pts: [319.0, 348.0, 541.5, 127.36, 858.6, -7.28, 1171.0, 28.0, 1177.0, 246.0, 904.19, 201.58, 648.71, 307.24, 454.0, 495.0]
rec: North....................
text_instance: 1
bbox: [1332, 41, 808, 497]
bezier_pts: [1332.0, 41.0, 1653.9, 32.81, 1962.87, 149.22, 2139.0, 431.0, 2026.0, 537.0, 1863.5, 318.12, 1609.35, 232.17, 1336.0, 246.0]
rec: Unionc...................
text_instance: 2
bbox: [444, 1136, 1559, 439]
bezier_pts: [539.0, 1147.0, 967.83, 1449.52, 1440.06, 1445.07, 1867.0, 1136.0, 2002.0, 1248.0, 1511.47, 1573.67, 965.22, 1604.95, 444.0, 1316.0]
rec: WILDCATS.................
