text_instance: 0
bbox: [271, 462, 62, 23]
bezier_pts: [271.0, 462.0, 291.33, 462.0, 311.67, 462.0, 332.0, 462.0, 332.0, 482.0, 312.24, 482.09, 291.1, 481.97, 271.0, 482.0]
rec: FAVOURITE................
text_instance: 1
bbox: [161, 485, 51, 20]
bezier_pts: [161.0, 485.0, 177.67, 485.0, 194.33, 485.0, 211.0, 485.0, 211.0, 503.0, 194.17, 503.62, 177.68, 504.97, 161.0, 503.0]
rec: DRINKS...................
text_instance: 2
bbox: [231, 486, 53, 20]
bezier_pts: [231.0, 486.0, 248.33, 486.0, 265.67, 486.0, 283.0, 486.0, 283.0, 504.0, 265.15, 506.05, 248.82, 504.56, 231.0, 504.0]
rec: SNAKCS...................
text_instance: 3
bbox: [109, 461, 80, 20]
bezier_pts: [109.0, 461.0, 135.33, 461.0, 161.67, 461.0, 188.0, 461.0, 188.0, 479.0, 161.67, 479.0, 135.33, 479.0, 109.0, 479.0]
rec: AUTHENTIC................
text_instance: 4
bbox: [232, 463, 36, 19]
bezier_pts: [232.0, 463.0, 243.67, 463.0, 255.33, 463.0, 267.0, 463.0, 267.0, 480.0, 255.33, 480.0, 243.67, 480.0, 232.0, 480.0]
rec: KONG.....................
text_instance: 5
bbox: [118, 209, 31, 27]
bezier_pts: [118.0, 228.0, 127.84, 221.08, 135.43, 210.9, 148.0, 209.0, 148.0, 224.0, 143.0, 227.67, 138.0, 231.33, 133.0, 235.0]
rec: DAIRY....................
text_instance: 6
bbox: [148, 208, 35, 28]
bezier_pts: [149.0, 208.0, 160.35, 213.42, 178.69, 214.28, 182.0, 230.0, 173.0, 235.0, 163.79, 232.27, 155.14, 227.2, 148.0, 221.0]
rec: TOOTH....................
text_instance: 7
bbox: [121, 253, 24, 26]
bezier_pts: [133.0, 253.0, 127.07, 261.3, 149.62, 262.11, 143.0, 266.0, 140.0, 278.0, 132.33, 281.52, 120.19, 271.4, 121.0, 258.0]
rec: ICE......................
text_instance: 8
bbox: [143, 257, 43, 27]
bezier_pts: [144.0, 268.0, 156.34, 269.27, 165.19, 265.67, 173.0, 257.0, 185.0, 265.0, 178.03, 284.55, 160.42, 284.29, 143.0, 282.0]
rec: HOUSE....................
text_instance: 9
bbox: [192, 226, 72, 39]
bezier_pts: [194.0, 226.0, 218.57, 228.69, 239.7, 231.55, 263.0, 239.0, 257.0, 264.0, 235.33, 261.67, 213.67, 259.33, 192.0, 257.0]
rec: Dairy....................
text_instance: 10
bbox: [261, 229, 74, 36]
bezier_pts: [261.0, 229.0, 285.44, 231.02, 306.93, 229.69, 332.0, 235.0, 334.0, 264.0, 310.45, 262.93, 286.76, 263.13, 263.0, 260.0]
rec: Tooth....................
text_instance: 11
bbox: [187, 461, 45, 20]
bezier_pts: [187.0, 461.0, 201.33, 462.0, 215.67, 463.0, 230.0, 464.0, 231.0, 479.0, 217.67, 479.0, 204.33, 479.0, 191.0, 479.0]
rec: HONG.....................
