text_instance: 0
bbox: [387, 338, 389, 101]
bezier_pts: [387.0, 338.0, 511.67, 342.67, 636.33, 347.33, 761.0, 352.0, 775.0, 438.0, 646.33, 427.33, 517.67, 416.67, 389.0, 406.0]
rec: COPRA....................
text_instance: 1
bbox: [391, 452, 178, 134]
bezier_pts: [404.0, 452.0, 452.39, 494.63, 505.07, 523.51, 568.0, 538.0, 562.0, 585.0, 494.51, 571.61, 433.69, 540.86, 391.0, 486.0]
rec: LEISURE..................
text_instance: 2
bbox: [580, 494, 196, 97]
bezier_pts: [580.0, 540.0, 645.55, 547.04, 700.03, 522.16, 756.0, 494.0, 775.0, 534.0, 723.37, 576.19, 654.94, 598.19, 591.0, 588.0]
rec: WORLD....................
text_instance: 3
bbox: [521, 415, 90, 28]
bezier_pts: [522.0, 415.0, 551.33, 416.33, 580.67, 417.67, 610.0, 419.0, 608.0, 441.0, 578.17, 440.71, 549.69, 438.57, 521.0, 435.0]
rec: MILL.....................
