text_instance: 0
bbox: [799, 459, 562, 273]
bezier_pts: [799.0, 710.0, 915.43, 449.52, 1143.02, 362.24, 1360.0, 561.0, 1292.0, 644.0, 1141.17, 496.54, 969.06, 563.67, 881.0, 731.0]
rec: WAXHOLMS.................
text_instance: 1
bbox: [896, 1003, 388, 184]
bezier_pts: [923.0, 1051.0, 1028.35, 1072.18, 1147.58, 1078.25, 1244.0, 1003.0, 1283.0, 1108.0, 1173.22, 1203.54, 1031.19, 1202.33, 896.0, 1159.0]
rec: BATEN....................
text_instance: 2
bbox: [972, 724, 192, 187]
bezier_pts: [972.0, 764.0, 1033.39, 746.0, 1093.65, 729.41, 1157.0, 724.0, 1163.0, 864.0, 1120.33, 879.33, 1077.67, 894.67, 1035.0, 910.0]
rec: w........................
