text_instance: 0
bbox: [517, 356, 233, 98]
bezier_pts: [517.0, 376.0, 592.05, 358.46, 671.79, 353.08, 748.0, 359.0, 749.0, 434.0, 680.33, 440.33, 611.67, 446.67, 543.0, 453.0]
rec: BAKED....................
text_instance: 1
bbox: [782, 361, 243, 137]
bezier_pts: [783.0, 361.0, 866.04, 367.98, 947.15, 389.66, 1024.0, 425.0, 1001.0, 497.0, 928.0, 477.33, 855.0, 457.67, 782.0, 438.0]
rec: FRESH....................
text_instance: 2
bbox: [593, 484, 369, 105]
bezier_pts: [593.0, 484.0, 714.8, 492.45, 839.71, 505.16, 961.0, 525.0, 961.0, 588.0, 840.78, 578.74, 719.75, 566.84, 600.0, 552.0]
rec: TODAY....................
