text_instance: 0
bbox: [163, 240, 48, 29]
bezier_pts: [163.0, 250.0, 178.77, 254.69, 194.49, 252.42, 207.0, 240.0, 210.0, 256.0, 194.57, 260.4, 179.18, 263.87, 163.0, 268.0]
rec: VETUS....................
text_instance: 1
bbox: [288, 249, 43, 18]
bezier_pts: [288.0, 249.0, 302.0, 251.67, 316.0, 254.33, 330.0, 257.0, 329.0, 265.0, 314.96, 265.4, 301.16, 262.72, 288.0, 258.0]
rec: PURUM....................
text_instance: 2
bbox: [97, 346, 293, 115]
bezier_pts: [141.0, 346.0, 228.77, 346.85, 314.14, 354.51, 389.0, 389.0, 378.0, 453.0, 277.16, 478.42, 190.09, 415.42, 97.0, 430.0]
rec: StHugo...................
