text_instance: 0
bbox: [95, 161, 62, 155]
bezier_pts: [134.0, 315.0, 96.13, 269.41, 88.87, 214.07, 99.0, 161.0, 126.0, 166.0, 123.98, 210.75, 136.92, 249.98, 156.0, 290.0]
rec: BORNEAN..................
text_instance: 1
bbox: [111, 100, 54, 61]
bezier_pts: [111.0, 148.0, 120.16, 131.17, 133.58, 115.72, 146.0, 100.0, 164.0, 117.0, 145.24, 124.51, 142.53, 146.87, 130.0, 160.0]
rec: SUN......................
text_instance: 2
bbox: [156, 61, 82, 49]
bezier_pts: [156.0, 89.0, 176.59, 67.59, 206.82, 66.95, 235.0, 61.0, 237.0, 87.0, 214.33, 94.33, 191.67, 101.67, 169.0, 109.0]
rec: BEAR.....................
text_instance: 3
bbox: [246, 57, 153, 162]
bezier_pts: [246.0, 57.0, 343.6, 59.3, 407.5, 125.8, 398.0, 218.0, 372.0, 217.0, 381.11, 130.16, 324.77, 86.17, 246.0, 83.0]
rec: CONSERVATION.............
text_instance: 4
bbox: [168, 307, 115, 47]
bezier_pts: [178.0, 307.0, 212.2, 315.47, 245.71, 319.27, 279.0, 318.0, 282.0, 349.0, 241.21, 358.8, 204.34, 350.68, 168.0, 331.0]
rec: BSBCC....................
text_instance: 5
bbox: [304, 226, 91, 112]
bezier_pts: [394.0, 230.0, 396.34, 277.79, 354.6, 314.77, 317.0, 337.0, 304.0, 315.0, 340.04, 294.02, 362.78, 265.15, 375.0, 226.0]
rec: CENTRE...................
