text_instance: 0
bbox: [468, 347, 40, 17]
bezier_pts: [468.0, 347.0, 481.0, 347.0, 494.0, 347.0, 507.0, 347.0, 507.0, 362.0, 493.85, 363.7, 480.7, 363.5, 468.0, 362.0]
rec: GLASS....................
text_instance: 1
bbox: [427, 347, 38, 17]
bezier_pts: [427.0, 347.0, 439.33, 347.0, 451.67, 347.0, 464.0, 347.0, 464.0, 362.0, 451.9, 362.0, 439.77, 362.0, 427.0, 362.0]
rec: BREAK....................
text_instance: 2
bbox: [450, 301, 31, 20]
bezier_pts: [450.0, 301.0, 460.0, 301.0, 470.0, 301.0, 480.0, 301.0, 480.0, 320.0, 470.0, 320.0, 460.0, 320.0, 450.0, 320.0]
rec: FIRE.....................
text_instance: 3
bbox: [408, 525, 37, 16]
bezier_pts: [408.0, 525.0, 420.0, 525.0, 432.0, 525.0, 444.0, 525.0, 444.0, 539.0, 432.03, 541.15, 419.76, 539.49, 408.0, 539.0]
rec: HOSE.....................
text_instance: 4
bbox: [660, 328, 60, 90]
bezier_pts: [660.0, 415.0, 652.97, 375.31, 677.58, 352.61, 698.0, 328.0, 719.0, 346.0, 710.56, 375.08, 682.64, 386.02, 695.0, 417.0]
rec: FIRE.....................
text_instance: 5
bbox: [728, 317, 101, 103]
bezier_pts: [730.0, 317.0, 794.82, 304.81, 845.21, 350.69, 826.0, 419.0, 792.0, 416.0, 806.41, 368.03, 780.17, 338.19, 728.0, 350.0]
rec: ALARM....................
text_instance: 6
bbox: [723, 369, 50, 18]
bezier_pts: [724.0, 372.0, 739.0, 371.0, 754.0, 370.0, 769.0, 369.0, 772.0, 384.0, 755.57, 385.38, 739.19, 385.96, 723.0, 386.0]
rec: KOBISHI..................
text_instance: 7
bbox: [320, 526, 60, 15]
bezier_pts: [320.0, 526.0, 339.67, 526.0, 359.33, 526.0, 379.0, 526.0, 378.0, 540.0, 358.67, 540.0, 339.33, 540.0, 320.0, 540.0]
rec: OPERATE..................
text_instance: 8
bbox: [379, 528, 30, 15]
bezier_pts: [379.0, 529.0, 388.67, 528.67, 398.33, 528.33, 408.0, 528.0, 407.0, 541.0, 399.04, 542.56, 390.99, 541.85, 383.0, 542.0]
rec: FIRE.....................
text_instance: 9
bbox: [447, 529, 34, 13]
bezier_pts: [447.0, 529.0, 457.33, 529.0, 467.67, 529.0, 478.0, 529.0, 480.0, 540.0, 469.59, 541.6, 458.64, 540.85, 448.0, 541.0]
rec: REEl.....................
text_instance: 10
bbox: [300, 525, 22, 17]
bezier_pts: [300.0, 525.0, 307.0, 525.67, 314.0, 526.33, 321.0, 527.0, 320.0, 541.0, 313.33, 540.67, 306.67, 540.33, 300.0, 540.0]
rec: TO.......................
text_instance: 11
bbox: [313, 551, 189, 16]
bezier_pts: [313.0, 551.0, 375.33, 551.33, 437.67, 551.67, 500.0, 552.0, 501.0, 566.0, 439.99, 566.5, 378.06, 564.94, 315.0, 561.0]
rec: BREAKGLASSOFTHEFIREALARMW
text_instance: 12
bbox: [313, 575, 212, 17]
bezier_pts: [316.0, 575.0, 385.33, 575.67, 454.67, 576.33, 524.0, 577.0, 524.0, 591.0, 453.67, 590.33, 383.33, 589.67, 313.0, 589.0]
rec: OPENCONTROLVALVEBEFORERUN
text_instance: 13
bbox: [316, 599, 30, 13]
bezier_pts: [316.0, 600.0, 326.0, 600.81, 335.15, 597.38, 345.0, 600.0, 345.0, 610.0, 335.44, 611.56, 325.9, 610.86, 316.0, 611.0]
rec: TURN.....................
text_instance: 14
bbox: [346, 600, 17, 13]
bezier_pts: [346.0, 600.0, 351.33, 600.0, 356.67, 600.0, 362.0, 600.0, 362.0, 610.0, 357.26, 611.79, 352.07, 611.24, 347.0, 611.0]
rec: ON.......................
text_instance: 15
bbox: [363, 601, 37, 12]
bezier_pts: [363.0, 601.0, 374.73, 600.45, 385.05, 602.4, 397.0, 602.0, 399.0, 611.0, 387.0, 612.68, 375.0, 612.68, 363.0, 611.0]
rec: WATER....................
text_instance: 16
bbox: [412, 601, 40, 13]
bezier_pts: [412.0, 601.0, 425.0, 601.0, 438.0, 601.0, 451.0, 601.0, 450.0, 611.0, 437.48, 612.7, 424.68, 612.68, 412.0, 611.0]
rec: NOZZLE...................
text_instance: 17
bbox: [451, 601, 27, 12]
bezier_pts: [452.0, 602.0, 459.53, 599.95, 467.47, 601.34, 475.0, 601.0, 477.0, 611.0, 468.33, 611.33, 459.67, 611.67, 451.0, 612.0]
rec: AND......................
text_instance: 18
bbox: [314, 610, 42, 15]
bezier_pts: [314.0, 610.0, 327.33, 610.33, 340.67, 608.89, 354.0, 611.0, 355.0, 624.0, 341.67, 623.0, 328.33, 622.0, 315.0, 621.0]
rec: DIRECT...................
text_instance: 19
bbox: [354, 612, 20, 12]
bezier_pts: [355.0, 612.0, 360.67, 612.0, 366.33, 612.0, 372.0, 612.0, 373.0, 622.0, 366.7, 623.66, 360.33, 623.61, 354.0, 622.0]
rec: JET......................
text_instance: 20
bbox: [386, 611, 31, 14]
bezier_pts: [387.0, 612.0, 396.38, 610.33, 405.53, 609.93, 415.0, 612.0, 416.0, 623.0, 405.81, 624.67, 396.17, 624.52, 386.0, 623.0]
rec: BASE.....................
text_instance: 21
bbox: [429, 612, 28, 12]
bezier_pts: [430.0, 613.0, 438.56, 610.83, 446.45, 612.33, 455.0, 612.0, 456.0, 622.0, 447.26, 622.0, 437.74, 622.0, 429.0, 622.0]
rec: FIRE.....................
text_instance: 22
bbox: [299, 632, 162, 18]
bezier_pts: [301.0, 632.0, 354.0, 632.67, 407.0, 633.33, 460.0, 634.0, 460.0, 649.0, 406.33, 648.33, 352.67, 647.67, 299.0, 647.0]
rec: NOTSUITABLEFORELECTRICALF
text_instance: 23
bbox: [303, 658, 205, 16]
bezier_pts: [303.0, 658.0, 368.56, 657.41, 440.82, 658.56, 506.0, 660.0, 507.0, 673.0, 439.0, 671.33, 371.0, 669.67, 303.0, 668.0]
rec: USEOFWATERFROMFIRESERVICE
text_instance: 24
bbox: [302, 670, 204, 17]
bezier_pts: [302.0, 671.0, 369.33, 671.0, 436.67, 671.0, 504.0, 671.0, 505.0, 686.0, 437.67, 684.67, 370.33, 683.33, 303.0, 682.0]
rec: OTHERTHANFIREFIGHTINGISST
