text_instance: 0
bbox: [147, 220, 33, 18]
bezier_pts: [147.0, 220.0, 157.67, 220.0, 168.33, 220.0, 179.0, 220.0, 179.0, 235.0, 168.47, 237.61, 157.63, 236.87, 147.0, 235.0]
rec: Bistro...................
text_instance: 1
bbox: [117, 198, 40, 21]
bezier_pts: [117.0, 198.0, 130.0, 198.0, 143.0, 198.0, 156.0, 198.0, 156.0, 218.0, 143.0, 218.0, 130.0, 218.0, 117.0, 218.0]
rec: Coffee...................
text_instance: 2
bbox: [83, 116, 60, 39]
bezier_pts: [83.0, 135.0, 98.66, 122.42, 119.48, 115.74, 139.0, 116.0, 142.0, 136.0, 125.67, 142.0, 109.33, 148.0, 93.0, 154.0]
rec: Caffe....................
text_instance: 3
bbox: [146, 115, 79, 53]
bezier_pts: [147.0, 115.0, 174.24, 120.07, 206.88, 127.86, 224.0, 154.0, 214.0, 167.0, 196.07, 146.58, 171.56, 136.61, 146.0, 134.0]
rec: Artigiano................
text_instance: 4
bbox: [158, 204, 36, 19]
bezier_pts: [158.0, 204.0, 169.67, 204.33, 181.33, 204.67, 193.0, 205.0, 193.0, 222.0, 182.55, 221.92, 173.44, 222.5, 163.0, 221.0]
rec: House....................
