text_instance: 0
bbox: [272, 650, 413, 66]
bezier_pts: [272.0, 650.0, 409.33, 650.0, 546.67, 650.0, 684.0, 650.0, 684.0, 715.0, 546.67, 715.0, 409.33, 715.0, 272.0, 715.0]
rec: HALF&HALF................
text_instance: 1
bbox: [438, 737, 88, 34]
bezier_pts: [438.0, 737.0, 467.0, 737.0, 496.0, 737.0, 525.0, 737.0, 525.0, 769.0, 495.07, 769.06, 467.5, 769.35, 438.0, 769.0]
rec: 1983.....................
text_instance: 2
bbox: [497, 604, 67, 38]
bezier_pts: [497.0, 604.0, 519.0, 604.0, 541.0, 604.0, 563.0, 604.0, 563.0, 641.0, 541.0, 641.0, 519.0, 641.0, 497.0, 641.0]
rec: City.....................
text_instance: 3
bbox: [410, 605, 79, 32]
bezier_pts: [410.0, 605.0, 436.0, 605.0, 462.0, 605.0, 488.0, 605.0, 488.0, 636.0, 462.0, 636.0, 436.0, 636.0, 410.0, 636.0]
rec: Kirin....................
text_instance: 4
bbox: [294, 526, 151, 121]
bezier_pts: [294.0, 616.0, 322.08, 566.41, 383.8, 548.65, 430.0, 526.0, 444.0, 565.0, 395.06, 581.25, 350.09, 593.77, 330.0, 646.0]
rec: LAGER....................
text_instance: 5
bbox: [514, 535, 163, 104]
bezier_pts: [528.0, 535.0, 585.09, 535.38, 640.22, 568.69, 676.0, 611.0, 640.0, 638.0, 609.07, 595.58, 563.7, 577.57, 514.0, 563.0]
rec: BLACK....................
text_instance: 6
bbox: [289, 728, 153, 85]
bezier_pts: [315.0, 728.0, 355.0, 748.0, 395.0, 768.0, 435.0, 788.0, 441.0, 812.0, 374.31, 820.67, 324.84, 783.51, 289.0, 733.0]
rec: ORIGINAL.................
text_instance: 7
bbox: [448, 769, 150, 54]
bezier_pts: [453.0, 793.0, 494.33, 785.0, 535.67, 777.0, 577.0, 769.0, 597.0, 799.0, 547.84, 808.27, 498.17, 814.67, 448.0, 818.0]
rec: BLENDED..................
text_instance: 8
bbox: [589, 713, 82, 78]
bezier_pts: [589.0, 767.0, 609.0, 749.0, 629.0, 731.0, 649.0, 713.0, 670.0, 734.0, 650.61, 754.78, 629.49, 773.5, 606.0, 790.0]
rec: BEER.....................
text_instance: 9
bbox: [143, 1156, 384, 125]
bezier_pts: [195.0, 1156.0, 305.0, 1157.0, 415.0, 1158.0, 525.0, 1159.0, 526.0, 1278.0, 397.36, 1277.76, 270.7, 1278.23, 143.0, 1275.0]
rec: Kirin....................
text_instance: 10
bbox: [572, 1114, 275, 165]
bezier_pts: [582.0, 1114.0, 669.43, 1132.1, 760.88, 1142.61, 846.0, 1170.0, 832.0, 1276.0, 746.43, 1278.23, 658.92, 1277.92, 572.0, 1275.0]
rec: Citu.....................
