text_instance: 0
bbox: [465, 150, 114, 40]
bezier_pts: [465.0, 152.0, 500.07, 148.26, 537.31, 149.51, 573.0, 151.0, 578.0, 187.0, 541.12, 188.93, 502.82, 189.13, 465.0, 186.0]
rec: BOX......................
text_instance: 1
bbox: [41, 161, 128, 35]
bezier_pts: [41.0, 163.0, 84.22, 161.23, 124.88, 160.99, 167.0, 165.0, 168.0, 194.0, 127.08, 195.5, 85.63, 195.58, 46.0, 194.0]
rec: gabrielas................
text_instance: 2
bbox: [65, 201, 68, 24]
bezier_pts: [65.0, 201.0, 87.33, 201.0, 109.67, 201.0, 132.0, 201.0, 132.0, 223.0, 109.98, 224.94, 86.72, 223.32, 65.0, 223.0]
rec: TACOS....................
text_instance: 3
bbox: [683, 190, 101, 25]
bezier_pts: [683.0, 190.0, 716.33, 190.0, 749.67, 190.0, 783.0, 190.0, 783.0, 212.0, 749.37, 212.7, 716.35, 212.7, 683.0, 212.0]
rec: BURGERS..................
text_instance: 4
bbox: [441, 197, 156, 20]
bezier_pts: [442.0, 199.0, 493.0, 198.33, 544.0, 197.67, 595.0, 197.0, 596.0, 211.0, 544.81, 214.12, 493.14, 213.35, 441.0, 214.0]
rec: MEDITERRANNEAN...........
text_instance: 5
bbox: [657, 146, 148, 47]
bezier_pts: [657.0, 170.0, 699.74, 133.1, 763.98, 131.88, 804.0, 169.0, 798.0, 192.0, 757.59, 171.51, 710.2, 177.21, 669.0, 192.0]
rec: WHITMANS.................
