text_instance: 0
bbox: [182, 479, 55, 19]
bezier_pts: [182.0, 479.0, 200.0, 479.0, 218.0, 479.0, 236.0, 479.0, 236.0, 496.0, 218.48, 497.75, 199.91, 497.46, 182.0, 496.0]
rec: WIDE.....................
text_instance: 1
bbox: [317, 451, 44, 19]
bezier_pts: [317.0, 451.0, 331.33, 451.0, 345.67, 451.0, 360.0, 451.0, 360.0, 468.0, 345.77, 469.98, 331.59, 468.3, 317.0, 468.0]
rec: OUR......................
text_instance: 2
bbox: [250, 479, 116, 19]
bezier_pts: [250.0, 479.0, 288.33, 479.0, 326.67, 479.0, 365.0, 479.0, 365.0, 496.0, 326.67, 496.0, 288.33, 496.0, 250.0, 496.0]
rec: SELECTION................
text_instance: 3
bbox: [221, 450, 89, 21]
bezier_pts: [221.0, 450.0, 250.33, 450.0, 279.67, 450.0, 309.0, 450.0, 309.0, 469.0, 279.67, 469.0, 250.33, 469.0, 221.0, 469.0]
rec: BROWSE...................
text_instance: 4
bbox: [224, 423, 57, 18]
bezier_pts: [224.0, 423.0, 242.67, 423.0, 261.33, 423.0, 280.0, 423.0, 280.0, 439.0, 261.33, 439.0, 242.67, 439.0, 224.0, 439.0]
rec: COME.....................
text_instance: 5
bbox: [367, 477, 27, 19]
bezier_pts: [367.0, 477.0, 375.67, 477.0, 384.33, 477.0, 393.0, 477.0, 393.0, 494.0, 384.31, 494.45, 375.59, 494.57, 367.0, 494.0]
rec: OF.......................
text_instance: 6
bbox: [317, 424, 43, 16]
bezier_pts: [317.0, 424.0, 331.0, 424.0, 345.0, 424.0, 359.0, 424.0, 359.0, 439.0, 345.0, 439.0, 331.0, 439.0, 317.0, 439.0]
rec: AND......................
text_instance: 7
bbox: [289, 423, 20, 17]
bezier_pts: [289.0, 423.0, 295.33, 423.0, 301.67, 423.0, 308.0, 423.0, 308.0, 439.0, 301.67, 439.0, 295.33, 439.0, 289.0, 439.0]
rec: IN.......................
text_instance: 8
bbox: [197, 269, 201, 40]
bezier_pts: [197.0, 278.0, 263.67, 263.85, 330.33, 263.68, 397.0, 283.0, 384.0, 307.0, 321.93, 288.89, 263.38, 291.0, 203.0, 308.0]
rec: HAHNDORF.................
text_instance: 9
bbox: [182, 303, 242, 53]
bezier_pts: [182.0, 328.0, 262.35, 285.09, 340.91, 301.54, 423.0, 324.0, 393.0, 355.0, 325.97, 320.63, 254.42, 331.41, 189.0, 350.0]
rec: NEWSAGENCY...............
text_instance: 10
bbox: [276, 344, 88, 34]
bezier_pts: [277.0, 344.0, 305.67, 344.33, 334.33, 344.67, 363.0, 345.0, 359.0, 377.0, 331.33, 374.0, 303.67, 371.0, 276.0, 368.0]
rec: GIFTS....................
