text_instance: 0
bbox: [746, 294, 58, 22]
bezier_pts: [746.0, 294.0, 765.0, 294.0, 784.0, 294.0, 803.0, 294.0, 803.0, 314.0, 784.27, 315.55, 764.87, 315.52, 746.0, 314.0]
rec: BLOCK....................
text_instance: 1
bbox: [749, 346, 28, 19]
bezier_pts: [749.0, 346.0, 758.0, 346.0, 767.0, 346.0, 776.0, 346.0, 776.0, 363.0, 767.33, 364.52, 757.89, 364.4, 749.0, 363.0]
rec: 129......................
text_instance: 2
bbox: [779, 323, 40, 20]
bezier_pts: [779.0, 323.0, 792.0, 323.0, 805.0, 323.0, 818.0, 323.0, 818.0, 340.0, 804.99, 341.56, 792.28, 341.5, 779.0, 340.0]
rec: School...................
text_instance: 3
bbox: [308, 166, 338, 145]
bezier_pts: [308.0, 239.0, 406.44, 162.18, 529.57, 154.15, 643.0, 176.0, 645.0, 249.0, 547.74, 231.13, 451.55, 261.24, 365.0, 310.0]
rec: TheCookin................
text_instance: 4
bbox: [710, 178, 150, 132]
bezier_pts: [713.0, 178.0, 761.67, 208.0, 810.33, 238.0, 859.0, 268.0, 845.0, 309.0, 803.72, 288.14, 760.31, 261.05, 710.0, 268.0]
rec: Room.....................
text_instance: 5
bbox: [754, 322, 26, 18]
bezier_pts: [755.0, 322.0, 753.1, 325.93, 782.06, 329.69, 775.0, 322.0, 779.0, 339.0, 770.67, 339.0, 762.33, 339.0, 754.0, 339.0]
rec: the......................
text_instance: 6
bbox: [780, 347, 38, 22]
bezier_pts: [780.0, 347.0, 792.0, 347.0, 804.0, 347.0, 816.0, 347.0, 817.0, 365.0, 805.61, 367.19, 794.12, 366.45, 783.0, 364.0]
rec: Officces.................
