text_instance: 0
bbox: [194, 433, 91, 24]
bezier_pts: [194.0, 433.0, 224.0, 433.0, 254.0, 433.0, 284.0, 433.0, 284.0, 455.0, 254.0, 455.0, 224.0, 455.0, 194.0, 455.0]
rec: possible.................
text_instance: 1
bbox: [322, 439, 52, 24]
bezier_pts: [322.0, 439.0, 339.0, 439.0, 356.0, 439.0, 373.0, 439.0, 373.0, 460.0, 356.31, 462.03, 339.08, 462.44, 322.0, 460.0]
rec: part.....................
text_instance: 2
bbox: [28, 63, 204, 41]
bezier_pts: [28.0, 63.0, 95.67, 63.0, 163.33, 63.0, 231.0, 63.0, 231.0, 98.0, 163.19, 100.98, 95.57, 100.99, 28.0, 98.0]
rec: benchmarks...............
text_instance: 3
bbox: [516, 444, 62, 28]
bezier_pts: [516.0, 444.0, 536.33, 444.0, 556.67, 444.0, 577.0, 444.0, 577.0, 468.0, 556.64, 468.27, 536.39, 469.97, 516.0, 468.0]
rec: from.....................
text_instance: 4
bbox: [438, 445, 71, 21]
bezier_pts: [438.0, 445.0, 461.33, 445.0, 484.67, 445.0, 508.0, 445.0, 508.0, 465.0, 484.67, 465.0, 461.33, 465.0, 438.0, 465.0]
rec: grant....................
text_instance: 5
bbox: [127, 430, 62, 22]
bezier_pts: [127.0, 430.0, 147.33, 430.0, 167.67, 430.0, 188.0, 430.0, 188.0, 451.0, 167.67, 451.0, 147.33, 451.0, 127.0, 451.0]
rec: made.....................
text_instance: 6
bbox: [118, 288, 91, 37]
bezier_pts: [118.0, 288.0, 148.0, 288.0, 178.0, 288.0, 208.0, 288.0, 208.0, 323.0, 178.0, 323.0, 148.0, 323.0, 118.0, 323.0]
rec: small....................
text_instance: 7
bbox: [383, 251, 64, 30]
bezier_pts: [383.0, 251.0, 404.0, 251.0, 425.0, 251.0, 446.0, 251.0, 446.0, 280.0, 425.0, 280.0, 404.0, 280.0, 383.0, 280.0]
rec: 2462.....................
text_instance: 8
bbox: [5, 329, 83, 34]
bezier_pts: [5.0, 329.0, 32.33, 329.0, 59.67, 329.0, 87.0, 329.0, 87.0, 362.0, 59.67, 362.0, 32.33, 362.0, 5.0, 362.0]
rec: ward.....................
text_instance: 9
bbox: [72, 247, 107, 31]
bezier_pts: [72.0, 247.0, 107.33, 247.0, 142.67, 247.0, 178.0, 247.0, 178.0, 277.0, 142.67, 277.0, 107.33, 277.0, 72.0, 277.0]
rec: center...................
text_instance: 10
bbox: [22, 110, 112, 37]
bezier_pts: [22.0, 110.0, 59.0, 110.0, 96.0, 110.0, 133.0, 110.0, 133.0, 146.0, 96.0, 146.0, 59.0, 146.0, 22.0, 146.0]
rec: photos...................
text_instance: 11
bbox: [103, 153, 78, 37]
bezier_pts: [103.0, 153.0, 128.67, 153.0, 154.33, 153.0, 180.0, 153.0, 180.0, 189.0, 154.33, 189.0, 128.67, 189.0, 103.0, 189.0]
rec: with.....................
text_instance: 12
bbox: [114, 199, 61, 36]
bezier_pts: [114.0, 199.0, 134.0, 199.0, 154.0, 199.0, 174.0, 199.0, 174.0, 233.0, 154.0, 233.0, 134.0, 233.0, 114.0, 233.0]
rec: the......................
text_instance: 13
bbox: [2, 423, 69, 24]
bezier_pts: [2.0, 423.0, 24.67, 423.0, 47.33, 423.0, 70.0, 423.0, 70.0, 445.0, 47.33, 445.0, 24.67, 445.0, 2.0, 445.0]
rec: project..................
text_instance: 14
bbox: [61, 20, 150, 37]
bezier_pts: [61.0, 20.0, 110.67, 20.0, 160.33, 20.0, 210.0, 20.0, 210.0, 56.0, 160.33, 56.0, 110.67, 56.0, 61.0, 56.0]
rec: rubbings.................
text_instance: 15
bbox: [253, 115, 52, 118]
bezier_pts: [257.0, 232.0, 247.97, 193.91, 253.84, 148.1, 275.0, 115.0, 304.0, 129.0, 293.22, 161.03, 277.1, 191.39, 287.0, 228.0]
rec: BRYCE....................
text_instance: 16
bbox: [288, 20, 142, 91]
bezier_pts: [288.0, 90.0, 322.92, 52.3, 372.13, 18.42, 425.0, 20.0, 429.0, 51.0, 386.0, 52.96, 341.94, 72.23, 316.0, 110.0]
rec: CANYON...................
text_instance: 17
bbox: [445, 16, 159, 121]
bezier_pts: [447.0, 16.0, 515.76, 22.23, 575.34, 54.99, 603.0, 120.0, 579.0, 136.0, 553.56, 78.5, 498.55, 60.02, 445.0, 51.0]
rec: NATIONAL.................
text_instance: 18
bbox: [584, 144, 42, 106]
bezier_pts: [615.0, 144.0, 633.39, 179.19, 624.83, 213.76, 623.0, 249.0, 589.0, 242.0, 581.88, 213.61, 596.52, 180.53, 584.0, 152.0]
rec: PARK.....................
text_instance: 19
bbox: [347, 59, 72, 54]
bezier_pts: [347.0, 86.0, 364.01, 69.24, 386.73, 57.22, 411.0, 59.0, 418.0, 89.0, 400.33, 99.05, 381.22, 106.31, 362.0, 112.0]
rec: RIM......................
text_instance: 20
bbox: [430, 59, 97, 59]
bezier_pts: [430.0, 59.0, 466.12, 60.72, 500.29, 59.21, 526.0, 87.0, 512.0, 117.0, 485.67, 107.33, 459.33, 97.67, 433.0, 88.0]
rec: TRAIL....................
text_instance: 21
bbox: [365, 143, 142, 28]
bezier_pts: [367.0, 143.0, 413.33, 143.67, 459.67, 144.33, 506.0, 145.0, 504.0, 169.0, 458.53, 169.08, 411.89, 168.47, 365.0, 167.0]
rec: ELEVATION................
text_instance: 22
bbox: [327, 187, 82, 29]
bezier_pts: [327.0, 187.0, 354.0, 188.0, 381.0, 189.0, 408.0, 190.0, 406.0, 215.0, 379.18, 214.05, 352.84, 212.77, 327.0, 208.0]
rec: ABOVE....................
text_instance: 23
bbox: [458, 192, 54, 24]
bezier_pts: [460.0, 192.0, 475.67, 192.33, 491.33, 192.67, 507.0, 193.0, 511.0, 214.0, 493.42, 214.28, 475.7, 214.0, 458.0, 213.0]
rec: SEA......................
text_instance: 24
bbox: [296, 146, 28, 95]
bezier_pts: [323.0, 150.0, 314.73, 177.72, 314.02, 206.26, 318.0, 236.0, 301.0, 240.0, 294.6, 207.33, 290.04, 176.68, 307.0, 146.0]
rec: LATITUDE.................
text_instance: 25
bbox: [368, 223, 63, 30]
bezier_pts: [368.0, 223.0, 388.67, 224.0, 409.33, 225.0, 430.0, 226.0, 427.0, 252.0, 407.67, 251.33, 388.33, 250.67, 369.0, 250.0]
rec: 8076.....................
text_instance: 26
bbox: [438, 229, 64, 25]
bezier_pts: [438.0, 229.0, 459.0, 229.67, 480.0, 230.33, 501.0, 231.0, 499.0, 253.0, 480.0, 252.67, 461.0, 252.33, 442.0, 252.0]
rec: FEET.....................
text_instance: 27
bbox: [289, 289, 82, 82]
bezier_pts: [309.0, 289.0, 329.33, 306.67, 349.67, 324.33, 370.0, 342.0, 361.0, 370.0, 327.86, 364.9, 303.17, 337.9, 289.0, 309.0]
rec: HIKED....................
text_instance: 28
bbox: [383, 349, 60, 37]
bezier_pts: [391.0, 349.0, 407.67, 352.0, 424.33, 355.0, 441.0, 358.0, 442.0, 384.0, 421.76, 383.91, 402.03, 380.77, 383.0, 375.0]
rec: THE......................
text_instance: 29
bbox: [461, 290, 133, 95]
bezier_pts: [461.0, 355.0, 504.76, 346.18, 542.49, 327.6, 569.0, 290.0, 593.0, 306.0, 556.94, 342.62, 515.9, 376.1, 463.0, 384.0]
rec: HOODOOS..................
text_instance: 30
bbox: [435, 295, 100, 48]
bezier_pts: [435.0, 327.0, 464.0, 316.33, 493.0, 305.67, 522.0, 295.0, 534.0, 308.0, 503.1, 327.69, 474.08, 344.59, 435.0, 342.0]
rec: LONSITUDE................
text_instance: 31
bbox: [3, 28, 50, 39]
bezier_pts: [4.0, 28.0, 20.0, 29.67, 36.0, 31.33, 52.0, 33.0, 52.0, 65.0, 35.47, 66.24, 18.83, 63.85, 3.0, 62.0]
rec: ing......................
text_instance: 32
bbox: [224, 19, 42, 37]
bezier_pts: [224.0, 21.0, 237.67, 20.67, 251.33, 20.33, 265.0, 20.0, 262.0, 54.0, 249.46, 55.81, 236.6, 55.48, 224.0, 53.0]
rec: of.......................
text_instance: 33
bbox: [147, 111, 47, 35]
bezier_pts: [149.0, 111.0, 162.67, 111.33, 176.33, 111.67, 190.0, 112.0, 193.0, 145.0, 177.13, 145.03, 162.11, 145.75, 147.0, 143.0]
rec: of.......................
text_instance: 34
bbox: [9, 158, 93, 34]
bezier_pts: [11.0, 161.0, 40.0, 160.0, 69.0, 159.0, 98.0, 158.0, 101.0, 191.0, 70.33, 190.0, 39.67, 189.0, 9.0, 188.0]
rec: urself...................
text_instance: 35
bbox: [10, 208, 43, 26]
bezier_pts: [10.0, 208.0, 23.33, 208.0, 36.67, 208.0, 50.0, 208.0, 52.0, 233.0, 38.0, 233.0, 24.0, 233.0, 10.0, 233.0]
rec: em.......................
text_instance: 36
bbox: [76, 203, 38, 33]
bezier_pts: [76.0, 203.0, 88.0, 204.33, 100.0, 205.67, 112.0, 207.0, 113.0, 234.0, 101.33, 236.0, 89.48, 234.26, 78.0, 234.0]
rec: to.......................
text_instance: 37
bbox: [10, 245, 64, 34]
bezier_pts: [10.0, 245.0, 29.67, 246.67, 49.33, 248.33, 69.0, 250.0, 73.0, 277.0, 52.05, 278.96, 31.15, 278.18, 10.0, 275.0]
rec: itor.....................
text_instance: 38
bbox: [189, 251, 43, 30]
bezier_pts: [190.0, 252.0, 203.44, 248.51, 216.46, 255.02, 229.0, 255.0, 231.0, 279.0, 216.71, 279.3, 203.05, 279.83, 189.0, 278.0]
rec: to.......................
text_instance: 39
bbox: [7, 289, 78, 32]
bezier_pts: [8.0, 289.0, 32.08, 287.68, 56.64, 292.2, 82.0, 293.0, 84.0, 319.0, 58.94, 319.98, 32.63, 319.31, 7.0, 318.0]
rec: ceive....................
text_instance: 40
bbox: [87, 297, 30, 29]
bezier_pts: [91.0, 297.0, 98.67, 297.33, 106.33, 297.67, 114.0, 298.0, 116.0, 325.0, 106.33, 324.0, 96.67, 323.0, 87.0, 322.0]
rec: a........................
text_instance: 41
bbox: [84, 428, 41, 20]
bezier_pts: [84.0, 428.0, 97.33, 429.0, 110.67, 430.0, 124.0, 431.0, 124.0, 447.0, 110.67, 446.33, 97.33, 445.67, 84.0, 445.0]
rec: was......................
text_instance: 42
bbox: [301, 241, 30, 29]
bezier_pts: [319.0, 241.0, 322.7, 248.66, 327.01, 256.11, 330.0, 264.0, 315.0, 269.0, 305.64, 264.64, 308.23, 252.49, 301.0, 246.0]
rec: 37.......................
text_instance: 43
bbox: [324, 276, 31, 28]
bezier_pts: [335.0, 276.0, 341.33, 282.67, 347.67, 289.33, 354.0, 296.0, 342.0, 303.0, 334.52, 299.74, 329.08, 294.09, 324.0, 288.0]
rec: 38.......................
text_instance: 44
bbox: [356, 301, 30, 31]
bezier_pts: [360.0, 301.0, 370.15, 303.49, 378.7, 310.55, 385.0, 318.0, 380.0, 331.0, 372.0, 326.67, 364.0, 322.33, 356.0, 318.0]
rec: 33.......................
text_instance: 45
bbox: [556, 150, 25, 29]
bezier_pts: [559.0, 178.0, 558.24, 170.51, 555.47, 170.12, 556.0, 156.0, 570.0, 150.0, 564.87, 159.43, 583.05, 171.17, 580.0, 175.0]
rec: w........................
text_instance: 46
bbox: [548, 223, 28, 34]
bezier_pts: [548.0, 250.0, 552.39, 241.44, 558.02, 231.48, 557.0, 223.0, 575.0, 225.0, 576.58, 238.08, 572.19, 244.03, 570.0, 256.0]
rec: 09.......................
text_instance: 47
bbox: [559, 184, 22, 32]
bezier_pts: [559.0, 213.0, 559.42, 205.03, 558.14, 196.66, 560.0, 189.0, 580.0, 184.0, 573.89, 190.47, 581.55, 205.85, 578.0, 215.0]
rec: 40.......................
text_instance: 48
bbox: [293, 436, 30, 24]
bezier_pts: [293.0, 436.0, 301.56, 435.75, 309.84, 436.3, 318.0, 439.0, 322.0, 459.0, 312.59, 459.46, 303.28, 459.32, 294.0, 456.0]
rec: in.......................
text_instance: 49
bbox: [384, 438, 27, 30]
bezier_pts: [384.0, 438.0, 392.33, 439.33, 400.67, 440.67, 409.0, 442.0, 410.0, 466.0, 401.27, 468.03, 392.5, 466.16, 384.0, 466.0]
rec: by.......................
text_instance: 50
bbox: [419, 443, 18, 22]
bezier_pts: [419.0, 445.0, 423.4, 442.6, 430.64, 441.14, 434.0, 447.0, 436.0, 464.0, 430.39, 464.11, 424.2, 464.44, 419.0, 462.0]
rec: a........................
