text_instance: 0
bbox: [268, 423, 183, 85]
bezier_pts: [268.0, 423.0, 326.93, 442.03, 389.23, 427.29, 450.0, 423.0, 450.0, 505.0, 388.11, 505.87, 327.47, 506.72, 268.0, 505.0]
rec: PARIS....................
text_instance: 1
bbox: [287, 6, 127, 45]
bezier_pts: [287.0, 35.0, 322.1, -6.83, 372.9, -5.85, 413.0, 29.0, 394.0, 49.0, 368.54, 16.89, 330.86, 24.55, 304.0, 50.0]
rec: PARIS....................
text_instance: 2
bbox: [289, 121, 47, 35]
bezier_pts: [296.0, 121.0, 309.0, 129.0, 322.0, 137.0, 335.0, 145.0, 331.0, 155.0, 312.86, 158.41, 301.25, 140.45, 289.0, 131.0]
rec: SAINT....................
text_instance: 3
bbox: [347, 120, 66, 37]
bezier_pts: [348.0, 147.0, 369.5, 144.68, 387.46, 132.49, 404.0, 120.0, 412.0, 126.0, 396.63, 144.83, 372.51, 157.32, 347.0, 156.0]
rec: GERMAIN..................
text_instance: 4
bbox: [279, 348, 154, 81]
bezier_pts: [279.0, 353.0, 330.0, 351.33, 381.0, 349.67, 432.0, 348.0, 425.0, 421.0, 375.58, 437.99, 329.15, 421.11, 279.0, 427.0]
rec: PLAY.....................
