text_instance: 0
bbox: [623, 901, 91, 62]
bezier_pts: [623.0, 901.0, 653.0, 901.0, 683.0, 901.0, 713.0, 901.0, 713.0, 962.0, 683.0, 962.0, 653.0, 962.0, 623.0, 962.0]
rec: DE.......................
text_instance: 1
bbox: [297, 393, 61, 69]
bezier_pts: [297.0, 433.0, 323.49, 432.99, 338.21, 417.75, 341.0, 393.0, 357.0, 421.0, 340.0, 434.33, 323.0, 447.67, 306.0, 461.0]
rec: industry.................
text_instance: 2
bbox: [220, 421, 55, 36]
bezier_pts: [227.0, 421.0, 242.67, 429.0, 258.33, 437.0, 274.0, 445.0, 269.0, 456.0, 251.07, 450.1, 234.87, 441.28, 220.0, 430.0]
rec: Ministry.................
text_instance: 3
bbox: [276, 440, 16, 16]
bezier_pts: [276.0, 442.0, 281.0, 441.33, 286.0, 440.67, 291.0, 440.0, 291.0, 454.0, 286.33, 454.33, 281.67, 454.67, 277.0, 455.0]
rec: of.......................
text_instance: 4
bbox: [656, 829, 53, 76]
bezier_pts: [656.0, 830.0, 669.33, 827.91, 682.67, 829.3, 696.0, 829.0, 708.0, 901.0, 696.67, 902.0, 685.33, 903.0, 674.0, 904.0]
rec: R........................
