text_instance: 0
bbox: [216, 482, 117, 75]
bezier_pts: [216.0, 482.0, 254.67, 482.0, 293.33, 482.0, 332.0, 482.0, 332.0, 556.0, 293.33, 556.0, 254.67, 556.0, 216.0, 556.0]
rec: LIFE.....................
text_instance: 1
bbox: [260, 354, 40, 53]
bezier_pts: [260.0, 354.0, 271.0, 354.33, 282.0, 354.67, 293.0, 355.0, 299.0, 405.0, 288.0, 404.0, 277.0, 403.0, 266.0, 402.0]
rec: K........................
text_instance: 2
bbox: [215, 415, 124, 70]
bezier_pts: [215.0, 419.0, 260.59, 406.72, 304.17, 423.73, 338.0, 453.0, 334.0, 484.0, 302.39, 444.66, 263.18, 448.11, 221.0, 465.0]
rec: KidZania.................
text_instance: 3
bbox: [32, 518, 171, 60]
bezier_pts: [46.0, 520.0, 100.56, 518.64, 149.15, 516.71, 202.0, 519.0, 202.0, 570.0, 146.13, 576.98, 79.8, 598.39, 32.0, 553.0]
rec: LEARN....................
text_instance: 4
bbox: [342, 528, 86, 40]
bezier_pts: [343.0, 530.0, 370.96, 527.14, 399.13, 530.99, 427.0, 540.0, 423.0, 567.0, 396.0, 564.33, 369.0, 561.67, 342.0, 559.0]
rec: TODAY....................
text_instance: 5
bbox: [178, 651, 41, 35]
bezier_pts: [178.0, 663.0, 189.65, 653.76, 203.84, 654.8, 217.0, 651.0, 218.0, 673.0, 207.93, 679.77, 196.98, 684.07, 185.0, 685.0]
rec: GET......................
text_instance: 6
bbox: [215, 642, 54, 31]
bezier_pts: [215.0, 648.0, 232.0, 646.0, 249.0, 644.0, 266.0, 642.0, 268.0, 666.0, 252.14, 669.94, 235.86, 670.73, 220.0, 672.0]
rec: YOUR.....................
text_instance: 7
bbox: [265, 639, 65, 26]
bezier_pts: [271.0, 639.0, 290.33, 640.0, 309.67, 641.0, 329.0, 642.0, 325.0, 664.0, 305.0, 664.0, 285.0, 664.0, 265.0, 664.0]
rec: TICKETS..................
text_instance: 8
bbox: [329, 643, 40, 30]
bezier_pts: [329.0, 643.0, 342.43, 645.93, 355.5, 647.21, 368.0, 654.0, 367.0, 672.0, 354.43, 669.82, 341.71, 666.88, 329.0, 663.0]
rec: HERE.....................
text_instance: 9
bbox: [228, 901, 75, 55]
bezier_pts: [228.0, 926.0, 252.17, 917.54, 275.29, 904.4, 302.0, 901.0, 302.0, 922.0, 279.61, 934.52, 254.73, 945.71, 231.0, 955.0]
rec: KidZania.................
