text_instance: 0
bbox: [76, 253, 240, 295]
bezier_pts: [76.0, 526.0, 90.53, 406.11, 163.62, 319.99, 257.0, 253.0, 315.0, 307.0, 236.39, 369.74, 203.95, 448.68, 192.0, 547.0]
rec: Clean....................
text_instance: 1
bbox: [284, 116, 278, 165]
bezier_pts: [284.0, 195.0, 360.13, 132.2, 468.13, 127.82, 559.0, 116.0, 561.0, 218.0, 477.29, 204.52, 403.62, 233.29, 338.0, 280.0]
rec: FOOD.....................
text_instance: 2
bbox: [597, 115, 287, 215]
bezier_pts: [603.0, 115.0, 719.47, 122.62, 797.05, 198.24, 883.0, 261.0, 817.0, 329.0, 757.62, 267.01, 682.22, 226.34, 597.0, 215.0]
rec: GOOD.....................
text_instance: 3
bbox: [838, 286, 161, 287]
bezier_pts: [908.0, 286.0, 994.7, 358.06, 1003.68, 465.55, 996.0, 569.0, 920.0, 572.0, 908.76, 490.75, 879.39, 414.66, 838.0, 342.0]
rec: Taste....................
