text_instance: 0
bbox: [269, 363, 60, 24]
bezier_pts: [269.0, 363.0, 288.67, 363.0, 308.33, 363.0, 328.0, 363.0, 328.0, 385.0, 308.33, 385.0, 288.67, 385.0, 269.0, 385.0]
rec: 2014.....................
text_instance: 1
bbox: [191, 364, 61, 23]
bezier_pts: [191.0, 364.0, 211.0, 364.0, 231.0, 364.0, 251.0, 364.0, 251.0, 386.0, 231.0, 386.0, 211.0, 386.0, 191.0, 386.0]
rec: 1914.....................
text_instance: 2
bbox: [50, 145, 65, 145]
bezier_pts: [50.0, 284.0, 41.23, 236.03, 58.05, 190.62, 78.0, 145.0, 114.0, 154.0, 88.24, 194.98, 75.8, 241.26, 83.0, 289.0]
rec: TOWER....................
text_instance: 3
bbox: [95, 86, 61, 63]
bezier_pts: [95.0, 131.0, 102.94, 111.22, 126.7, 106.81, 134.0, 86.0, 155.0, 121.0, 139.53, 124.72, 130.66, 136.88, 122.0, 148.0]
rec: OF.......................
text_instance: 4
bbox: [147, 54, 192, 57]
bezier_pts: [147.0, 80.0, 205.72, 49.96, 274.4, 47.67, 338.0, 67.0, 332.0, 99.0, 272.25, 75.35, 215.97, 80.82, 162.0, 110.0]
rec: LONDON...................
text_instance: 5
bbox: [337, 75, 134, 219]
bezier_pts: [352.0, 75.0, 461.05, 110.01, 466.98, 207.93, 470.0, 293.0, 431.0, 293.0, 446.9, 210.26, 415.09, 141.29, 337.0, 104.0]
rec: REMEMBERS................
text_instance: 6
bbox: [79, 328, 77, 85]
bezier_pts: [100.0, 328.0, 117.29, 347.7, 128.51, 373.39, 155.0, 383.0, 139.0, 412.0, 115.9, 394.98, 99.26, 368.86, 79.0, 349.0]
rec: THE......................
text_instance: 7
bbox: [145, 393, 100, 55]
bezier_pts: [160.0, 393.0, 187.33, 402.67, 214.67, 412.33, 242.0, 422.0, 244.0, 447.0, 209.71, 446.55, 176.1, 434.71, 145.0, 418.0]
rec: FIRST....................
text_instance: 8
bbox: [253, 386, 140, 69]
bezier_pts: [253.0, 420.0, 294.47, 428.23, 336.82, 412.26, 368.0, 386.0, 392.0, 408.0, 355.51, 436.39, 304.28, 448.9, 259.0, 454.0]
rec: WORLD....................
text_instance: 9
bbox: [375, 326, 75, 77]
bezier_pts: [375.0, 381.0, 392.68, 367.33, 410.58, 351.37, 412.0, 326.0, 449.0, 329.0, 437.44, 356.72, 424.71, 386.14, 399.0, 402.0]
rec: WAR......................
