text_instance: 0
bbox: [428, 46, 446, 345]
bezier_pts: [428.0, 257.0, 606.63, 47.11, 822.85, 120.22, 873.0, 386.0, 831.0, 390.0, 795.83, 136.98, 603.2, 65.27, 498.0, 324.0]
rec: MALAPROPS................
text_instance: 1
bbox: [480, 426, 303, 239]
bezier_pts: [519.0, 426.0, 567.16, 514.75, 630.17, 645.56, 766.0, 585.0, 782.0, 644.0, 624.37, 701.59, 525.53, 592.0, 480.0, 446.0]
rec: BOOKSTORE................
text_instance: 2
bbox: [787, 467, 79, 144]
bezier_pts: [787.0, 573.0, 809.4, 538.63, 823.14, 504.83, 838.0, 467.0, 865.0, 493.0, 853.4, 534.26, 845.76, 580.58, 811.0, 610.0]
rec: CAFE.....................
