text_instance: 0
bbox: [835, 875, 370, 418]
bezier_pts: [835.0, 1214.0, 944.26, 1103.38, 1013.3, 971.74, 1144.0, 875.0, 1204.0, 956.0, 1062.09, 1010.78, 973.19, 1149.61, 943.0, 1292.0]
rec: Cristan..................
text_instance: 1
bbox: [1198, 806, 148, 151]
bezier_pts: [1198.0, 857.0, 1229.0, 840.0, 1260.0, 823.0, 1291.0, 806.0, 1345.0, 911.0, 1314.82, 841.44, 1263.74, 933.3, 1234.0, 956.0]
rec: Ja.......................
text_instance: 2
bbox: [1333, 744, 439, 147]
bezier_pts: [1348.0, 776.0, 1503.31, 783.45, 1627.02, 697.59, 1771.0, 776.0, 1759.0, 890.0, 1617.0, 884.0, 1475.0, 878.0, 1333.0, 872.0]
rec: Esolde...................
text_instance: 3
bbox: [1138, 908, 403, 268]
bezier_pts: [1138.0, 1064.0, 1254.0, 1012.0, 1370.0, 960.0, 1486.0, 908.0, 1540.0, 1016.0, 1418.0, 1069.0, 1296.0, 1122.0, 1174.0, 1175.0]
rec: kohuik...................
