text_instance: 0
bbox: [184, 465, 69, 34]
bezier_pts: [184.0, 475.0, 206.67, 472.0, 229.33, 469.0, 252.0, 466.0, 247.0, 485.0, 229.3, 489.12, 211.09, 494.33, 194.0, 498.0]
rec: Tefa.....................
text_instance: 1
bbox: [234, 528, 69, 125]
bezier_pts: [302.0, 544.0, 257.74, 565.88, 247.01, 606.65, 254.0, 650.0, 239.0, 652.0, 223.29, 596.17, 244.69, 552.25, 294.0, 528.0]
rec: FRANCE...................
text_instance: 2
bbox: [286, 665, 34, 28]
bezier_pts: [319.0, 682.0, 311.53, 687.86, 301.75, 691.74, 292.0, 692.0, 286.0, 673.0, 293.33, 670.33, 300.67, 667.67, 308.0, 665.0]
rec: NI.......................
text_instance: 3
bbox: [317, 570, 48, 103]
bezier_pts: [363.0, 570.0, 368.15, 605.58, 358.54, 643.89, 331.0, 672.0, 317.0, 659.0, 339.73, 633.77, 347.22, 603.19, 345.0, 570.0]
rec: MADE.....................
text_instance: 4
bbox: [319, 405, 70, 98]
bezier_pts: [388.0, 414.0, 359.62, 436.97, 351.78, 474.78, 327.0, 502.0, 319.0, 495.0, 335.24, 464.19, 354.83, 435.36, 374.0, 405.0]
rec: Protect..................
text_instance: 5
bbox: [382, 316, 69, 87]
bezier_pts: [450.0, 326.0, 431.0, 351.33, 412.0, 376.67, 393.0, 402.0, 382.0, 395.0, 399.05, 366.7, 411.84, 339.09, 436.0, 316.0]
rec: Smart....................
text_instance: 6
bbox: [355, 343, 149, 182]
bezier_pts: [503.0, 355.0, 462.14, 412.29, 411.39, 462.8, 384.0, 524.0, 355.0, 503.0, 376.58, 440.94, 415.79, 392.47, 454.0, 343.0]
rec: Tefal....................
text_instance: 7
bbox: [448, 157, 86, 107]
bezier_pts: [533.0, 166.0, 509.28, 197.88, 491.66, 231.91, 464.0, 263.0, 448.0, 253.0, 471.67, 221.0, 495.33, 189.0, 519.0, 157.0]
rec: PRECISION................
text_instance: 8
bbox: [524, 109, 48, 51]
bezier_pts: [571.0, 117.0, 562.74, 132.02, 548.23, 144.53, 538.0, 159.0, 524.0, 150.0, 534.52, 135.86, 545.91, 123.26, 557.0, 109.0]
rec: HIGH.....................
text_instance: 9
bbox: [200, 765, 32, 63]
bezier_pts: [231.0, 776.0, 222.05, 793.02, 217.59, 811.79, 207.0, 827.0, 200.0, 813.0, 200.78, 795.31, 209.9, 778.84, 220.0, 765.0]
rec: SMART....................
text_instance: 10
bbox: [172, 818, 37, 82]
bezier_pts: [208.0, 828.0, 199.48, 851.54, 193.73, 876.99, 180.0, 899.0, 172.0, 886.0, 171.36, 861.79, 187.14, 839.33, 196.0, 818.0]
rec: TECHNOLOGY...............
text_instance: 11
bbox: [585, 704, 26, 24]
bezier_pts: [608.0, 727.0, 599.71, 723.5, 591.53, 717.95, 585.0, 712.0, 592.0, 704.0, 598.0, 708.88, 604.82, 711.84, 610.0, 718.0]
rec: 713......................
