text_instance: 0
bbox: [583, 378, 197, 124]
bezier_pts: [583.0, 471.0, 639.55, 426.87, 703.78, 394.15, 772.0, 378.0, 779.0, 417.0, 723.67, 445.0, 668.33, 473.0, 613.0, 501.0]
rec: MUSEUM...................
text_instance: 1
bbox: [808, 373, 288, 141]
bezier_pts: [809.0, 373.0, 919.25, 370.29, 1021.5, 405.8, 1095.0, 484.0, 1063.0, 513.0, 996.92, 442.03, 910.17, 407.96, 808.0, 415.0]
rec: KESEHATAN................
text_instance: 2
bbox: [613, 598, 68, 37]
bezier_pts: [619.0, 598.0, 639.33, 598.67, 659.67, 599.33, 680.0, 600.0, 679.0, 633.0, 657.0, 633.33, 635.0, 633.67, 613.0, 634.0]
rec: Dr.......................
text_instance: 3
bbox: [692, 595, 256, 39]
bezier_pts: [692.0, 597.0, 776.67, 596.33, 861.33, 595.67, 946.0, 595.0, 947.0, 630.0, 865.0, 631.0, 783.0, 632.0, 701.0, 633.0]
rec: ADHYATMA.................
text_instance: 4
bbox: [961, 594, 94, 35]
bezier_pts: [961.0, 594.0, 990.33, 594.33, 1019.67, 594.67, 1049.0, 595.0, 1054.0, 628.0, 1023.0, 627.67, 992.0, 627.33, 961.0, 627.0]
rec: MPH......................
text_instance: 5
bbox: [644, 633, 220, 34]
bezier_pts: [644.0, 637.0, 716.33, 635.67, 788.67, 634.33, 861.0, 633.0, 863.0, 666.0, 791.0, 666.0, 719.0, 666.0, 647.0, 666.0]
rec: JLINDRAPURANO............
text_instance: 6
bbox: [895, 631, 127, 32]
bezier_pts: [895.0, 634.0, 935.0, 633.0, 975.0, 632.0, 1015.0, 631.0, 1021.0, 660.0, 980.33, 660.33, 939.67, 660.67, 899.0, 661.0]
rec: SURABAYA.................
text_instance: 7
bbox: [865, 636, 30, 25]
bezier_pts: [865.0, 637.0, 873.65, 635.62, 883.28, 634.94, 892.0, 637.0, 894.0, 658.0, 884.33, 658.67, 874.67, 659.33, 865.0, 660.0]
rec: 17.......................
