text_instance: 0
bbox: [168, 109, 274, 179]
bezier_pts: [168.0, 240.0, 235.25, 172.71, 319.15, 136.24, 406.0, 109.0, 441.0, 155.0, 353.85, 178.92, 271.23, 221.37, 202.0, 287.0]
rec: SATWA....................
text_instance: 1
bbox: [471, 87, 459, 196]
bezier_pts: [471.0, 93.0, 630.22, 66.75, 803.79, 117.24, 929.0, 221.0, 913.0, 282.0, 795.98, 182.12, 639.6, 117.29, 474.0, 150.0]
rec: INDONESIA................
text_instance: 2
bbox: [597, 455, 39, 20]
bezier_pts: [597.0, 455.0, 609.67, 455.67, 622.33, 456.33, 635.0, 457.0, 635.0, 472.0, 623.92, 473.87, 611.25, 473.19, 600.0, 473.0]
rec: DESA.....................
