text_instance: 0
bbox: [174, 153, 43, 67]
bezier_pts: [201.0, 153.0, 205.46, 172.06, 214.63, 189.27, 216.0, 209.0, 191.0, 219.0, 185.67, 202.89, 182.65, 183.82, 174.0, 169.0]
rec: The......................
text_instance: 1
bbox: [198, 214, 141, 80]
bezier_pts: [219.0, 214.0, 243.6, 248.64, 283.9, 264.14, 327.0, 260.0, 338.0, 286.0, 276.51, 309.33, 230.48, 270.43, 198.0, 229.0]
rec: National.................
text_instance: 2
bbox: [334, 187, 65, 98]
bezier_pts: [334.0, 256.0, 368.49, 244.25, 373.76, 218.03, 372.0, 187.0, 398.0, 197.0, 393.98, 234.41, 387.28, 269.66, 348.0, 284.0]
rec: Lottery..................
