text_instance: 0
bbox: [237, 320, 187, 138]
bezier_pts: [237.0, 410.0, 287.48, 361.18, 355.39, 334.37, 423.0, 320.0, 412.0, 389.0, 353.42, 388.75, 314.57, 426.19, 270.0, 457.0]
rec: CITY.....................
text_instance: 1
bbox: [175, 500, 168, 373]
bezier_pts: [321.0, 872.0, 137.57, 800.36, 175.52, 629.2, 175.0, 500.0, 229.0, 505.0, 218.21, 626.83, 212.0, 748.17, 342.0, 812.0]
rec: TERMINAL.................
text_instance: 2
bbox: [240, 401, 184, 195]
bezier_pts: [240.0, 587.0, 241.38, 481.86, 314.51, 429.89, 399.0, 401.0, 423.0, 463.0, 352.17, 475.41, 309.23, 524.82, 297.0, 595.0]
rec: WORKS....................
text_instance: 3
bbox: [241, 623, 129, 172]
bezier_pts: [342.0, 794.0, 270.14, 765.64, 255.17, 700.53, 241.0, 637.0, 289.0, 623.0, 310.5, 662.26, 324.16, 711.0, 369.0, 733.0]
rec: IRON.....................
text_instance: 4
bbox: [519, 590, 151, 222]
bezier_pts: [519.0, 749.0, 585.5, 721.75, 602.22, 652.68, 612.0, 590.0, 669.0, 608.0, 668.01, 694.57, 609.6, 765.64, 541.0, 811.0]
rec: OPEN.....................
