text_instance: 0
bbox: [98, 448, 56, 34]
bezier_pts: [100.0, 448.0, 117.67, 450.67, 135.33, 453.33, 153.0, 456.0, 152.0, 481.0, 133.15, 479.93, 115.79, 475.82, 98.0, 471.0]
rec: 250119...................
text_instance: 1
bbox: [133, 646, 101, 43]
bezier_pts: [133.0, 650.0, 166.59, 641.99, 201.37, 643.7, 233.0, 660.0, 230.0, 688.0, 200.0, 686.67, 170.0, 685.33, 140.0, 684.0]
rec: HEINZ....................
text_instance: 2
bbox: [126, 722, 148, 48]
bezier_pts: [133.0, 722.0, 170.18, 738.93, 213.92, 749.72, 255.0, 728.0, 273.0, 745.0, 231.48, 786.02, 165.78, 783.88, 126.0, 745.0]
rec: VARIETIES................
text_instance: 3
bbox: [458, 650, 114, 59]
bezier_pts: [458.0, 660.0, 492.46, 643.57, 536.97, 643.24, 571.0, 660.0, 567.0, 704.0, 535.67, 705.33, 504.33, 706.67, 473.0, 708.0]
rec: Hot......................
text_instance: 4
bbox: [438, 702, 85, 53]
bezier_pts: [438.0, 716.0, 465.28, 706.7, 494.1, 702.5, 522.0, 702.0, 513.0, 734.0, 492.67, 740.67, 472.33, 747.33, 452.0, 754.0]
rec: Peri.....................
text_instance: 5
bbox: [525, 704, 72, 44]
bezier_pts: [530.0, 704.0, 553.15, 707.09, 575.2, 706.67, 596.0, 719.0, 581.0, 747.0, 562.33, 743.67, 543.67, 740.33, 525.0, 737.0]
rec: peri.....................
text_instance: 6
bbox: [100, 1138, 133, 102]
bezier_pts: [100.0, 1138.0, 143.33, 1156.0, 186.67, 1174.0, 230.0, 1192.0, 232.0, 1238.0, 179.24, 1249.77, 134.73, 1215.95, 100.0, 1180.0]
rec: HEINZ....................
text_instance: 7
bbox: [110, 1181, 135, 87]
bezier_pts: [110.0, 1181.0, 143.61, 1214.31, 187.25, 1244.0, 241.0, 1233.0, 244.0, 1267.0, 189.37, 1272.05, 149.02, 1235.69, 112.0, 1203.0]
rec: TOMATO...................
text_instance: 8
bbox: [120, 1216, 119, 66]
bezier_pts: [122.0, 1216.0, 154.55, 1242.27, 190.03, 1274.89, 238.0, 1263.0, 238.0, 1281.0, 189.19, 1286.79, 151.07, 1262.23, 120.0, 1232.0]
rec: KETCHUP..................
text_instance: 9
bbox: [444, 1022, 103, 22]
bezier_pts: [444.0, 1022.0, 477.04, 1023.56, 509.78, 1023.6, 545.0, 1027.0, 546.0, 1043.0, 512.0, 1040.0, 478.0, 1037.0, 444.0, 1034.0]
rec: Nandos...................
text_instance: 10
bbox: [158, 460, 31, 22]
bezier_pts: [160.0, 460.0, 168.7, 459.84, 178.28, 460.21, 187.0, 462.0, 188.0, 480.0, 178.07, 481.63, 168.26, 481.62, 158.0, 480.0]
rec: 20.......................
text_instance: 11
bbox: [200, 461, 33, 22]
bezier_pts: [200.0, 463.0, 209.83, 461.9, 221.16, 459.66, 231.0, 462.0, 232.0, 481.0, 221.6, 482.57, 210.57, 482.64, 200.0, 481.0]
rec: 18.......................
text_instance: 12
bbox: [143, 693, 102, 43]
bezier_pts: [153.0, 693.0, 183.33, 693.67, 213.67, 694.33, 244.0, 695.0, 240.0, 733.0, 207.22, 733.53, 175.2, 731.39, 143.0, 726.0]
rec: 57.......................
