text_instance: 0
bbox: [181, 96, 458, 184]
bezier_pts: [181.0, 177.0, 329.32, 69.79, 493.99, 53.3, 638.0, 186.0, 559.0, 279.0, 453.35, 157.57, 322.01, 169.11, 219.0, 268.0]
rec: Harvesting...............
text_instance: 1
bbox: [222, 307, 209, 160]
bezier_pts: [274.0, 307.0, 313.68, 352.28, 387.04, 321.08, 430.0, 357.0, 404.0, 466.0, 343.33, 448.67, 282.67, 431.33, 222.0, 414.0]
rec: great....................
text_instance: 2
bbox: [440, 298, 184, 154]
bezier_pts: [440.0, 348.0, 481.52, 326.05, 531.09, 311.87, 575.0, 298.0, 623.0, 385.0, 570.67, 407.0, 518.33, 429.0, 466.0, 451.0]
rec: skills...................
text_instance: 3
bbox: [37, 247, 31, 23]
bezier_pts: [37.0, 248.0, 46.33, 248.0, 55.67, 248.0, 65.0, 248.0, 67.0, 269.0, 57.0, 268.33, 47.0, 267.67, 37.0, 267.0]
rec: K5.......................
text_instance: 4
bbox: [385, 46, 45, 20]
bezier_pts: [387.0, 47.0, 401.0, 47.99, 414.8, 44.2, 429.0, 47.0, 428.0, 64.0, 413.86, 65.65, 399.62, 65.59, 385.0, 64.0]
rec: 203......................
text_instance: 5
bbox: [11, 282, 33, 16]
bezier_pts: [11.0, 284.0, 20.36, 280.92, 31.18, 279.97, 41.0, 284.0, 43.0, 296.0, 32.1, 296.76, 21.64, 296.49, 11.0, 295.0]
rec: Mrs......................
text_instance: 6
bbox: [47, 282, 41, 16]
bezier_pts: [47.0, 282.0, 60.33, 282.67, 73.67, 283.33, 87.0, 284.0, 87.0, 295.0, 73.67, 297.18, 60.33, 295.82, 47.0, 294.0]
rec: Mason....................
text_instance: 7
bbox: [38, 313, 27, 14]
bezier_pts: [40.0, 313.0, 47.26, 313.44, 54.56, 311.73, 62.0, 314.0, 64.0, 324.0, 55.03, 326.44, 46.55, 325.94, 38.0, 323.0]
rec: and......................
text_instance: 8
bbox: [9, 340, 28, 15]
bezier_pts: [9.0, 340.0, 17.67, 340.33, 26.33, 340.67, 35.0, 341.0, 36.0, 353.0, 27.52, 354.77, 18.63, 354.33, 10.0, 352.0]
rec: Mrs......................
text_instance: 9
bbox: [42, 340, 55, 17]
bezier_pts: [42.0, 341.0, 60.0, 341.33, 78.0, 341.67, 96.0, 342.0, 95.0, 355.0, 77.67, 355.38, 60.33, 356.6, 43.0, 354.0]
rec: Longston.................
