text_instance: 0
bbox: [569, 256, 78, 33]
bezier_pts: [569.0, 256.0, 594.67, 256.0, 620.33, 256.0, 646.0, 256.0, 646.0, 287.0, 620.84, 288.8, 594.64, 288.5, 569.0, 287.0]
rec: CEN......................
text_instance: 1
bbox: [367, 59, 146, 113]
bezier_pts: [367.0, 154.0, 393.4, 96.41, 449.55, 71.16, 511.0, 59.0, 512.0, 98.0, 459.28, 86.55, 412.56, 120.58, 397.0, 171.0]
rec: SAIGON...................
text_instance: 2
bbox: [524, 63, 126, 100]
bezier_pts: [527.0, 63.0, 575.39, 70.89, 618.29, 93.34, 649.0, 130.0, 627.0, 162.0, 607.21, 119.29, 573.08, 93.48, 524.0, 97.0]
rec: PLAZA....................
text_instance: 3
bbox: [4, 239, 22, 21]
bezier_pts: [4.0, 240.0, 11.14, 237.69, 18.13, 238.27, 25.0, 241.0, 24.0, 259.0, 17.33, 258.0, 10.67, 257.0, 4.0, 256.0]
rec: WN.......................
text_instance: 4
bbox: [29, 241, 28, 23]
bezier_pts: [29.0, 241.0, 38.66, 240.38, 46.99, 242.84, 56.0, 246.0, 55.0, 263.0, 46.03, 261.47, 37.44, 260.18, 29.0, 259.0]
rec: DELI.....................
text_instance: 5
bbox: [2, 259, 25, 8]
bezier_pts: [3.0, 259.0, 10.67, 259.0, 18.33, 259.0, 26.0, 259.0, 25.0, 265.0, 17.03, 266.73, 10.02, 266.53, 2.0, 265.0]
rec: ADWAY....................
text_instance: 6
bbox: [967, 232, 36, 29]
bezier_pts: [967.0, 234.0, 978.67, 233.33, 990.33, 232.67, 1002.0, 232.0, 997.0, 246.0, 987.0, 250.67, 977.0, 255.33, 967.0, 260.0]
rec: you......................
text_instance: 7
bbox: [486, 261, 25, 29]
bezier_pts: [486.0, 262.0, 493.79, 259.86, 501.86, 260.58, 510.0, 262.0, 509.0, 289.0, 501.32, 288.26, 494.17, 284.51, 487.0, 283.0]
rec: G........................
text_instance: 8
bbox: [530, 262, 21, 9]
bezier_pts: [530.0, 264.0, 536.67, 263.33, 543.33, 262.67, 550.0, 262.0, 550.0, 269.0, 543.33, 270.7, 536.67, 270.54, 530.0, 269.0]
rec: DONOT....................
text_instance: 9
bbox: [532, 281, 18, 7]
bezier_pts: [532.0, 282.0, 537.67, 282.0, 543.33, 282.0, 549.0, 282.0, 549.0, 286.0, 543.67, 286.36, 538.33, 287.36, 533.0, 287.0]
rec: ENTER....................
text_instance: 10
bbox: [470, 128, 83, 27]
bezier_pts: [470.0, 129.0, 498.6, 129.76, 524.41, 126.63, 552.0, 130.0, 551.0, 153.0, 524.33, 153.0, 497.67, 153.0, 471.0, 153.0]
rec: 828......................
