text_instance: 0
bbox: [33, 69, 29, 24]
bezier_pts: [33.0, 70.0, 41.33, 69.67, 49.67, 69.33, 58.0, 69.0, 61.0, 92.0, 52.67, 91.67, 44.33, 91.33, 36.0, 91.0]
rec: 128......................
text_instance: 1
bbox: [70, 32, 172, 93]
bezier_pts: [70.0, 64.0, 121.61, 48.78, 174.96, 38.69, 225.0, 32.0, 241.0, 86.0, 185.99, 101.37, 131.23, 113.44, 75.0, 124.0]
rec: SUPER....................
text_instance: 2
bbox: [48, 96, 218, 111]
bezier_pts: [48.0, 143.0, 117.01, 127.21, 189.15, 109.92, 256.0, 96.0, 265.0, 147.0, 195.62, 169.03, 126.76, 188.85, 56.0, 206.0]
rec: SUNDAY...................
text_instance: 3
bbox: [97, 266, 172, 217]
bezier_pts: [97.0, 428.0, 148.38, 379.01, 180.88, 307.35, 239.0, 266.0, 268.0, 330.0, 215.39, 370.69, 180.98, 429.99, 139.0, 482.0]
rec: GATE.....................
text_instance: 4
bbox: [84, 302, 251, 311]
bezier_pts: [84.0, 567.0, 153.61, 472.89, 216.07, 370.64, 308.0, 302.0, 334.0, 366.0, 255.2, 433.58, 191.78, 525.34, 131.0, 612.0]
rec: ENTRANCE.................
