text_instance: 0
bbox: [86, 39, 186, 75]
bezier_pts: [86.0, 39.0, 146.49, 46.97, 211.06, 28.23, 271.0, 50.0, 270.0, 100.0, 209.5, 74.75, 142.13, 71.13, 88.0, 113.0]
rec: Stronghold...............
text_instance: 1
bbox: [116, 99, 34, 19]
bezier_pts: [116.0, 100.0, 127.0, 99.67, 138.0, 99.33, 149.0, 99.0, 149.0, 117.0, 138.67, 116.33, 128.33, 115.67, 118.0, 115.0]
rec: Los......................
text_instance: 2
bbox: [156, 104, 61, 21]
bezier_pts: [158.0, 104.0, 177.33, 105.67, 196.67, 107.33, 216.0, 109.0, 216.0, 124.0, 196.0, 122.67, 176.0, 121.33, 156.0, 120.0]
rec: Angeles..................
