text_instance: 0
bbox: [414, 3, 84, 143]
bezier_pts: [496.0, 3.0, 498.13, 50.71, 496.74, 93.55, 497.0, 142.0, 417.0, 145.0, 415.37, 96.25, 414.72, 51.04, 415.0, 4.0]
rec: ER.......................
text_instance: 1
bbox: [300, 108, 33, 72]
bezier_pts: [308.0, 108.0, 332.44, 125.12, 334.88, 152.29, 330.0, 179.0, 317.0, 175.0, 324.07, 152.74, 323.17, 135.56, 300.0, 124.0]
rec: Dispenser................
text_instance: 2
bbox: [307, 174, 23, 21]
bezier_pts: [329.0, 181.0, 324.23, 194.16, 318.63, 190.34, 310.0, 194.0, 307.0, 184.0, 311.33, 180.67, 315.67, 177.33, 320.0, 174.0]
rec: User.....................
text_instance: 3
bbox: [476, 144, 23, 24]
bezier_pts: [497.0, 144.0, 498.97, 151.86, 497.56, 158.53, 498.0, 166.0, 477.0, 167.0, 478.88, 158.46, 478.77, 147.43, 476.0, 144.0]
rec: R........................
