text_instance: 0
bbox: [49, 28, 188, 175]
bezier_pts: [49.0, 176.0, 97.12, 114.45, 149.74, 53.05, 222.0, 28.0, 236.0, 83.0, 182.49, 113.13, 136.79, 148.48, 103.0, 202.0]
rec: FOREST...................
text_instance: 1
bbox: [234, 14, 328, 143]
bezier_pts: [234.0, 30.0, 352.38, -7.63, 482.41, 15.03, 561.0, 119.0, 521.0, 156.0, 453.59, 75.19, 351.02, 38.58, 250.0, 79.0]
rec: DEPARTMENT...............
text_instance: 2
bbox: [37, 348, 106, 42]
bezier_pts: [43.0, 348.0, 76.0, 348.67, 109.0, 349.33, 142.0, 350.0, 139.0, 389.0, 105.0, 387.0, 71.0, 385.0, 37.0, 383.0]
rec: PLEASE...................
text_instance: 3
bbox: [149, 354, 70, 37]
bezier_pts: [149.0, 354.0, 172.0, 354.0, 195.0, 354.0, 218.0, 354.0, 215.0, 390.0, 193.33, 389.33, 171.67, 388.67, 150.0, 388.0]
rec: KEEP.....................
text_instance: 4
bbox: [224, 355, 49, 38]
bezier_pts: [224.0, 356.0, 239.33, 355.67, 254.67, 355.33, 270.0, 355.0, 272.0, 390.0, 257.13, 391.23, 241.57, 391.89, 227.0, 392.0]
rec: THE......................
text_instance: 5
bbox: [281, 354, 67, 40]
bezier_pts: [281.0, 354.0, 302.67, 354.33, 324.33, 354.67, 346.0, 355.0, 347.0, 393.0, 325.0, 392.33, 303.0, 391.67, 281.0, 391.0]
rec: REST.....................
text_instance: 6
bbox: [361, 356, 85, 39]
bezier_pts: [361.0, 356.0, 388.33, 357.0, 415.67, 358.0, 443.0, 359.0, 445.0, 394.0, 417.0, 393.33, 389.0, 392.67, 361.0, 392.0]
rec: HOUSE....................
text_instance: 7
bbox: [450, 357, 63, 37]
bezier_pts: [450.0, 358.0, 469.67, 357.67, 489.33, 357.33, 509.0, 357.0, 512.0, 393.0, 494.0, 392.0, 476.0, 391.0, 458.0, 390.0]
rec: NEAT.....................
text_instance: 8
bbox: [531, 360, 97, 36]
bezier_pts: [531.0, 360.0, 561.67, 360.67, 592.33, 361.33, 623.0, 362.0, 627.0, 393.0, 596.49, 394.69, 565.36, 394.6, 535.0, 393.0]
rec: CLEAN....................
text_instance: 9
bbox: [536, 125, 76, 91]
bezier_pts: [567.0, 125.0, 581.07, 144.82, 602.54, 163.52, 611.0, 186.0, 568.0, 215.0, 556.46, 201.23, 542.43, 189.56, 536.0, 173.0]
rec: HP.......................
