text_instance: 0
bbox: [342, 317, 41, 27]
bezier_pts: [342.0, 317.0, 355.33, 317.0, 368.67, 317.0, 382.0, 317.0, 382.0, 342.0, 368.67, 342.0, 355.33, 342.0, 342.0, 342.0]
rec: CAFE.....................
text_instance: 1
bbox: [200, 276, 27, 19]
bezier_pts: [200.0, 276.0, 208.67, 276.0, 217.33, 276.0, 226.0, 276.0, 226.0, 293.0, 217.24, 293.57, 208.52, 295.03, 200.0, 293.0]
rec: THE......................
text_instance: 2
bbox: [185, 292, 120, 58]
bezier_pts: [186.0, 292.0, 224.29, 296.49, 256.05, 327.31, 291.0, 295.0, 304.0, 326.0, 268.46, 347.01, 227.48, 356.77, 185.0, 343.0]
rec: SEASONAL.................
text_instance: 3
bbox: [304, 279, 100, 58]
bezier_pts: [304.0, 279.0, 334.96, 278.62, 369.48, 279.35, 401.0, 285.0, 403.0, 316.0, 370.72, 311.46, 338.02, 328.26, 308.0, 336.0]
rec: GARDEN...................
text_instance: 4
bbox: [237, 378, 114, 40]
bezier_pts: [237.0, 386.0, 273.33, 383.33, 309.67, 380.67, 346.0, 378.0, 350.0, 402.0, 315.61, 408.96, 280.5, 412.18, 245.0, 417.0]
rec: ORGANIC..................
text_instance: 5
bbox: [234, 408, 125, 42]
bezier_pts: [234.0, 423.0, 273.67, 418.0, 313.33, 413.0, 353.0, 408.0, 358.0, 435.0, 318.0, 441.65, 278.0, 445.02, 238.0, 449.0]
rec: SEASONAL.................
text_instance: 6
bbox: [217, 444, 161, 41]
bezier_pts: [217.0, 459.0, 269.0, 454.0, 321.0, 449.0, 373.0, 444.0, 377.0, 469.0, 327.0, 474.0, 277.0, 479.0, 227.0, 484.0]
rec: WHOLEFOOD................
