text_instance: 0
bbox: [414, 533, 172, 49]
bezier_pts: [414.0, 541.0, 469.0, 538.33, 524.0, 535.67, 579.0, 533.0, 585.0, 578.0, 530.55, 580.89, 476.46, 580.38, 423.0, 581.0]
rec: WELCOME..................
text_instance: 1
bbox: [583, 527, 58, 48]
bezier_pts: [583.0, 532.0, 600.0, 530.33, 617.0, 528.67, 634.0, 527.0, 640.0, 571.0, 625.85, 572.58, 611.6, 573.63, 597.0, 574.0]
rec: TO.......................
text_instance: 2
bbox: [642, 512, 113, 60]
bezier_pts: [642.0, 526.0, 677.0, 521.33, 712.0, 516.67, 747.0, 512.0, 754.0, 547.0, 718.8, 557.92, 682.48, 565.89, 646.0, 571.0]
rec: SABAH....................
text_instance: 3
bbox: [754, 502, 82, 45]
bezier_pts: [754.0, 511.0, 778.0, 508.0, 802.0, 505.0, 826.0, 502.0, 835.0, 535.0, 811.58, 541.39, 787.39, 544.71, 763.0, 545.0]
rec: LAND.....................
text_instance: 4
bbox: [842, 503, 100, 37]
bezier_pts: [842.0, 503.0, 872.67, 504.0, 903.33, 505.0, 934.0, 506.0, 941.0, 539.0, 909.67, 539.0, 878.33, 539.0, 847.0, 539.0]
rec: BELOW....................
text_instance: 5
bbox: [932, 499, 64, 41]
bezier_pts: [932.0, 502.0, 950.0, 501.0, 968.0, 500.0, 986.0, 499.0, 995.0, 533.0, 979.67, 535.0, 964.33, 537.0, 949.0, 539.0]
rec: THE......................
text_instance: 6
bbox: [991, 496, 76, 38]
bezier_pts: [991.0, 499.0, 1013.33, 498.0, 1035.67, 497.0, 1058.0, 496.0, 1066.0, 529.0, 1045.93, 531.0, 1024.28, 531.47, 1004.0, 533.0]
rec: WIND.....................
text_instance: 7
bbox: [682, 631, 106, 254]
bezier_pts: [692.0, 884.0, 663.66, 786.84, 691.02, 698.25, 765.0, 631.0, 787.0, 660.0, 741.01, 713.27, 703.0, 782.29, 732.0, 860.0]
rec: WELCOME..................
text_instance: 8
bbox: [780, 584, 72, 69]
bezier_pts: [780.0, 614.0, 796.5, 596.4, 818.21, 588.82, 841.0, 584.0, 851.0, 613.0, 850.32, 644.09, 819.95, 640.5, 803.0, 652.0]
rec: TO.......................
text_instance: 9
bbox: [863, 577, 189, 219]
bezier_pts: [863.0, 577.0, 1018.46, 551.06, 1056.99, 662.42, 1051.0, 788.0, 1018.0, 795.0, 1021.03, 706.08, 981.09, 609.78, 865.0, 623.0]
rec: BAVANGGAZO...............
text_instance: 10
bbox: [691, 884, 253, 130]
bezier_pts: [733.0, 884.0, 784.07, 943.46, 855.37, 959.52, 932.0, 941.0, 943.0, 988.0, 842.25, 1043.35, 736.9, 1017.02, 691.0, 910.0]
rec: LONGHOUSE................
text_instance: 11
bbox: [938, 816, 105, 146]
bezier_pts: [938.0, 931.0, 975.86, 905.51, 1004.73, 860.87, 1014.0, 816.0, 1042.0, 829.0, 1031.68, 884.28, 992.45, 920.51, 958.0, 961.0]
rec: KUDAT....................
