text_instance: 0
bbox: [675, 853, 158, 30]
bezier_pts: [675.0, 853.0, 727.33, 853.0, 779.67, 853.0, 832.0, 853.0, 832.0, 882.0, 779.67, 882.0, 727.33, 882.0, 675.0, 882.0]
rec: BOOTCAMP.................
text_instance: 1
bbox: [692, 790, 140, 59]
bezier_pts: [692.0, 790.0, 738.33, 790.0, 784.67, 790.0, 831.0, 790.0, 831.0, 848.0, 784.67, 848.0, 738.33, 848.0, 692.0, 848.0]
rec: Birth....................
text_instance: 2
bbox: [687, 726, 158, 71]
bezier_pts: [692.0, 726.0, 742.4, 728.91, 794.13, 723.81, 844.0, 731.0, 841.0, 786.0, 789.67, 789.33, 738.33, 792.67, 687.0, 796.0]
rec: gentle...................
text_instance: 3
bbox: [248, 345, 91, 125]
bezier_pts: [248.0, 448.0, 271.88, 416.98, 269.45, 367.42, 310.0, 345.0, 338.0, 384.0, 286.05, 394.4, 304.2, 437.21, 295.0, 469.0]
rec: Taking...................
text_instance: 4
bbox: [316, 307, 70, 58]
bezier_pts: [316.0, 330.0, 335.0, 322.33, 354.0, 314.67, 373.0, 307.0, 385.0, 337.0, 371.0, 346.0, 357.0, 355.0, 343.0, 364.0]
rec: the......................
text_instance: 5
bbox: [382, 288, 131, 52]
bezier_pts: [382.0, 294.0, 424.9, 285.06, 470.0, 287.13, 512.0, 292.0, 509.0, 337.0, 475.36, 311.11, 433.09, 317.53, 397.0, 339.0]
rec: Birthing.................
text_instance: 6
bbox: [523, 289, 104, 84]
bezier_pts: [530.0, 289.0, 563.26, 303.84, 596.05, 322.08, 626.0, 342.0, 607.0, 372.0, 579.0, 359.0, 551.0, 346.0, 523.0, 333.0]
rec: World....................
text_instance: 7
bbox: [608, 346, 58, 61]
bezier_pts: [640.0, 346.0, 645.58, 363.65, 652.15, 382.83, 665.0, 394.0, 629.0, 406.0, 624.37, 393.98, 621.39, 380.64, 608.0, 376.0]
rec: by.......................
text_instance: 8
bbox: [641, 396, 51, 106]
bezier_pts: [677.0, 396.0, 684.16, 429.89, 697.85, 467.79, 682.0, 501.0, 656.0, 501.0, 664.76, 470.32, 661.22, 437.32, 641.0, 411.0]
rec: Calm.....................
text_instance: 9
bbox: [446, 646, 211, 112]
bezier_pts: [446.0, 646.0, 514.68, 652.27, 586.44, 652.9, 656.0, 673.0, 650.0, 757.0, 603.59, 675.72, 524.68, 722.16, 458.0, 705.0]
rec: Birthing.................
text_instance: 10
bbox: [495, 715, 118, 25]
bezier_pts: [497.0, 715.0, 533.67, 714.4, 570.9, 716.02, 609.0, 721.0, 612.0, 739.0, 572.08, 739.41, 533.7, 737.24, 495.0, 732.0]
rec: TIONAL...................
