text_instance: 0
bbox: [198, 817, 74, 47]
bezier_pts: [202.0, 817.0, 225.0, 823.67, 248.0, 830.33, 271.0, 837.0, 263.0, 863.0, 241.33, 855.67, 219.67, 848.33, 198.0, 841.0]
rec: metro....................
text_instance: 1
bbox: [202, 845, 66, 43]
bezier_pts: [204.0, 845.0, 225.0, 851.67, 246.0, 858.33, 267.0, 865.0, 260.0, 887.0, 240.67, 881.0, 221.33, 875.0, 202.0, 869.0]
rec: FREEDAILY................
text_instance: 2
bbox: [230, 522, 77, 28]
bezier_pts: [248.0, 522.0, 267.33, 524.33, 286.67, 526.67, 306.0, 529.0, 291.0, 548.0, 270.4, 547.32, 250.39, 543.3, 230.0, 538.0]
rec: met......................
text_instance: 3
bbox: [208, 537, 90, 36]
bezier_pts: [221.0, 537.0, 246.33, 541.67, 271.67, 546.33, 297.0, 551.0, 291.0, 572.0, 263.33, 566.33, 235.67, 560.67, 208.0, 555.0]
rec: FREEDAILY................
text_instance: 4
bbox: [412, 711, 68, 44]
bezier_pts: [419.0, 711.0, 439.0, 717.67, 459.0, 724.33, 479.0, 731.0, 473.0, 754.0, 451.97, 751.81, 431.38, 746.68, 412.0, 739.0]
rec: tragically...............
text_instance: 5
bbox: [525, 893, 129, 55]
bezier_pts: [531.0, 917.0, 571.67, 909.0, 612.33, 901.0, 653.0, 893.0, 651.0, 917.0, 609.6, 929.32, 568.0, 939.24, 525.0, 947.0]
rec: straightcom..............
text_instance: 6
bbox: [562, 763, 35, 40]
bezier_pts: [562.0, 780.0, 570.54, 771.27, 582.08, 769.98, 592.0, 763.0, 596.0, 782.0, 589.0, 788.67, 582.0, 795.33, 575.0, 802.0]
rec: THE......................
text_instance: 7
bbox: [599, 763, 40, 57]
bezier_pts: [601.0, 763.0, 630.85, 768.4, 636.77, 787.48, 638.0, 813.0, 629.0, 819.0, 624.08, 805.45, 619.91, 784.1, 599.0, 785.0]
rec: STREET...................
text_instance: 8
bbox: [542, 834, 95, 53]
bezier_pts: [553.0, 843.0, 574.6, 882.14, 607.83, 870.68, 623.0, 834.0, 636.0, 847.0, 619.18, 893.25, 577.09, 893.51, 542.0, 871.0]
rec: ONTHEWEB.................
text_instance: 9
bbox: [476, 182, 31, 37]
bezier_pts: [476.0, 182.0, 485.0, 183.0, 494.0, 184.0, 503.0, 185.0, 506.0, 217.0, 495.72, 219.09, 486.22, 217.42, 476.0, 217.0]
rec: T........................
text_instance: 10
bbox: [641, 685, 42, 38]
bezier_pts: [643.0, 692.0, 654.74, 687.97, 668.04, 685.15, 681.0, 686.0, 682.0, 716.0, 668.33, 718.0, 654.67, 720.0, 641.0, 722.0]
rec: st.......................
text_instance: 11
bbox: [548, 791, 25, 33]
bezier_pts: [548.0, 820.0, 551.5, 809.88, 556.05, 799.4, 563.0, 791.0, 572.0, 799.0, 568.02, 801.76, 558.3, 814.57, 563.0, 823.0]
rec: ON.......................
