text_instance: 0
bbox: [227, 99, 56, 18]
bezier_pts: [227.0, 99.0, 245.33, 99.0, 263.67, 99.0, 282.0, 99.0, 282.0, 115.0, 263.6, 116.72, 245.55, 116.54, 227.0, 115.0]
rec: IMALIENARLE..............
text_instance: 1
bbox: [207, 71, 65, 38]
bezier_pts: [207.0, 93.0, 223.32, 76.28, 247.21, 66.45, 271.0, 73.0, 269.0, 90.0, 247.69, 77.01, 228.68, 90.68, 216.0, 108.0]
rec: SAVIGNON.................
text_instance: 2
bbox: [269, 74, 36, 39]
bezier_pts: [279.0, 74.0, 288.38, 80.98, 298.37, 86.89, 304.0, 97.0, 296.0, 112.0, 285.47, 105.4, 277.32, 96.45, 269.0, 88.0]
rec: ORAN.....................
text_instance: 3
bbox: [253, 117, 42, 30]
bezier_pts: [253.0, 129.0, 264.67, 125.0, 276.33, 121.0, 288.0, 117.0, 294.0, 133.0, 281.65, 140.04, 268.23, 144.58, 254.0, 146.0]
rec: LOCATION.................
