text_instance: 0
bbox: [397, 1039, 809, 196]
bezier_pts: [397.0, 1072.0, 658.47, 1050.7, 925.71, 1047.1, 1187.0, 1039.0, 1205.0, 1194.0, 939.63, 1209.39, 672.42, 1223.37, 406.0, 1234.0]
rec: CHICOS...................
text_instance: 1
bbox: [537, 1365, 556, 186]
bezier_pts: [638.0, 1374.0, 769.94, 1460.88, 914.27, 1413.44, 1055.0, 1365.0, 1092.0, 1447.0, 926.73, 1586.11, 723.55, 1590.06, 537.0, 1478.0]
rec: doner....................
text_instance: 2
bbox: [1147, 188, 757, 312]
bezier_pts: [1147.0, 211.0, 1395.33, 203.33, 1643.67, 195.67, 1892.0, 188.0, 1903.0, 471.0, 1652.33, 480.33, 1401.67, 489.67, 1151.0, 499.0]
rec: DO.......................
text_instance: 3
bbox: [46, 225, 837, 312]
bezier_pts: [46.0, 236.0, 315.56, 226.65, 595.38, 222.78, 861.0, 225.0, 882.0, 526.0, 608.0, 528.71, 332.48, 528.87, 58.0, 526.0]
rec: O'S......................
