text_instance: 0
bbox: [50, 138, 106, 183]
bezier_pts: [50.0, 319.0, 68.81, 253.77, 95.36, 196.83, 133.0, 138.0, 155.0, 165.0, 109.03, 207.87, 89.0, 262.75, 82.0, 320.0]
rec: CONVENT..................
text_instance: 1
bbox: [152, 76, 171, 73]
bezier_pts: [152.0, 121.0, 203.36, 86.04, 263.06, 73.84, 322.0, 76.0, 311.0, 117.0, 258.71, 101.23, 207.74, 125.69, 165.0, 148.0]
rec: GARDEN...................
text_instance: 2
bbox: [328, 91, 110, 173]
bezier_pts: [343.0, 91.0, 400.07, 127.8, 424.04, 188.36, 437.0, 254.0, 394.0, 263.0, 405.37, 205.54, 376.23, 150.98, 328.0, 122.0]
rec: MARKET...................
