text_instance: 0
bbox: [235, 477, 434, 106]
bezier_pts: [235.0, 520.0, 381.12, 464.52, 523.67, 460.51, 668.0, 508.0, 664.0, 574.0, 530.95, 523.22, 396.28, 533.0, 260.0, 582.0]
rec: PHILADELPHIA.............
text_instance: 1
bbox: [346, 545, 232, 81]
bezier_pts: [346.0, 558.0, 420.27, 542.2, 502.61, 535.08, 577.0, 558.0, 568.0, 618.0, 498.65, 604.61, 432.0, 605.97, 362.0, 625.0]
rec: POLICE...................
text_instance: 2
bbox: [379, 626, 157, 33]
bezier_pts: [379.0, 631.0, 430.07, 624.15, 483.31, 624.43, 535.0, 628.0, 535.0, 657.0, 486.33, 657.33, 437.67, 657.67, 389.0, 658.0]
rec: HONOR....................
text_instance: 3
bbox: [269, 741, 129, 184]
bezier_pts: [379.0, 924.0, 319.45, 878.41, 298.2, 807.03, 269.0, 741.0, 299.0, 753.0, 329.56, 801.65, 353.52, 860.47, 397.0, 901.0]
rec: INTEGRITY................
text_instance: 4
bbox: [508, 739, 121, 163]
bezier_pts: [628.0, 750.0, 595.7, 801.93, 567.12, 855.02, 526.0, 901.0, 508.0, 883.0, 544.12, 840.8, 570.4, 787.43, 602.0, 739.0]
rec: SERVICE..................
