text_instance: 0
bbox: [625, 337, 275, 234]
bezier_pts: [625.0, 525.0, 685.15, 419.5, 788.93, 383.56, 899.0, 337.0, 892.0, 429.0, 774.88, 416.77, 696.27, 494.67, 628.0, 570.0]
rec: STREETFOODMARKET.........
text_instance: 1
bbox: [841, 531, 154, 59]
bezier_pts: [841.0, 531.0, 891.33, 534.0, 941.67, 537.0, 992.0, 540.0, 994.0, 589.0, 945.0, 586.0, 896.0, 583.0, 847.0, 580.0]
rec: TOUS.....................
text_instance: 2
bbox: [934, 274, 119, 129]
bezier_pts: [934.0, 342.0, 970.33, 319.33, 1006.67, 296.67, 1043.0, 274.0, 1052.0, 354.0, 1018.0, 370.0, 984.0, 386.0, 950.0, 402.0]
rec: TO.......................
text_instance: 3
bbox: [1157, 189, 87, 121]
bezier_pts: [1157.0, 237.0, 1183.0, 221.0, 1209.0, 205.0, 1235.0, 189.0, 1243.0, 253.0, 1221.66, 270.96, 1187.16, 278.76, 1175.0, 309.0]
rec: dai......................
