text_instance: 0
bbox: [96, 198, 67, 70]
bezier_pts: [96.0, 256.0, 109.31, 235.41, 122.65, 217.59, 136.0, 198.0, 162.0, 217.0, 146.67, 230.73, 139.75, 248.59, 133.0, 267.0]
rec: The......................
text_instance: 1
bbox: [140, 140, 147, 74]
bezier_pts: [140.0, 183.0, 182.8, 150.7, 233.76, 133.29, 286.0, 142.0, 284.0, 173.0, 237.38, 158.82, 195.51, 175.44, 165.0, 213.0]
rec: Healthier................
text_instance: 2
bbox: [286, 142, 133, 145]
bezier_pts: [306.0, 142.0, 355.17, 176.15, 410.14, 208.62, 418.0, 275.0, 393.0, 286.0, 382.34, 230.18, 342.89, 186.52, 286.0, 169.0]
rec: Alternative..............
text_instance: 3
bbox: [339, 38, 61, 33]
bezier_pts: [343.0, 38.0, 361.67, 42.67, 380.33, 47.33, 399.0, 52.0, 394.0, 70.0, 375.67, 67.67, 357.33, 65.33, 339.0, 63.0]
rec: Kenny....................
text_instance: 4
bbox: [336, 57, 117, 54]
bezier_pts: [336.0, 57.0, 374.67, 63.33, 413.33, 69.67, 452.0, 76.0, 451.0, 110.0, 414.67, 106.67, 378.33, 103.33, 342.0, 100.0]
rec: ROASTERS.................
text_instance: 5
bbox: [104, 399, 53, 27]
bezier_pts: [104.0, 406.0, 121.33, 403.67, 138.67, 401.33, 156.0, 399.0, 153.0, 419.0, 138.67, 421.0, 124.33, 423.0, 110.0, 425.0]
rec: LESS.....................
text_instance: 6
bbox: [401, 48, 54, 32]
bezier_pts: [402.0, 48.0, 419.33, 51.67, 436.67, 55.33, 454.0, 59.0, 454.0, 79.0, 436.33, 76.67, 418.67, 74.33, 401.0, 72.0]
rec: Rogers...................
text_instance: 7
bbox: [158, 396, 32, 19]
bezier_pts: [160.0, 398.0, 169.2, 394.13, 178.71, 396.55, 188.0, 396.0, 189.0, 413.0, 178.67, 413.33, 168.33, 413.67, 158.0, 414.0]
rec: fat......................
text_instance: 8
bbox: [202, 395, 44, 25]
bezier_pts: [202.0, 395.0, 216.33, 396.67, 230.67, 398.33, 245.0, 400.0, 245.0, 419.0, 230.67, 417.33, 216.33, 415.67, 202.0, 414.0]
rec: Less.....................
text_instance: 9
bbox: [249, 401, 37, 26]
bezier_pts: [253.0, 401.0, 263.67, 403.67, 274.33, 406.33, 285.0, 409.0, 284.0, 426.0, 272.04, 423.11, 260.63, 419.93, 249.0, 416.0]
rec: salt.....................
text_instance: 10
bbox: [293, 406, 47, 28]
bezier_pts: [298.0, 406.0, 311.0, 408.67, 324.0, 411.33, 337.0, 414.0, 339.0, 433.0, 323.67, 431.0, 308.33, 429.0, 293.0, 427.0]
rec: Less.....................
text_instance: 11
bbox: [341, 404, 68, 27]
bezier_pts: [342.0, 416.0, 364.0, 412.0, 386.0, 408.0, 408.0, 404.0, 406.0, 423.0, 384.63, 427.5, 362.24, 429.21, 341.0, 430.0]
rec: calories.................
