text_instance: 0
bbox: [77, 40, 57, 61]
bezier_pts: [77.0, 93.0, 87.46, 72.97, 104.56, 55.01, 122.0, 40.0, 133.0, 64.0, 118.7, 73.09, 104.47, 83.12, 97.0, 100.0]
rec: BIG......................
text_instance: 1
bbox: [133, 27, 106, 63]
bezier_pts: [140.0, 27.0, 182.18, 31.88, 217.99, 25.41, 238.0, 70.0, 215.0, 89.0, 198.93, 54.39, 163.88, 52.96, 133.0, 54.0]
rec: APPLE....................
text_instance: 2
bbox: [73, 120, 68, 70]
bezier_pts: [89.0, 120.0, 94.38, 146.47, 109.65, 169.29, 140.0, 169.0, 140.0, 189.0, 106.11, 190.85, 78.06, 167.55, 73.0, 132.0]
rec: DONUTS...................
text_instance: 3
bbox: [159, 111, 78, 77]
bezier_pts: [159.0, 166.0, 190.02, 162.69, 207.61, 137.75, 215.0, 111.0, 236.0, 115.0, 226.61, 152.82, 200.31, 178.88, 165.0, 187.0]
rec: COFFEE...................
