text_instance: 0
bbox: [58, 75, 51, 71]
bezier_pts: [58.0, 138.0, 66.88, 116.16, 72.63, 91.09, 90.0, 75.0, 108.0, 93.0, 95.2, 108.34, 83.39, 124.1, 82.0, 145.0]
rec: UBUMWE...................
text_instance: 1
bbox: [97, 53, 101, 39]
bezier_pts: [97.0, 71.0, 129.04, 39.77, 170.01, 46.79, 197.0, 78.0, 177.0, 91.0, 154.33, 78.63, 131.67, 78.63, 109.0, 91.0]
rec: COMMUNITY................
text_instance: 2
bbox: [182, 81, 40, 59]
bezier_pts: [196.0, 81.0, 209.98, 94.64, 219.63, 109.08, 221.0, 129.0, 200.0, 139.0, 200.1, 123.61, 191.04, 106.6, 182.0, 96.0]
rec: CENTER...................
text_instance: 3
bbox: [94, 95, 62, 48]
bezier_pts: [94.0, 133.0, 107.45, 111.65, 126.21, 94.59, 155.0, 95.0, 150.0, 108.0, 127.87, 106.9, 112.04, 123.62, 103.0, 142.0]
rec: COMMUNITY................
text_instance: 4
bbox: [152, 99, 36, 42]
bezier_pts: [158.0, 99.0, 169.84, 106.5, 184.65, 119.63, 187.0, 136.0, 177.0, 140.0, 170.82, 127.47, 165.85, 115.66, 152.0, 109.0]
rec: CENTER...................
text_instance: 5
bbox: [118, 161, 60, 29]
bezier_pts: [121.0, 170.0, 138.76, 182.26, 157.26, 179.24, 168.0, 161.0, 177.0, 170.0, 163.18, 192.57, 139.67, 190.97, 118.0, 187.0]
rec: UBUMWE...................
