text_instance: 0
bbox: [238, 383, 72, 44]
bezier_pts: [238.0, 406.0, 258.42, 389.56, 283.49, 382.51, 309.0, 383.0, 308.0, 403.0, 289.0, 410.67, 270.0, 418.33, 251.0, 426.0]
rec: HALF.....................
text_instance: 1
bbox: [315, 384, 72, 41]
bezier_pts: [320.0, 384.0, 343.4, 388.53, 370.11, 388.92, 386.0, 409.0, 370.0, 424.0, 351.67, 417.0, 333.33, 410.0, 315.0, 403.0]
rec: PINT.....................
text_instance: 2
bbox: [247, 481, 130, 37]
bezier_pts: [249.0, 482.0, 290.33, 481.67, 331.67, 481.33, 373.0, 481.0, 376.0, 499.0, 333.35, 524.99, 290.78, 519.52, 247.0, 506.0]
rec: SUNDAES..................
