text_instance: 0
bbox: [256, 219, 134, 186]
bezier_pts: [256.0, 389.0, 277.68, 318.1, 323.26, 269.14, 373.0, 219.0, 389.0, 268.0, 326.13, 289.44, 320.4, 356.9, 302.0, 404.0]
rec: GOVTPILOT................
text_instance: 1
bbox: [382, 200, 97, 56]
bezier_pts: [382.0, 215.0, 410.29, 203.25, 442.6, 203.86, 473.0, 200.0, 478.0, 239.0, 452.32, 233.28, 420.9, 232.74, 402.0, 255.0]
rec: HIGHER...................
text_instance: 2
bbox: [486, 204, 47, 54]
bezier_pts: [491.0, 204.0, 504.67, 210.67, 518.33, 217.33, 532.0, 224.0, 527.0, 257.0, 513.33, 251.33, 499.67, 245.67, 486.0, 240.0]
rec: SEC......................
text_instance: 3
bbox: [534, 240, 73, 94]
bezier_pts: [552.0, 240.0, 572.15, 259.33, 589.32, 284.05, 606.0, 306.0, 589.0, 333.0, 585.26, 300.18, 556.27, 282.91, 534.0, 264.0]
rec: SCHOOL...................
text_instance: 4
bbox: [593, 319, 50, 120]
bezier_pts: [615.0, 319.0, 628.53, 352.61, 639.21, 388.5, 642.0, 426.0, 626.0, 438.0, 615.5, 404.91, 611.72, 370.16, 593.0, 341.0]
rec: LARKANO..................
text_instance: 5
bbox: [480, 108, 22, 19]
bezier_pts: [482.0, 108.0, 488.33, 110.0, 494.67, 112.0, 501.0, 114.0, 499.0, 126.0, 492.67, 124.33, 486.33, 122.67, 480.0, 121.0]
rec: 1926.....................
