text_instance: 0
bbox: [7, 348, 63, 41]
bezier_pts: [7.0, 382.0, 20.69, 361.18, 42.75, 348.19, 67.0, 348.0, 69.0, 361.0, 53.0, 370.0, 37.0, 379.0, 21.0, 388.0]
rec: TAMAN....................
text_instance: 1
bbox: [82, 343, 75, 71]
bezier_pts: [86.0, 343.0, 114.89, 354.41, 131.98, 377.55, 156.0, 395.0, 130.0, 413.0, 129.15, 381.23, 107.81, 374.79, 82.0, 365.0]
rec: KINABA...................
text_instance: 2
bbox: [1, 429, 86, 74]
bezier_pts: [18.0, 429.0, 29.45, 457.58, 48.13, 489.48, 86.0, 479.0, 84.0, 502.0, 51.27, 491.76, 13.15, 475.82, 1.0, 437.0]
rec: KINABALU.................
text_instance: 3
bbox: [150, 75, 38, 47]
bezier_pts: [152.0, 75.0, 163.67, 81.67, 175.33, 88.33, 187.0, 95.0, 179.0, 121.0, 169.33, 117.0, 159.67, 113.0, 150.0, 109.0]
rec: ID.......................
text_instance: 4
bbox: [189, 95, 185, 129]
bezier_pts: [199.0, 95.0, 257.0, 127.0, 315.0, 159.0, 373.0, 191.0, 371.0, 223.0, 310.33, 191.67, 249.67, 160.33, 189.0, 129.0]
rec: LAHANDAMAN...............
text_instance: 5
bbox: [375, 197, 31, 43]
bezier_pts: [381.0, 197.0, 389.0, 201.67, 397.0, 206.33, 405.0, 211.0, 401.0, 239.0, 392.33, 235.67, 383.67, 232.33, 375.0, 229.0]
rec: DI.......................
text_instance: 6
bbox: [136, 113, 128, 87]
bezier_pts: [142.0, 113.0, 182.33, 131.67, 222.67, 150.33, 263.0, 169.0, 257.0, 199.0, 216.14, 183.05, 175.74, 163.26, 136.0, 145.0]
rec: GUNTING..................
text_instance: 7
bbox: [259, 173, 139, 95]
bezier_pts: [271.0, 173.0, 313.0, 194.33, 355.0, 215.67, 397.0, 237.0, 393.0, 267.0, 348.33, 247.67, 303.67, 228.33, 259.0, 209.0]
rec: BLAGADAN.................
text_instance: 8
bbox: [109, 143, 120, 81]
bezier_pts: [114.0, 143.0, 153.58, 160.55, 188.82, 177.03, 228.0, 195.0, 222.0, 223.0, 184.33, 206.0, 146.67, 189.0, 109.0, 172.0]
rec: HUGUAN...................
text_instance: 9
bbox: [236, 202, 160, 99]
bezier_pts: [238.0, 202.0, 290.33, 227.33, 342.67, 252.67, 395.0, 278.0, 389.0, 300.0, 337.07, 278.24, 286.51, 255.0, 236.0, 230.0]
rec: MANANANUD................
text_instance: 10
bbox: [96, 178, 147, 94]
bezier_pts: [102.0, 178.0, 148.66, 197.33, 195.33, 219.33, 242.0, 244.0, 236.0, 271.0, 189.33, 249.67, 142.67, 228.33, 96.0, 207.0]
rec: NULUHON..................
text_instance: 11
bbox: [253, 251, 53, 47]
bezier_pts: [257.0, 251.0, 273.0, 258.33, 289.0, 265.67, 305.0, 273.0, 298.0, 297.0, 283.0, 291.33, 268.0, 285.67, 253.0, 280.0]
rec: KIN......................
text_instance: 12
bbox: [110, 230, 81, 59]
bezier_pts: [116.0, 230.0, 140.67, 241.0, 165.33, 252.0, 190.0, 263.0, 184.0, 288.0, 157.93, 280.78, 133.86, 271.11, 110.0, 259.0]
rec: 1888.....................
text_instance: 13
bbox: [231, 279, 50, 45]
bezier_pts: [232.0, 279.0, 248.0, 286.0, 264.0, 293.0, 280.0, 300.0, 271.0, 323.0, 256.64, 320.83, 243.5, 315.18, 231.0, 309.0]
rec: 196......................
text_instance: 14
bbox: [50, 157, 37, 44]
bezier_pts: [57.0, 157.0, 69.49, 157.89, 75.89, 168.06, 86.0, 172.0, 79.0, 200.0, 68.87, 196.36, 59.08, 191.02, 50.0, 185.0]
rec: ID.......................
text_instance: 15
bbox: [119, 592, 39, 22]
bezier_pts: [122.0, 592.0, 133.96, 593.36, 145.4, 595.11, 157.0, 599.0, 154.0, 613.0, 141.81, 611.96, 130.81, 608.85, 119.0, 607.0]
rec: ROT......................
