text_instance: 0
bbox: [687, 247, 116, 63]
bezier_pts: [687.0, 247.0, 725.33, 247.0, 763.67, 247.0, 802.0, 247.0, 802.0, 308.0, 764.59, 308.66, 725.86, 308.77, 687.0, 308.0]
rec: HOTEL....................
text_instance: 1
bbox: [427, 251, 98, 65]
bezier_pts: [427.0, 251.0, 459.33, 251.0, 491.67, 251.0, 524.0, 251.0, 524.0, 315.0, 491.67, 315.0, 459.33, 315.0, 427.0, 315.0]
rec: BLUE.....................
text_instance: 2
bbox: [529, 250, 153, 65]
bezier_pts: [529.0, 250.0, 579.67, 250.0, 630.33, 250.0, 681.0, 250.0, 681.0, 313.0, 630.33, 313.0, 579.67, 313.0, 529.0, 313.0]
rec: DIAMOND..................
text_instance: 3
bbox: [701, 358, 96, 74]
bezier_pts: [701.0, 395.0, 726.33, 382.67, 751.67, 370.33, 777.0, 358.0, 796.0, 384.0, 769.33, 402.26, 741.35, 417.99, 712.0, 431.0]
rec: HUAN.....................
text_instance: 4
bbox: [612, 405, 96, 46]
bezier_pts: [612.0, 414.0, 635.33, 411.0, 658.67, 408.0, 682.0, 405.0, 707.0, 426.0, 676.21, 436.33, 644.45, 443.04, 614.0, 450.0]
rec: KHOA.....................
text_instance: 5
bbox: [539, 406, 66, 46]
bezier_pts: [545.0, 406.0, 564.33, 409.0, 583.67, 412.0, 603.0, 415.0, 604.0, 451.0, 582.33, 447.0, 560.67, 443.0, 539.0, 439.0]
rec: THE......................
text_instance: 6
bbox: [497, 391, 43, 38]
bezier_pts: [502.0, 391.0, 514.33, 395.0, 526.67, 399.0, 539.0, 403.0, 531.0, 428.0, 519.67, 425.33, 508.33, 422.67, 497.0, 420.0]
rec: 50.......................
