text_instance: 0
bbox: [239, 358, 33, 14]
bezier_pts: [239.0, 358.0, 249.67, 358.0, 260.33, 358.0, 271.0, 358.0, 271.0, 371.0, 260.33, 371.0, 249.67, 371.0, 239.0, 371.0]
rec: 2014.....................
text_instance: 1
bbox: [203, 357, 32, 16]
bezier_pts: [203.0, 357.0, 213.33, 357.0, 223.67, 357.0, 234.0, 357.0, 234.0, 372.0, 223.67, 372.0, 213.33, 372.0, 203.0, 372.0]
rec: EST......................
text_instance: 2
bbox: [91, 165, 295, 88]
bezier_pts: [91.0, 224.0, 179.19, 143.59, 293.87, 141.86, 385.0, 224.0, 363.0, 250.0, 281.24, 179.22, 188.27, 184.52, 112.0, 252.0]
rec: CUNNINGHAMS..............
