text_instance: 0
bbox: [411, 684, 1238, 760]
bezier_pts: [411.0, 1434.0, 777.97, 1158.55, 1218.13, 1096.63, 1648.0, 1248.0, 1494.0, 1283.0, 1163.71, 1072.88, 816.6, 1145.34, 568.0, 1443.0]
rec: SUSHIRULLEN..............
text_instance: 1
bbox: [532, 1604, 316, 234]
bezier_pts: [604.0, 1604.0, 665.21, 1683.21, 753.74, 1723.22, 847.0, 1740.0, 806.0, 1837.0, 685.02, 1827.87, 625.15, 1711.26, 532.0, 1664.0]
rec: GOTT.....................
text_instance: 2
bbox: [1077, 1449, 459, 392]
bezier_pts: [1077.0, 1749.0, 1255.37, 1697.3, 1330.73, 1532.88, 1475.0, 1449.0, 1535.0, 1506.0, 1439.15, 1689.77, 1272.13, 1790.66, 1090.0, 1840.0]
rec: SPRANG...................
text_instance: 3
bbox: [872, 1756, 163, 108]
bezier_pts: [884.0, 1758.0, 932.67, 1757.33, 981.33, 1756.67, 1030.0, 1756.0, 1034.0, 1863.0, 980.0, 1862.33, 926.0, 1861.67, 872.0, 1861.0]
rec: PA.......................
