text_instance: 0
bbox: [216, 293, 301, 113]
bezier_pts: [216.0, 318.0, 310.28, 302.59, 400.7, 290.2, 494.0, 294.0, 516.0, 369.0, 420.55, 366.08, 309.38, 380.59, 217.0, 405.0]
rec: SANTA....................
text_instance: 1
bbox: [537, 293, 340, 123]
bezier_pts: [537.0, 293.0, 644.37, 297.93, 755.12, 315.74, 859.0, 339.0, 876.0, 415.0, 763.33, 399.33, 650.67, 383.67, 538.0, 368.0]
rec: MONICA...................
text_instance: 2
bbox: [889, 349, 162, 138]
bezier_pts: [889.0, 349.0, 944.81, 364.63, 1004.49, 348.47, 1042.0, 414.0, 1050.0, 486.0, 992.91, 474.45, 939.69, 459.21, 895.0, 424.0]
rec: PIER.....................
text_instance: 3
bbox: [388, 386, 204, 58]
bezier_pts: [388.0, 388.0, 456.88, 386.82, 521.49, 384.54, 591.0, 387.0, 591.0, 437.0, 523.67, 439.0, 456.33, 441.0, 389.0, 443.0]
rec: NORTH....................
text_instance: 4
bbox: [620, 391, 296, 100]
bezier_pts: [620.0, 391.0, 719.47, 396.17, 815.38, 412.48, 912.0, 442.0, 915.0, 490.0, 817.33, 472.67, 719.67, 455.33, 622.0, 438.0]
rec: ENTRANCE.................
