text_instance: 0
bbox: [424, 74, 144, 135]
bezier_pts: [424.0, 89.0, 467.36, 82.13, 511.62, 78.62, 558.0, 74.0, 567.0, 190.0, 524.13, 196.72, 480.89, 202.91, 438.0, 208.0]
rec: 50.......................
text_instance: 1
bbox: [435, 214, 41, 24]
bezier_pts: [435.0, 219.0, 448.33, 214.53, 461.67, 213.64, 475.0, 214.0, 474.0, 225.0, 461.63, 229.51, 449.36, 233.58, 437.0, 237.0]
rec: your.....................
text_instance: 2
bbox: [480, 200, 59, 26]
bezier_pts: [480.0, 212.0, 499.33, 208.0, 518.67, 204.0, 538.0, 200.0, 538.0, 216.0, 519.93, 219.68, 500.69, 223.23, 482.0, 225.0]
rec: second...................
text_instance: 3
bbox: [542, 191, 76, 29]
bezier_pts: [542.0, 202.0, 567.6, 197.71, 591.52, 193.68, 617.0, 191.0, 616.0, 204.0, 592.0, 209.0, 568.0, 214.0, 544.0, 219.0]
rec: purchase.................
text_instance: 4
bbox: [573, 140, 54, 46]
bezier_pts: [573.0, 143.0, 590.94, 141.71, 608.04, 139.27, 626.0, 140.0, 624.0, 177.0, 607.77, 180.75, 591.53, 184.0, 575.0, 184.0]
rec: off......................
text_instance: 5
bbox: [576, 38, 45, 23]
bezier_pts: [576.0, 44.0, 590.76, 40.86, 605.06, 39.63, 620.0, 40.0, 618.0, 57.0, 604.67, 57.0, 591.33, 57.0, 578.0, 57.0]
rec: enjoy....................
text_instance: 6
bbox: [537, 250, 97, 23]
bezier_pts: [537.0, 267.0, 568.67, 255.67, 600.62, 254.92, 633.0, 250.0, 633.0, 256.0, 601.45, 263.27, 570.25, 268.53, 539.0, 272.0]
rec: wwwwwhoosheyewearcom.....
text_instance: 7
bbox: [721, 432, 14, 18]
bezier_pts: [721.0, 436.0, 724.0, 434.67, 727.0, 433.33, 730.0, 432.0, 734.0, 445.0, 731.0, 446.33, 728.0, 447.67, 725.0, 449.0]
rec: 4........................
text_instance: 8
bbox: [731, 427, 39, 18]
bezier_pts: [731.0, 432.0, 742.65, 424.51, 756.46, 424.38, 769.0, 430.0, 768.0, 444.0, 757.67, 443.67, 747.33, 443.33, 737.0, 443.0]
rec: FIXED....................
text_instance: 9
bbox: [772, 434, 49, 53]
bezier_pts: [776.0, 434.0, 795.41, 442.27, 809.36, 459.61, 820.0, 477.0, 815.0, 486.0, 800.67, 473.0, 786.33, 460.0, 772.0, 447.0]
rec: PRICES...................
text_instance: 10
bbox: [747, 455, 10, 16]
bezier_pts: [747.0, 455.0, 750.0, 455.33, 753.0, 455.67, 756.0, 456.0, 755.0, 470.0, 752.49, 470.29, 750.37, 469.23, 748.0, 469.0]
rec: 3........................
text_instance: 11
bbox: [759, 459, 32, 28]
bezier_pts: [761.0, 459.0, 769.98, 464.88, 781.39, 464.16, 790.0, 472.0, 790.0, 486.0, 779.67, 481.67, 769.33, 477.33, 759.0, 473.0]
rec: EASY.....................
text_instance: 12
bbox: [747, 475, 44, 32]
bezier_pts: [750.0, 475.0, 763.33, 480.67, 776.67, 486.33, 790.0, 492.0, 788.0, 506.0, 774.33, 500.0, 760.67, 494.0, 747.0, 488.0]
rec: STEPS....................
text_instance: 13
bbox: [762, 614, 34, 28]
bezier_pts: [763.0, 614.0, 773.67, 619.33, 784.33, 624.67, 795.0, 630.0, 795.0, 641.0, 784.0, 636.0, 773.0, 631.0, 762.0, 626.0]
rec: CHOOSE...................
text_instance: 14
bbox: [761, 662, 30, 27]
bezier_pts: [762.0, 662.0, 772.42, 665.65, 781.86, 669.65, 790.0, 677.0, 790.0, 688.0, 780.33, 682.67, 770.67, 677.33, 761.0, 672.0]
rec: CHECK....................
