text_instance: 0
bbox: [490, 598, 195, 143]
bezier_pts: [490.0, 696.0, 544.66, 659.08, 603.31, 625.41, 663.0, 598.0, 684.0, 655.0, 634.25, 685.8, 583.72, 714.26, 531.0, 740.0]
rec: TAMAN....................
text_instance: 1
bbox: [704, 523, 296, 120]
bezier_pts: [704.0, 580.0, 798.96, 546.85, 897.23, 527.14, 999.0, 523.0, 996.0, 590.0, 901.33, 607.33, 806.67, 624.67, 712.0, 642.0]
rec: NASIONAL.................
text_instance: 2
bbox: [1043, 526, 239, 87]
bezier_pts: [1046.0, 526.0, 1126.13, 532.72, 1205.36, 538.25, 1281.0, 559.0, 1264.0, 612.0, 1190.33, 600.67, 1116.67, 589.33, 1043.0, 578.0]
rec: GUNUNG...................
text_instance: 3
bbox: [1302, 575, 231, 166]
bezier_pts: [1332.0, 575.0, 1401.29, 607.06, 1468.67, 647.11, 1532.0, 693.0, 1506.0, 740.0, 1438.0, 702.0, 1370.0, 664.0, 1302.0, 626.0]
rec: RINJANI..................
text_instance: 4
bbox: [787, 681, 177, 52]
bezier_pts: [787.0, 681.0, 845.67, 682.67, 904.33, 684.33, 963.0, 686.0, 963.0, 730.0, 904.33, 730.67, 845.67, 731.33, 787.0, 732.0]
rec: PINTU....................
text_instance: 5
bbox: [994, 678, 243, 60]
bezier_pts: [994.0, 678.0, 1074.67, 678.0, 1155.33, 678.0, 1236.0, 678.0, 1236.0, 727.0, 1156.41, 730.91, 1078.15, 733.59, 1001.0, 735.0]
rec: SENARU...................
