text_instance: 0
bbox: [72, 21, 568, 233]
bezier_pts: [72.0, 184.0, 234.71, -46.71, 487.28, -35.62, 639.0, 199.0, 570.0, 253.0, 460.29, 62.44, 272.46, 42.33, 148.0, 238.0]
rec: SPRINGBOK................
text_instance: 1
bbox: [71, 459, 266, 228]
bezier_pts: [141.0, 459.0, 176.3, 550.0, 246.78, 582.64, 336.0, 609.0, 328.0, 686.0, 209.91, 677.8, 113.08, 619.01, 71.0, 506.0]
rec: TOUR.....................
text_instance: 2
bbox: [421, 459, 220, 217]
bezier_pts: [421.0, 594.0, 486.86, 568.02, 538.05, 515.0, 579.0, 459.0, 640.0, 499.0, 603.51, 585.59, 531.35, 646.43, 449.0, 675.0]
rec: 1956.....................
