text_instance: 0
bbox: [31, 339, 257, 158]
bezier_pts: [31.0, 443.0, 114.67, 408.33, 198.33, 373.67, 282.0, 339.0, 287.0, 404.0, 204.0, 434.67, 121.0, 465.33, 38.0, 496.0]
rec: HIGHLANDS................
text_instance: 1
bbox: [290, 173, 358, 230]
bezier_pts: [290.0, 332.0, 408.33, 279.0, 526.67, 226.0, 645.0, 173.0, 647.0, 276.0, 533.33, 318.0, 419.67, 360.0, 306.0, 402.0]
rec: COFFEE...................
text_instance: 2
bbox: [587, 401, 108, 62]
bezier_pts: [587.0, 439.0, 619.12, 371.47, 670.57, 398.29, 694.0, 455.0, 683.0, 462.0, 668.99, 414.85, 621.61, 398.67, 602.0, 451.0]
rec: HIGHLANDS................
text_instance: 3
bbox: [602, 479, 90, 41]
bezier_pts: [607.0, 479.0, 631.79, 493.8, 652.22, 516.07, 673.0, 486.0, 691.0, 497.0, 667.14, 528.5, 631.95, 519.63, 602.0, 505.0]
rec: COFFEE...................
text_instance: 4
bbox: [413, 520, 87, 40]
bezier_pts: [413.0, 530.0, 441.67, 526.67, 470.33, 523.33, 499.0, 520.0, 499.0, 546.0, 471.67, 550.33, 444.33, 554.67, 417.0, 559.0]
rec: DOCDAO...................
text_instance: 5
bbox: [431, 501, 65, 31]
bezier_pts: [431.0, 511.0, 451.0, 507.67, 471.0, 504.33, 491.0, 501.0, 495.0, 520.0, 473.62, 525.98, 452.47, 530.14, 431.0, 531.0]
rec: BIQUVET..................
