text_instance: 0
bbox: [419, 117, 154, 45]
bezier_pts: [419.0, 117.0, 470.0, 118.33, 521.0, 119.67, 572.0, 121.0, 567.0, 161.0, 518.0, 160.0, 469.0, 159.0, 420.0, 158.0]
rec: Grandy...................
text_instance: 1
bbox: [107, 334, 80, 27]
bezier_pts: [107.0, 335.0, 133.33, 334.67, 159.67, 334.33, 186.0, 334.0, 184.0, 360.0, 158.33, 359.33, 132.67, 358.67, 107.0, 358.0]
rec: MINAM....................
text_instance: 2
bbox: [189, 443, 72, 28]
bezier_pts: [193.0, 444.0, 215.33, 443.67, 237.67, 443.33, 260.0, 443.0, 258.0, 468.0, 235.0, 468.67, 212.0, 469.33, 189.0, 470.0]
rec: WHITE....................
text_instance: 3
bbox: [427, 286, 107, 28]
bezier_pts: [427.0, 286.0, 461.33, 287.0, 495.67, 288.0, 530.0, 289.0, 533.0, 313.0, 498.33, 312.67, 463.67, 312.33, 429.0, 312.0]
rec: RUTLED...................
text_instance: 4
bbox: [669, 255, 60, 31]
bezier_pts: [669.0, 256.0, 687.67, 255.67, 706.33, 255.33, 725.0, 255.0, 728.0, 281.0, 709.5, 284.36, 691.55, 284.01, 673.0, 285.0]
rec: ana......................
text_instance: 5
bbox: [667, 288, 60, 23]
bezier_pts: [669.0, 289.0, 688.0, 288.67, 707.0, 288.33, 726.0, 288.0, 726.0, 309.0, 706.33, 309.33, 686.67, 309.67, 667.0, 310.0]
rec: LIMIT....................
text_instance: 6
bbox: [604, 78, 72, 27]
bezier_pts: [604.0, 83.0, 627.67, 81.33, 651.33, 79.67, 675.0, 78.0, 675.0, 100.0, 652.43, 102.91, 628.47, 104.62, 606.0, 104.0]
rec: MURPHY...................
text_instance: 7
bbox: [600, 98, 87, 30]
bezier_pts: [601.0, 105.0, 629.33, 102.67, 657.67, 100.33, 686.0, 98.0, 686.0, 119.0, 657.33, 121.67, 628.67, 124.33, 600.0, 127.0]
rec: WELCOMES.................
text_instance: 8
bbox: [847, 303, 70, 35]
bezier_pts: [847.0, 303.0, 869.33, 304.67, 891.67, 306.33, 914.0, 308.0, 916.0, 337.0, 895.0, 336.33, 874.0, 335.67, 853.0, 335.0]
rec: BALDY....................
text_instance: 9
bbox: [797, 137, 135, 48]
bezier_pts: [809.0, 137.0, 849.67, 143.67, 890.33, 150.33, 931.0, 157.0, 928.0, 184.0, 884.33, 178.0, 840.67, 172.0, 797.0, 166.0]
rec: ARLINGTON................
text_instance: 10
bbox: [480, 333, 280, 95]
bezier_pts: [480.0, 375.0, 568.69, 315.06, 667.02, 327.28, 759.0, 369.0, 739.0, 424.0, 666.22, 386.14, 571.19, 385.61, 502.0, 427.0]
rec: HISTORIC.................
text_instance: 11
bbox: [562, 421, 125, 64]
bezier_pts: [562.0, 424.0, 603.0, 423.0, 644.0, 422.0, 685.0, 421.0, 686.0, 479.0, 645.47, 482.91, 605.31, 483.22, 564.0, 484.0]
rec: MILE.....................
text_instance: 12
bbox: [549, 510, 157, 94]
bezier_pts: [549.0, 511.0, 598.67, 510.67, 648.33, 510.33, 698.0, 510.0, 705.0, 603.0, 654.67, 602.0, 604.33, 601.0, 554.0, 600.0]
rec: 635......................
text_instance: 13
bbox: [344, 216, 63, 26]
bezier_pts: [344.0, 217.0, 365.43, 213.88, 384.99, 219.23, 406.0, 218.0, 406.0, 240.0, 385.74, 241.95, 365.89, 241.47, 345.0, 238.0]
rec: nikan....................
text_instance: 14
bbox: [824, 116, 95, 34]
bezier_pts: [827.0, 116.0, 857.33, 122.0, 887.67, 128.0, 918.0, 134.0, 913.0, 149.0, 882.78, 147.98, 853.28, 144.01, 824.0, 137.0]
rec: Welcome..................
text_instance: 15
bbox: [667, 170, 64, 44]
bezier_pts: [667.0, 178.0, 688.89, 175.33, 708.11, 172.66, 730.0, 170.0, 720.0, 207.0, 702.33, 209.0, 684.67, 211.0, 667.0, 213.0]
rec: NT.......................
text_instance: 16
bbox: [195, 487, 34, 24]
bezier_pts: [196.0, 488.0, 206.67, 485.66, 217.33, 487.77, 228.0, 489.0, 228.0, 509.0, 217.1, 509.62, 206.2, 509.73, 195.0, 509.0]
rec: EW.......................
text_instance: 17
bbox: [190, 515, 44, 25]
bezier_pts: [192.0, 515.0, 205.41, 515.31, 218.51, 513.84, 231.0, 516.0, 233.0, 538.0, 218.5, 539.6, 204.75, 538.88, 190.0, 539.0]
rec: OSS......................
text_instance: 18
bbox: [822, 456, 82, 25]
bezier_pts: [822.0, 458.0, 847.67, 457.33, 873.33, 456.67, 899.0, 456.0, 903.0, 478.0, 876.39, 480.18, 850.74, 480.52, 825.0, 478.0]
rec: NeusaB...................
text_instance: 19
bbox: [236, 386, 28, 27]
bezier_pts: [236.0, 387.0, 244.7, 385.38, 254.27, 385.01, 263.0, 387.0, 259.0, 412.0, 251.67, 412.0, 244.33, 412.0, 237.0, 412.0]
rec: N........................
text_instance: 20
bbox: [1145, 163, 46, 23]
bezier_pts: [1145.0, 163.0, 1159.16, 165.89, 1175.74, 161.01, 1190.0, 167.0, 1188.0, 183.0, 1173.76, 184.83, 1159.12, 184.47, 1145.0, 182.0]
rec: ROSE.....................
text_instance: 21
bbox: [112, 402, 69, 18]
bezier_pts: [113.0, 402.0, 135.92, 402.38, 157.68, 400.74, 180.0, 403.0, 180.0, 417.0, 157.52, 419.13, 134.47, 417.87, 112.0, 416.0]
rec: NORWICH..................
text_instance: 22
bbox: [1111, 160, 31, 23]
bezier_pts: [1111.0, 160.0, 1121.0, 161.0, 1131.0, 162.0, 1141.0, 163.0, 1140.0, 181.0, 1130.67, 182.58, 1121.33, 181.84, 1112.0, 182.0]
rec: En.......................
text_instance: 23
bbox: [223, 217, 48, 22]
bezier_pts: [224.0, 218.0, 239.74, 219.42, 253.93, 213.21, 270.0, 220.0, 268.0, 237.0, 253.0, 237.33, 238.0, 237.67, 223.0, 238.0]
rec: UPA......................
