text_instance: 0
bbox: [1097, 846, 433, 182]
bezier_pts: [1097.0, 908.0, 1241.49, 845.59, 1379.17, 842.87, 1529.0, 847.0, 1526.0, 967.0, 1404.0, 987.0, 1282.0, 1007.0, 1160.0, 1027.0]
rec: PEOCETO..................
text_instance: 1
bbox: [1532, 853, 424, 263]
bezier_pts: [1571.0, 853.0, 1706.63, 888.26, 1832.41, 928.63, 1955.0, 985.0, 1919.0, 1115.0, 1789.08, 1074.57, 1660.21, 1031.27, 1532.0, 985.0]
rec: RISORTO..................
text_instance: 2
bbox: [1145, 1307, 706, 215]
bezier_pts: [1202.0, 1307.0, 1385.84, 1430.43, 1627.79, 1415.25, 1829.0, 1397.0, 1850.0, 1487.0, 1615.04, 1532.35, 1352.49, 1562.62, 1145.0, 1442.0]
rec: Ristorante...............
text_instance: 3
bbox: [991, 953, 133, 124]
bezier_pts: [991.0, 997.0, 1023.6, 980.93, 1053.2, 957.54, 1091.0, 953.0, 1123.0, 1032.0, 1095.33, 1046.67, 1067.67, 1061.33, 1040.0, 1076.0]
rec: al.......................
