text_instance: 0
bbox: [212, 198, 122, 27]
bezier_pts: [212.0, 198.0, 252.33, 198.0, 292.67, 198.0, 333.0, 198.0, 333.0, 224.0, 292.67, 224.0, 252.33, 224.0, 212.0, 224.0]
rec: GOOD.....................
text_instance: 1
bbox: [83, 28, 376, 136]
bezier_pts: [83.0, 108.0, 189.32, 8.13, 336.98, 10.64, 458.0, 87.0, 438.0, 158.0, 336.38, 98.07, 217.49, 82.83, 114.0, 163.0]
rec: BRISTOL..................
text_instance: 2
bbox: [70, 175, 78, 44]
bezier_pts: [70.0, 175.0, 94.33, 176.0, 118.67, 177.0, 143.0, 178.0, 147.0, 214.0, 122.66, 217.19, 97.63, 218.22, 72.0, 217.0]
rec: VA.......................
text_instance: 3
bbox: [255, 172, 29, 26]
bezier_pts: [255.0, 173.0, 264.0, 172.67, 273.0, 172.33, 282.0, 172.0, 283.0, 197.0, 275.33, 197.0, 267.67, 197.0, 260.0, 197.0]
rec: A........................
text_instance: 4
bbox: [365, 167, 117, 47]
bezier_pts: [365.0, 171.0, 403.67, 169.67, 442.33, 168.33, 481.0, 167.0, 479.0, 211.0, 441.0, 211.67, 403.0, 212.33, 365.0, 213.0]
rec: TENN.....................
text_instance: 5
bbox: [87, 232, 150, 28]
bezier_pts: [87.0, 232.0, 136.33, 232.0, 185.67, 232.0, 235.0, 232.0, 236.0, 257.0, 187.67, 257.67, 139.33, 258.33, 91.0, 259.0]
rec: PLACE....................
text_instance: 6
bbox: [273, 232, 54, 27]
bezier_pts: [273.0, 233.0, 290.33, 232.67, 307.67, 232.33, 325.0, 232.0, 326.0, 257.0, 309.67, 257.33, 293.33, 257.67, 277.0, 258.0]
rec: TO.......................
text_instance: 7
bbox: [349, 225, 110, 32]
bezier_pts: [349.0, 229.0, 385.33, 227.67, 421.67, 226.33, 458.0, 225.0, 457.0, 256.0, 422.26, 255.87, 385.91, 256.51, 350.0, 255.0]
rec: LIVE.....................
