text_instance: 0
bbox: [210, 456, 86, 19]
bezier_pts: [210.0, 456.0, 238.33, 456.0, 266.67, 456.0, 295.0, 456.0, 295.0, 474.0, 266.67, 474.0, 238.33, 474.0, 210.0, 474.0]
rec: 0123771262...............
text_instance: 1
bbox: [1, 119, 107, 53]
bezier_pts: [1.0, 119.0, 36.33, 119.0, 71.67, 119.0, 107.0, 119.0, 107.0, 171.0, 71.67, 171.0, 36.33, 171.0, 1.0, 171.0]
rec: aby......................
text_instance: 2
bbox: [319, 54, 105, 24]
bezier_pts: [319.0, 54.0, 353.38, 63.82, 389.12, 66.76, 423.0, 54.0, 423.0, 77.0, 388.33, 77.0, 353.67, 77.0, 319.0, 77.0]
rec: tommee...................
text_instance: 3
bbox: [108, 122, 115, 44]
bezier_pts: [108.0, 122.0, 146.47, 114.72, 182.91, 148.66, 222.0, 122.0, 222.0, 164.0, 183.96, 165.74, 146.47, 165.41, 108.0, 164.0]
rec: love.....................
text_instance: 4
bbox: [355, 177, 67, 68]
bezier_pts: [355.0, 226.0, 373.0, 209.67, 391.0, 193.33, 409.0, 177.0, 421.0, 199.0, 401.03, 208.87, 383.27, 223.05, 374.0, 244.0]
rec: ALEXS....................
text_instance: 5
bbox: [421, 175, 115, 71]
bezier_pts: [422.0, 175.0, 467.82, 174.23, 510.89, 194.0, 535.0, 236.0, 508.0, 245.0, 496.45, 196.57, 461.22, 192.41, 421.0, 196.0]
rec: GYMNASIUM................
text_instance: 6
bbox: [351, 263, 38, 63]
bezier_pts: [370.0, 263.0, 373.57, 281.2, 372.88, 298.09, 388.0, 311.0, 382.0, 325.0, 360.94, 311.96, 363.05, 285.52, 351.0, 267.0]
rec: FITNESS..................
text_instance: 7
bbox: [379, 316, 57, 33]
bezier_pts: [389.0, 316.0, 404.33, 321.0, 419.67, 326.0, 435.0, 331.0, 434.0, 348.0, 412.17, 350.56, 393.28, 338.22, 379.0, 324.0]
rec: CENTRE...................
text_instance: 8
bbox: [449, 311, 53, 37]
bezier_pts: [449.0, 330.0, 466.27, 336.1, 481.05, 327.54, 487.0, 311.0, 501.0, 325.0, 487.79, 339.08, 470.93, 347.54, 451.0, 347.0]
rec: BOXING...................
text_instance: 9
bbox: [495, 270, 36, 52]
bezier_pts: [495.0, 311.0, 506.45, 299.66, 511.18, 285.13, 514.0, 270.0, 530.0, 270.0, 525.86, 289.72, 521.27, 307.66, 505.0, 321.0]
rec: SCHOOL...................
text_instance: 10
bbox: [364, 372, 70, 35]
bezier_pts: [365.0, 378.0, 387.67, 376.0, 410.33, 374.0, 433.0, 372.0, 432.0, 400.0, 409.33, 402.0, 386.67, 404.0, 364.0, 406.0]
rec: BOXING...................
text_instance: 11
bbox: [440, 371, 90, 33]
bezier_pts: [443.0, 371.0, 470.33, 372.33, 497.67, 373.67, 525.0, 375.0, 529.0, 402.0, 499.07, 403.22, 469.0, 402.3, 440.0, 399.0]
rec: SCHOOL...................
text_instance: 12
bbox: [3, 334, 202, 72]
bezier_pts: [3.0, 334.0, 70.0, 337.0, 137.0, 340.0, 204.0, 343.0, 200.0, 405.0, 134.67, 404.0, 69.33, 403.0, 4.0, 402.0]
rec: LACE.....................
text_instance: 13
bbox: [110, 177, 22, 15]
bezier_pts: [110.0, 177.0, 116.67, 177.0, 123.33, 177.0, 130.0, 177.0, 131.0, 190.0, 124.07, 191.6, 117.05, 191.7, 110.0, 190.0]
rec: we.......................
text_instance: 14
bbox: [135, 173, 37, 18]
bezier_pts: [138.0, 174.0, 149.03, 171.83, 159.76, 172.66, 171.0, 174.0, 168.0, 190.0, 157.0, 190.0, 146.0, 190.0, 135.0, 190.0]
rec: love.....................
text_instance: 15
bbox: [174, 176, 40, 17]
bezier_pts: [174.0, 177.0, 187.0, 176.67, 200.0, 176.33, 213.0, 176.0, 207.0, 191.0, 196.0, 191.33, 185.0, 191.67, 174.0, 192.0]
rec: your.....................
text_instance: 16
bbox: [216, 172, 42, 20]
bezier_pts: [219.0, 172.0, 231.67, 172.0, 244.33, 172.0, 257.0, 172.0, 256.0, 190.0, 242.67, 190.0, 229.33, 190.0, 216.0, 190.0]
rec: baby.....................
text_instance: 17
bbox: [228, 137, 11, 10]
bezier_pts: [229.0, 137.0, 232.0, 137.0, 235.0, 137.0, 238.0, 137.0, 238.0, 146.0, 234.67, 146.0, 231.33, 146.0, 228.0, 146.0]
rec: R........................
text_instance: 18
bbox: [333, 76, 82, 29]
bezier_pts: [333.0, 79.0, 360.0, 79.67, 387.0, 80.33, 414.0, 81.0, 413.0, 99.0, 386.19, 99.6, 360.24, 101.24, 334.0, 99.0]
rec: tippee...................
text_instance: 19
bbox: [405, 235, 74, 74]
bezier_pts: [432.0, 235.0, 438.0, 235.0, 444.0, 235.0, 450.0, 235.0, 478.0, 308.0, 453.88, 305.32, 428.97, 308.93, 405.0, 308.0]
rec: A........................
text_instance: 20
bbox: [532, 376, 17, 22]
bezier_pts: [532.0, 376.0, 537.33, 377.67, 542.67, 379.33, 548.0, 381.0, 547.0, 397.0, 542.0, 395.67, 537.0, 394.33, 532.0, 393.0]
rec: AL.......................
text_instance: 21
bbox: [538, 398, 12, 19]
bezier_pts: [539.0, 398.0, 542.33, 398.67, 545.67, 399.33, 549.0, 400.0, 548.0, 416.0, 544.67, 414.67, 541.33, 413.33, 538.0, 412.0]
rec: G........................
text_instance: 22
bbox: [38, 407, 73, 11]
bezier_pts: [39.0, 407.0, 62.67, 407.33, 86.33, 407.67, 110.0, 408.0, 110.0, 417.0, 86.0, 416.67, 62.0, 416.33, 38.0, 416.0]
rec: L460000186425............
text_instance: 23
bbox: [37, 418, 41, 14]
bezier_pts: [37.0, 418.0, 50.33, 418.67, 63.67, 419.33, 77.0, 420.0, 77.0, 431.0, 64.0, 430.33, 51.0, 429.67, 38.0, 429.0]
rec: Dimiliki.................
text_instance: 24
bbox: [77, 420, 25, 11]
bezier_pts: [77.0, 420.0, 84.67, 420.33, 92.33, 420.67, 100.0, 421.0, 101.0, 430.0, 93.56, 429.86, 85.23, 430.49, 78.0, 429.0]
rec: oleh.....................
text_instance: 25
bbox: [107, 420, 22, 13]
bezier_pts: [107.0, 420.0, 114.0, 420.0, 121.0, 420.0, 128.0, 420.0, 128.0, 431.0, 121.67, 431.0, 115.33, 431.0, 109.0, 431.0]
rec: The......................
text_instance: 26
bbox: [130, 420, 43, 13]
bezier_pts: [131.0, 420.0, 144.67, 420.33, 158.33, 420.67, 172.0, 421.0, 171.0, 431.0, 157.25, 431.93, 143.37, 431.39, 130.0, 430.0]
rec: Natural..................
text_instance: 27
bbox: [174, 421, 69, 13]
bezier_pts: [174.0, 421.0, 196.67, 421.67, 219.33, 422.33, 242.0, 423.0, 240.0, 433.0, 218.0, 432.67, 196.0, 432.33, 174.0, 432.0]
rec: Marketplace..............
text_instance: 28
bbox: [244, 423, 24, 12]
bezier_pts: [244.0, 423.0, 251.53, 423.33, 259.47, 421.95, 267.0, 424.0, 267.0, 433.0, 259.18, 433.71, 251.62, 433.41, 244.0, 432.0]
rec: Sdn......................
text_instance: 29
bbox: [271, 422, 28, 13]
bezier_pts: [272.0, 423.0, 280.43, 420.46, 289.04, 423.62, 298.0, 423.0, 296.0, 433.0, 287.36, 435.01, 279.38, 433.9, 271.0, 432.0]
rec: Bhd......................
text_instance: 30
bbox: [302, 423, 48, 13]
bezier_pts: [302.0, 423.0, 317.33, 423.0, 332.67, 423.0, 348.0, 423.0, 349.0, 433.0, 333.78, 434.59, 317.78, 433.81, 303.0, 434.0]
rec: 1187270T.................
text_instance: 31
bbox: [164, 450, 34, 11]
bezier_pts: [165.0, 450.0, 175.67, 450.67, 186.33, 451.33, 197.0, 452.0, 197.0, 460.0, 185.67, 460.04, 175.18, 460.87, 164.0, 458.0]
rec: PUBLIC...................
text_instance: 32
bbox: [165, 461, 31, 15]
bezier_pts: [165.0, 461.0, 175.0, 461.0, 185.0, 461.0, 195.0, 461.0, 192.0, 475.0, 182.99, 474.91, 173.58, 475.46, 165.0, 474.0]
rec: KEY......................
text_instance: 33
bbox: [162, 477, 36, 12]
bezier_pts: [162.0, 477.0, 173.67, 477.33, 185.33, 477.67, 197.0, 478.0, 196.0, 488.0, 184.67, 487.33, 173.33, 486.67, 162.0, 486.0]
rec: SERVICE..................
text_instance: 34
bbox: [168, 215, 89, 9]
bezier_pts: [168.0, 215.0, 197.33, 215.33, 226.67, 215.67, 256.0, 216.0, 255.0, 222.0, 226.62, 223.52, 198.25, 223.01, 169.0, 223.0]
rec: wwwwbabyloveasiacom......
text_instance: 35
bbox: [204, 30, 50, 32]
bezier_pts: [204.0, 31.0, 220.66, 28.74, 236.74, 31.09, 253.0, 32.0, 248.0, 53.0, 233.67, 55.67, 219.33, 58.33, 205.0, 61.0]
rec: 30.......................
text_instance: 36
bbox: [210, 53, 40, 16]
bezier_pts: [210.0, 60.0, 223.0, 57.67, 236.0, 55.33, 249.0, 53.0, 248.0, 59.0, 235.33, 62.0, 222.67, 65.0, 210.0, 68.0]
rec: Anniversary..............
