text_instance: 0
bbox: [301, 284, 39, 28]
bezier_pts: [301.0, 284.0, 313.33, 284.67, 325.67, 285.33, 338.0, 286.0, 339.0, 309.0, 326.35, 311.71, 313.79, 311.03, 301.0, 311.0]
rec: 59.......................
text_instance: 1
bbox: [258, 416, 141, 36]
bezier_pts: [258.0, 433.0, 303.97, 407.83, 353.29, 408.89, 398.0, 436.0, 389.0, 451.0, 350.61, 432.17, 304.27, 429.41, 266.0, 448.0]
rec: RETURNED.................
text_instance: 2
bbox: [197, 466, 44, 111]
bezier_pts: [240.0, 474.0, 221.89, 504.62, 214.15, 539.76, 222.0, 575.0, 203.0, 576.0, 189.82, 538.49, 196.86, 498.59, 222.0, 466.0]
rec: SAILORS..................
text_instance: 3
bbox: [217, 599, 151, 73]
bezier_pts: [234.0, 599.0, 267.73, 643.96, 311.1, 656.6, 367.0, 647.0, 367.0, 667.0, 308.05, 680.42, 251.13, 659.81, 217.0, 610.0]
rec: SOLDIERS.................
text_instance: 4
bbox: [392, 495, 66, 159]
bezier_pts: [392.0, 621.0, 436.19, 594.71, 451.05, 546.94, 426.0, 501.0, 457.0, 495.0, 460.44, 550.91, 457.43, 615.49, 412.0, 653.0]
rec: AIRMENS..................
text_instance: 5
bbox: [150, 590, 111, 132]
bezier_pts: [170.0, 590.0, 185.73, 639.9, 225.68, 667.29, 260.0, 701.0, 253.0, 721.0, 208.84, 686.09, 169.46, 652.18, 150.0, 598.0]
rec: IMPERIAL.................
text_instance: 6
bbox: [250, 724, 162, 33]
bezier_pts: [260.0, 728.0, 308.0, 726.67, 356.0, 725.33, 404.0, 724.0, 411.0, 743.0, 357.25, 754.66, 305.36, 764.55, 250.0, 746.0]
rec: AUSTRALIA................
text_instance: 7
bbox: [393, 603, 114, 118]
bezier_pts: [393.0, 705.0, 419.65, 671.13, 471.48, 653.48, 476.0, 603.0, 506.0, 611.0, 487.91, 655.6, 449.18, 683.89, 422.0, 720.0]
rec: LEAGUE...................
