text_instance: 0
bbox: [212, 99, 50, 27]
bezier_pts: [212.0, 114.0, 227.67, 109.0, 243.33, 104.0, 259.0, 99.0, 261.0, 109.0, 247.0, 116.49, 232.08, 120.92, 216.0, 125.0]
rec: SOUTh....................
text_instance: 1
bbox: [264, 98, 40, 13]
bezier_pts: [264.0, 100.0, 276.8, 96.34, 289.5, 98.43, 303.0, 98.0, 298.0, 110.0, 287.67, 110.0, 277.33, 110.0, 267.0, 110.0]
rec: WEST.....................
text_instance: 2
bbox: [306, 98, 60, 25]
bezier_pts: [307.0, 98.0, 326.33, 102.33, 345.67, 106.67, 365.0, 111.0, 362.0, 122.0, 342.93, 120.24, 324.65, 114.82, 306.0, 109.0]
rec: LONDON...................
text_instance: 3
bbox: [227, 115, 122, 35]
bezier_pts: [227.0, 127.0, 264.76, 111.67, 310.44, 106.36, 348.0, 130.0, 341.0, 148.0, 306.6, 126.62, 267.19, 142.2, 232.0, 149.0]
rec: UNISON...................
text_instance: 4
bbox: [228, 140, 54, 32]
bezier_pts: [228.0, 158.0, 244.71, 152.11, 260.37, 143.88, 278.0, 140.0, 281.0, 154.0, 266.0, 159.67, 251.0, 165.33, 236.0, 171.0]
rec: MENTAL...................
text_instance: 5
bbox: [288, 140, 58, 28]
bezier_pts: [290.0, 140.0, 307.6, 144.28, 328.82, 143.52, 345.0, 153.0, 337.0, 167.0, 320.67, 162.33, 304.33, 157.67, 288.0, 153.0]
rec: HEALTH...................
text_instance: 6
bbox: [151, 237, 45, 16]
bezier_pts: [151.0, 237.0, 165.67, 238.0, 180.33, 239.0, 195.0, 240.0, 194.0, 252.0, 180.0, 251.0, 166.0, 250.0, 152.0, 249.0]
rec: UNISON...................
text_instance: 7
bbox: [150, 247, 46, 15]
bezier_pts: [150.0, 247.0, 164.67, 248.67, 179.33, 250.33, 194.0, 252.0, 195.0, 261.0, 180.83, 260.97, 165.91, 259.75, 152.0, 257.0]
rec: SPEAKING.................
text_instance: 8
bbox: [169, 260, 26, 15]
bezier_pts: [170.0, 260.0, 177.33, 260.33, 184.67, 260.67, 192.0, 261.0, 194.0, 274.0, 185.67, 273.0, 177.33, 272.0, 169.0, 271.0]
rec: FOR......................
text_instance: 9
bbox: [148, 269, 45, 16]
bezier_pts: [148.0, 269.0, 162.67, 270.33, 177.33, 271.67, 192.0, 273.0, 192.0, 283.0, 177.48, 284.35, 163.04, 282.71, 148.0, 281.0]
rec: PUBLIC...................
text_instance: 10
bbox: [148, 282, 45, 13]
bezier_pts: [148.0, 282.0, 162.67, 282.33, 177.33, 282.67, 192.0, 283.0, 191.0, 294.0, 176.67, 293.67, 162.33, 293.33, 148.0, 293.0]
rec: SERVICES.................
text_instance: 11
bbox: [89, 248, 35, 15]
bezier_pts: [90.0, 248.0, 100.67, 249.33, 111.33, 250.67, 122.0, 252.0, 123.0, 262.0, 111.88, 260.9, 99.71, 259.59, 89.0, 256.0]
rec: UNISON...................
text_instance: 12
bbox: [87, 259, 39, 22]
bezier_pts: [88.0, 259.0, 100.33, 260.33, 112.67, 261.67, 125.0, 263.0, 121.0, 280.0, 109.3, 278.24, 97.84, 277.63, 87.0, 273.0]
rec: ENOUGH...................
text_instance: 13
bbox: [90, 276, 37, 21]
bezier_pts: [92.0, 276.0, 103.33, 276.67, 114.67, 277.33, 126.0, 278.0, 124.0, 296.0, 112.67, 294.33, 101.33, 292.67, 90.0, 291.0]
rec: ENOUGH...................
text_instance: 14
bbox: [79, 289, 23, 19]
bezier_pts: [79.0, 289.0, 86.33, 290.0, 93.67, 291.0, 101.0, 292.0, 99.0, 307.0, 92.33, 307.25, 85.67, 306.18, 79.0, 305.0]
rec: SAVE.....................
text_instance: 15
bbox: [101, 292, 22, 21]
bezier_pts: [103.0, 292.0, 109.33, 293.33, 115.67, 294.67, 122.0, 296.0, 119.0, 312.0, 112.91, 310.98, 106.88, 309.04, 101.0, 307.0]
rec: OUR......................
text_instance: 16
bbox: [85, 307, 26, 19]
bezier_pts: [90.0, 307.0, 96.67, 307.33, 103.33, 307.67, 110.0, 308.0, 106.0, 325.0, 99.0, 323.67, 92.0, 322.33, 85.0, 321.0]
rec: NHS......................
text_instance: 17
bbox: [146, 257, 24, 14]
bezier_pts: [150.0, 257.0, 156.38, 257.34, 162.62, 255.95, 169.0, 258.0, 169.0, 270.0, 161.47, 270.29, 153.53, 269.44, 146.0, 268.0]
rec: UP.......................
