text_instance: 0
bbox: [181, 244, 73, 75]
bezier_pts: [181.0, 298.0, 199.0, 280.0, 217.0, 262.0, 235.0, 244.0, 253.0, 266.0, 237.0, 283.33, 221.0, 300.67, 205.0, 318.0]
rec: KIT......................
text_instance: 1
bbox: [251, 145, 153, 108]
bezier_pts: [251.0, 225.0, 300.16, 197.68, 345.39, 164.46, 398.0, 145.0, 403.0, 177.0, 353.78, 187.72, 312.69, 217.67, 275.0, 252.0]
rec: THOMAS...................
text_instance: 2
bbox: [419, 110, 304, 55]
bezier_pts: [419.0, 135.0, 520.22, 105.96, 623.0, 102.73, 722.0, 120.0, 717.0, 155.0, 622.38, 128.56, 520.82, 140.45, 423.0, 164.0]
rec: EDUCATIONAL..............
text_instance: 3
bbox: [746, 128, 177, 113]
bezier_pts: [766.0, 128.0, 818.64, 156.03, 874.66, 179.77, 922.0, 217.0, 894.0, 240.0, 844.67, 214.67, 795.33, 189.33, 746.0, 164.0]
rec: SOCIET...................
text_instance: 4
bbox: [452, 183, 143, 48]
bezier_pts: [453.0, 196.0, 498.67, 191.67, 544.33, 187.33, 590.0, 183.0, 594.0, 217.0, 546.67, 221.33, 499.33, 225.67, 452.0, 230.0]
rec: SISHYA...................
text_instance: 5
bbox: [15, 746, 12, 11]
bezier_pts: [17.0, 746.0, 19.83, 746.31, 23.39, 744.84, 26.0, 747.0, 25.0, 756.0, 21.67, 755.88, 18.33, 756.54, 15.0, 755.0]
rec: C........................
text_instance: 6
bbox: [31, 744, 52, 16]
bezier_pts: [31.0, 744.0, 47.67, 744.67, 64.33, 745.33, 81.0, 746.0, 82.0, 758.0, 64.87, 758.61, 48.41, 758.71, 32.0, 758.0]
rec: Jeevan...................
