text_instance: 0
bbox: [345, 435, 36, 37]
bezier_pts: [365.0, 471.0, 356.12, 464.72, 351.35, 456.7, 345.0, 448.0, 355.0, 435.0, 364.03, 443.53, 372.2, 453.7, 380.0, 463.0]
rec: ALL......................
text_instance: 1
bbox: [296, 366, 54, 76]
bezier_pts: [337.0, 441.0, 351.42, 406.93, 335.68, 375.76, 296.0, 382.0, 317.0, 366.0, 295.97, 381.65, 310.83, 453.09, 349.0, 419.0]
rec: YOUR.....................
text_instance: 2
bbox: [282, 276, 35, 97]
bezier_pts: [295.0, 372.0, 330.62, 343.01, 310.19, 298.81, 282.0, 278.0, 304.0, 276.0, 260.67, 300.52, 276.7, 349.35, 316.0, 364.0]
rec: DRINKS...................
text_instance: 3
bbox: [282, 205, 32, 65]
bezier_pts: [282.0, 269.0, 289.3, 247.28, 282.61, 225.49, 297.0, 205.0, 313.0, 210.0, 310.68, 228.37, 303.11, 247.31, 304.0, 266.0]
rec: WITH.....................
text_instance: 4
bbox: [295, 145, 47, 61]
bezier_pts: [295.0, 189.0, 301.77, 174.55, 317.14, 162.34, 319.0, 145.0, 341.0, 160.0, 325.46, 173.59, 323.49, 188.78, 318.0, 205.0]
rec: ONE......................
text_instance: 5
bbox: [328, 74, 73, 74]
bezier_pts: [328.0, 138.0, 342.15, 114.12, 366.66, 93.24, 387.0, 74.0, 400.0, 91.0, 382.0, 109.67, 364.0, 128.33, 346.0, 147.0]
rec: TOUCh....................
text_instance: 6
bbox: [480, 40, 125, 32]
bezier_pts: [480.0, 43.0, 521.33, 42.0, 562.67, 41.0, 604.0, 40.0, 603.0, 62.0, 564.12, 82.4, 519.89, 63.84, 481.0, 65.0]
rec: DeLonghi.................
text_instance: 7
bbox: [475, 85, 50, 20]
bezier_pts: [475.0, 85.0, 491.0, 85.0, 507.0, 85.0, 523.0, 85.0, 524.0, 104.0, 509.33, 104.0, 494.67, 104.0, 480.0, 104.0]
rec: Better...................
text_instance: 8
bbox: [525, 82, 82, 25]
bezier_pts: [525.0, 82.0, 552.0, 82.0, 579.0, 82.0, 606.0, 82.0, 603.0, 106.0, 578.67, 104.67, 554.33, 103.33, 530.0, 102.0]
rec: Everyday.................
text_instance: 9
bbox: [324, 317, 34, 63]
bezier_pts: [340.0, 379.0, 325.97, 366.22, 327.39, 339.06, 324.0, 323.0, 341.0, 317.0, 342.76, 337.75, 353.38, 353.93, 357.0, 373.0]
rec: FROM.....................
text_instance: 10
bbox: [321, 257, 19, 57]
bezier_pts: [321.0, 313.0, 321.0, 294.33, 321.0, 275.67, 321.0, 257.0, 339.0, 258.0, 339.0, 275.34, 339.0, 294.4, 339.0, 312.0]
rec: BEAN.....................
text_instance: 11
bbox: [322, 222, 26, 29]
bezier_pts: [322.0, 250.0, 323.16, 239.96, 323.78, 233.24, 331.0, 222.0, 347.0, 227.0, 343.01, 236.01, 345.53, 244.83, 341.0, 249.0]
rec: TO.......................
text_instance: 12
bbox: [328, 170, 42, 52]
bezier_pts: [328.0, 210.0, 334.33, 195.35, 343.19, 183.78, 351.0, 170.0, 369.0, 188.0, 362.67, 199.0, 356.33, 210.0, 350.0, 221.0]
rec: CUP......................
text_instance: 13
bbox: [688, 134, 33, 36]
bezier_pts: [700.0, 134.0, 709.44, 142.44, 719.04, 149.51, 720.0, 160.0, 707.0, 169.0, 703.25, 165.58, 690.51, 152.04, 688.0, 145.0]
rec: SPIN.....................
text_instance: 14
bbox: [710, 160, 32, 37]
bezier_pts: [725.0, 160.0, 724.61, 163.71, 733.61, 182.36, 741.0, 187.0, 718.0, 196.0, 720.2, 188.46, 719.26, 186.88, 710.0, 175.0]
rec: THE......................
text_instance: 15
bbox: [722, 185, 33, 49]
bezier_pts: [739.0, 185.0, 744.83, 199.07, 753.55, 212.86, 754.0, 226.0, 735.0, 233.0, 734.99, 220.67, 728.07, 210.39, 722.0, 201.0]
rec: BEAN.....................
text_instance: 16
bbox: [523, 226, 45, 19]
bezier_pts: [525.0, 229.0, 538.33, 228.0, 551.67, 227.0, 565.0, 226.0, 567.0, 243.0, 552.33, 243.33, 537.67, 243.67, 523.0, 244.0]
rec: CHOCOLATE................
text_instance: 17
bbox: [3, 540, 40, 36]
bezier_pts: [38.0, 540.0, 39.33, 547.67, 40.67, 555.33, 42.0, 563.0, 3.0, 575.0, 2.89, 563.78, 2.94, 559.15, 3.0, 553.0]
rec: hi.......................
text_instance: 18
bbox: [508, 232, 16, 10]
bezier_pts: [508.0, 234.0, 512.67, 233.33, 517.33, 232.67, 522.0, 232.0, 523.0, 239.0, 518.73, 240.06, 514.5, 241.33, 510.0, 241.0]
rec: HOT......................
text_instance: 19
bbox: [519, 220, 31, 10]
bezier_pts: [519.0, 222.0, 529.0, 221.33, 539.0, 220.67, 549.0, 220.0, 549.0, 227.0, 539.33, 227.33, 529.67, 227.67, 520.0, 228.0]
rec: andnow...................
text_instance: 20
bbox: [520, 587, 42, 25]
bezier_pts: [546.0, 587.0, 550.23, 588.5, 560.64, 595.25, 561.0, 603.0, 528.0, 611.0, 525.33, 608.0, 522.67, 605.0, 520.0, 602.0]
rec: D........................
