text_instance: 0
bbox: [168, 75, 63, 52]
bezier_pts: [168.0, 94.0, 184.67, 84.75, 202.0, 79.17, 221.0, 75.0, 230.0, 104.0, 220.47, 122.77, 194.69, 128.97, 174.0, 125.0]
rec: the......................
text_instance: 1
bbox: [233, 42, 337, 83]
bezier_pts: [233.0, 67.0, 344.28, 29.35, 459.83, 28.9, 569.0, 87.0, 534.0, 124.0, 440.53, 81.04, 341.01, 83.36, 246.0, 115.0]
rec: GALLEY...................
text_instance: 2
bbox: [694, 241, 103, 36]
bezier_pts: [694.0, 256.0, 726.67, 251.0, 759.33, 246.0, 792.0, 241.0, 796.0, 261.0, 762.48, 266.21, 727.89, 272.36, 695.0, 276.0]
rec: CAPTAIN..................
text_instance: 3
bbox: [807, 231, 50, 30]
bezier_pts: [807.0, 239.0, 822.33, 233.92, 837.18, 234.53, 853.0, 231.0, 856.0, 250.0, 842.14, 255.88, 827.72, 258.53, 813.0, 259.0]
rec: RON......................
