text_instance: 0
bbox: [292, 1031, 261, 45]
bezier_pts: [292.0, 1031.0, 378.67, 1031.0, 465.33, 1031.0, 552.0, 1031.0, 552.0, 1073.0, 465.33, 1073.0, 378.67, 1073.0, 292.0, 1073.0]
rec: Anniversary..............
text_instance: 1
bbox: [284, 894, 280, 120]
bezier_pts: [284.0, 894.0, 377.0, 894.0, 470.0, 894.0, 563.0, 894.0, 563.0, 1010.0, 470.37, 1011.92, 376.32, 1012.47, 284.0, 1010.0]
rec: 50th.....................
text_instance: 2
bbox: [285, 369, 272, 61]
bezier_pts: [285.0, 369.0, 375.33, 369.0, 465.67, 369.0, 556.0, 369.0, 556.0, 427.0, 464.32, 428.19, 374.57, 429.37, 285.0, 427.0]
rec: WITHYOU..................
text_instance: 3
bbox: [368, 490, 106, 31]
bezier_pts: [368.0, 490.0, 403.0, 490.0, 438.0, 490.0, 473.0, 490.0, 473.0, 518.0, 437.78, 519.52, 403.09, 519.82, 368.0, 518.0]
rec: LOFTMAN..................
text_instance: 4
bbox: [342, 436, 107, 42]
bezier_pts: [342.0, 436.0, 377.33, 436.0, 412.67, 436.0, 448.0, 436.0, 448.0, 476.0, 412.1, 475.95, 378.06, 476.38, 342.0, 476.0]
rec: Paris....................
text_instance: 5
bbox: [303, 329, 200, 57]
bezier_pts: [303.0, 362.0, 360.52, 319.33, 438.97, 312.56, 502.0, 353.0, 474.0, 371.0, 421.08, 340.1, 365.87, 352.59, 318.0, 385.0]
rec: TERAMACHI................
text_instance: 6
bbox: [415, 517, 61, 31]
bezier_pts: [415.0, 523.0, 435.0, 521.0, 455.0, 519.0, 475.0, 517.0, 475.0, 541.0, 455.67, 543.0, 436.33, 545.0, 417.0, 547.0]
rec: 1981.....................
text_instance: 7
bbox: [372, 707, 161, 72]
bezier_pts: [372.0, 719.0, 423.0, 715.0, 474.0, 711.0, 525.0, 707.0, 532.0, 769.0, 479.0, 772.0, 426.0, 775.0, 373.0, 778.0]
rec: KICS.....................
text_instance: 8
bbox: [249, 384, 19, 62]
bezier_pts: [249.0, 384.0, 250.15, 404.0, 252.43, 424.17, 250.0, 445.0, 267.0, 444.0, 264.97, 424.06, 265.89, 405.22, 264.0, 385.0]
rec: 5F13F....................
text_instance: 9
bbox: [451, 442, 56, 34]
bezier_pts: [451.0, 448.0, 469.51, 445.37, 486.71, 441.49, 505.0, 443.0, 506.0, 469.0, 487.67, 471.0, 469.33, 473.0, 451.0, 475.0]
rec: 21e......................
text_instance: 10
bbox: [249, 455, 19, 38]
bezier_pts: [251.0, 455.0, 249.73, 467.0, 247.71, 479.0, 250.0, 491.0, 265.0, 492.0, 265.94, 478.84, 262.23, 470.37, 267.0, 455.0]
rec: 2F.......................
text_instance: 11
bbox: [248, 513, 21, 45]
bezier_pts: [249.0, 513.0, 249.35, 526.33, 247.25, 539.67, 248.0, 553.0, 265.0, 557.0, 269.27, 544.27, 265.31, 528.72, 268.0, 516.0]
rec: 1F.......................
text_instance: 12
bbox: [247, 576, 21, 44]
bezier_pts: [249.0, 576.0, 243.84, 589.33, 250.29, 602.67, 247.0, 616.0, 265.0, 619.0, 267.34, 606.37, 264.51, 590.8, 267.0, 578.0]
rec: B1.......................
