text_instance: 0
bbox: [101, 98, 104, 26]
bezier_pts: [101.0, 98.0, 135.33, 98.0, 169.67, 98.0, 204.0, 98.0, 204.0, 123.0, 169.67, 123.0, 135.33, 123.0, 101.0, 123.0]
rec: MOON.....................
text_instance: 1
bbox: [89, 127, 134, 29]
bezier_pts: [89.0, 127.0, 133.33, 127.0, 177.67, 127.0, 222.0, 127.0, 222.0, 155.0, 177.67, 155.0, 133.33, 155.0, 89.0, 155.0]
rec: CHEESE...................
text_instance: 2
bbox: [83, 14, 68, 16]
bezier_pts: [83.0, 14.0, 105.33, 14.0, 127.67, 14.0, 150.0, 14.0, 150.0, 28.0, 127.67, 28.0, 105.33, 28.0, 83.0, 28.0]
rec: INGREDIENTS..............
text_instance: 3
bbox: [178, 15, 38, 13]
bezier_pts: [178.0, 15.0, 190.33, 15.0, 202.67, 15.0, 215.0, 15.0, 215.0, 27.0, 202.67, 27.0, 190.33, 27.0, 178.0, 27.0]
rec: CHEESE...................
text_instance: 4
bbox: [154, 15, 24, 14]
bezier_pts: [154.0, 15.0, 161.67, 15.0, 169.33, 15.0, 177.0, 15.0, 177.0, 27.0, 169.33, 27.0, 161.67, 27.0, 154.0, 27.0]
rec: JUST.....................
text_instance: 5
bbox: [92, 53, 58, 46]
bezier_pts: [92.0, 89.0, 105.03, 70.81, 123.43, 50.51, 148.0, 53.0, 149.0, 61.0, 128.23, 68.87, 108.64, 75.38, 100.0, 98.0]
rec: NATURAL..................
text_instance: 6
bbox: [162, 49, 64, 50]
bezier_pts: [162.0, 49.0, 189.69, 50.48, 213.07, 67.26, 225.0, 93.0, 212.0, 98.0, 196.02, 84.92, 180.42, 70.25, 162.0, 61.0]
rec: CRUNCHY..................
text_instance: 7
bbox: [214, 211, 46, 28]
bezier_pts: [217.0, 222.0, 228.56, 222.2, 238.51, 222.92, 246.0, 211.0, 259.0, 214.0, 253.46, 237.78, 235.81, 235.69, 214.0, 238.0]
rec: cheese...................
text_instance: 8
bbox: [214, 177, 26, 18]
bezier_pts: [214.0, 186.0, 222.68, 177.67, 227.97, 176.22, 239.0, 177.0, 238.0, 190.0, 230.33, 191.33, 222.67, 192.67, 215.0, 194.0]
rec: only.....................
text_instance: 9
bbox: [200, 191, 48, 34]
bezier_pts: [200.0, 205.0, 213.76, 199.1, 228.04, 193.23, 243.0, 191.0, 247.0, 210.0, 233.67, 214.67, 220.33, 219.33, 207.0, 224.0]
rec: 100......................
