text_instance: 0
bbox: [214, 291, 149, 57]
bezier_pts: [214.0, 325.0, 254.96, 277.94, 317.71, 281.26, 362.0, 320.0, 349.0, 347.0, 311.91, 320.49, 267.3, 320.04, 231.0, 346.0]
rec: ASRAMA...................
text_instance: 1
bbox: [211, 395, 174, 68]
bezier_pts: [230.0, 402.0, 272.5, 430.52, 320.44, 427.27, 358.0, 395.0, 384.0, 419.0, 332.08, 472.48, 269.0, 478.07, 211.0, 425.0]
rec: PELAJAR..................
text_instance: 2
bbox: [53, 443, 69, 17]
bezier_pts: [53.0, 446.0, 75.77, 444.84, 96.92, 442.27, 120.0, 443.0, 121.0, 456.0, 99.78, 458.47, 77.46, 458.18, 56.0, 458.0]
rec: PERUNDING................
text_instance: 3
bbox: [123, 440, 44, 16]
bezier_pts: [123.0, 443.0, 137.09, 441.82, 150.91, 439.33, 165.0, 440.0, 166.0, 453.0, 152.29, 455.45, 138.97, 455.16, 125.0, 455.0]
rec: PENILAI..................
text_instance: 4
bbox: [178, 437, 32, 18]
bezier_pts: [178.0, 441.0, 186.06, 435.07, 197.09, 436.49, 206.0, 438.0, 209.0, 451.0, 199.55, 454.37, 190.04, 454.48, 180.0, 454.0]
rec: EJEN.....................
text_instance: 5
bbox: [51, 457, 99, 27]
bezier_pts: [53.0, 463.0, 83.08, 456.02, 115.77, 456.04, 148.0, 458.0, 149.0, 480.0, 116.33, 481.0, 83.67, 482.0, 51.0, 483.0]
rec: HENRY....................
text_instance: 6
bbox: [155, 452, 74, 28]
bezier_pts: [157.0, 457.0, 179.45, 449.07, 202.06, 452.83, 225.0, 452.0, 228.0, 476.0, 203.97, 479.08, 179.26, 478.45, 155.0, 479.0]
rec: BUTC.....................
text_instance: 7
bbox: [48, 484, 95, 17]
bezier_pts: [48.0, 490.0, 78.85, 483.29, 108.69, 482.13, 141.0, 486.0, 142.0, 499.0, 112.54, 500.71, 82.22, 499.72, 53.0, 498.0]
rec: MALAYSIA.................
text_instance: 8
bbox: [151, 483, 35, 14]
bezier_pts: [151.0, 486.0, 161.64, 479.55, 173.38, 485.02, 185.0, 484.0, 185.0, 495.0, 174.59, 496.6, 164.42, 495.85, 154.0, 496.0]
rec: SEL......................
text_instance: 9
bbox: [196, 479, 42, 18]
bezier_pts: [196.0, 483.0, 208.56, 476.88, 222.96, 477.86, 236.0, 481.0, 237.0, 493.0, 224.29, 496.28, 211.6, 497.03, 199.0, 495.0]
rec: SDN......................
text_instance: 10
bbox: [244, 477, 43, 18]
bezier_pts: [244.0, 480.0, 257.19, 475.92, 269.35, 477.63, 283.0, 479.0, 286.0, 491.0, 272.67, 494.39, 259.33, 494.47, 246.0, 494.0]
rec: BHD......................
