text_instance: 0
bbox: [75, 579, 271, 157]
bezier_pts: [75.0, 693.0, 156.15, 653.2, 238.89, 606.7, 328.0, 579.0, 345.0, 616.0, 266.33, 655.67, 187.67, 695.33, 109.0, 735.0]
rec: RESTORAN.................
text_instance: 1
bbox: [99, 510, 734, 338]
bezier_pts: [99.0, 733.0, 315.22, 592.72, 572.14, 510.87, 830.0, 510.0, 832.0, 642.0, 613.72, 664.42, 396.23, 726.83, 206.0, 847.0]
rec: TWELVE...................
text_instance: 2
bbox: [716, 663, 213, 67]
bezier_pts: [718.0, 663.0, 788.05, 666.11, 859.65, 663.2, 928.0, 678.0, 928.0, 727.0, 858.26, 726.68, 786.44, 726.6, 716.0, 723.0]
rec: Welcome..................
text_instance: 3
bbox: [1090, 555, 407, 260]
bezier_pts: [1117.0, 555.0, 1251.05, 598.86, 1408.8, 584.19, 1496.0, 715.0, 1457.0, 814.0, 1334.67, 762.67, 1212.33, 711.33, 1090.0, 660.0]
rec: cafe.....................
text_instance: 4
bbox: [487, 1174, 83, 25]
bezier_pts: [487.0, 1174.0, 515.24, 1176.72, 542.52, 1172.4, 569.0, 1179.0, 565.0, 1198.0, 539.49, 1198.48, 513.07, 1198.26, 488.0, 1195.0]
rec: Garage...................
text_instance: 5
bbox: [586, 1167, 61, 32]
bezier_pts: [586.0, 1167.0, 604.33, 1168.0, 622.67, 1169.0, 641.0, 1170.0, 646.0, 1194.0, 628.03, 1196.92, 610.94, 1198.43, 593.0, 1198.0]
rec: Train....................
text_instance: 6
bbox: [875, 492, 161, 139]
bezier_pts: [879.0, 504.0, 926.76, 490.95, 975.99, 491.74, 1024.0, 508.0, 1035.0, 630.0, 981.67, 629.33, 928.33, 628.67, 875.0, 628.0]
rec: 12.......................
text_instance: 7
bbox: [4, 856, 94, 70]
bezier_pts: [8.0, 856.0, 34.0, 857.0, 60.0, 858.0, 86.0, 859.0, 97.0, 923.0, 66.0, 923.67, 35.0, 924.33, 4.0, 925.0]
rec: 12.......................
