text_instance: 0
bbox: [211, 126, 73, 46]
bezier_pts: [211.0, 161.0, 230.01, 141.57, 254.34, 134.53, 280.0, 126.0, 283.0, 146.0, 262.0, 154.33, 241.0, 162.67, 220.0, 171.0]
rec: KRUSE....................
text_instance: 1
bbox: [283, 124, 56, 23]
bezier_pts: [284.0, 124.0, 302.3, 124.57, 320.38, 122.0, 338.0, 126.0, 331.0, 143.0, 315.0, 144.0, 299.0, 145.0, 283.0, 146.0]
rec: AND......................
text_instance: 2
bbox: [333, 123, 75, 44]
bezier_pts: [341.0, 123.0, 364.12, 130.88, 386.28, 137.24, 407.0, 148.0, 397.0, 166.0, 375.67, 157.67, 354.33, 149.33, 333.0, 141.0]
rec: MUER.....................
