text_instance: 0
bbox: [109, 204, 161, 103]
bezier_pts: [109.0, 238.0, 163.44, 222.77, 212.91, 213.95, 269.0, 204.0, 268.0, 259.0, 219.02, 276.72, 169.06, 291.15, 121.0, 306.0]
rec: NOT......................
text_instance: 1
bbox: [295, 168, 167, 86]
bezier_pts: [299.0, 195.0, 346.34, 183.06, 390.31, 176.92, 439.0, 168.0, 461.0, 222.0, 406.21, 235.16, 350.99, 245.44, 295.0, 253.0]
rec: ALL......................
text_instance: 2
bbox: [467, 151, 273, 76]
bezier_pts: [470.0, 168.0, 560.17, 152.76, 648.11, 154.48, 739.0, 151.0, 733.0, 220.0, 644.33, 222.0, 555.67, 224.0, 467.0, 226.0]
rec: JUNKS....................
text_instance: 3
bbox: [754, 150, 353, 118]
bezier_pts: [757.0, 150.0, 874.51, 155.87, 995.15, 174.05, 1106.0, 204.0, 1096.0, 267.0, 982.0, 249.0, 868.0, 231.0, 754.0, 213.0]
rec: GLITTER..................
text_instance: 4
bbox: [274, 241, 172, 93]
bezier_pts: [274.0, 274.0, 330.33, 263.0, 386.67, 252.0, 443.0, 241.0, 445.0, 306.0, 393.0, 315.0, 341.0, 324.0, 289.0, 333.0]
rec: BUT......................
text_instance: 5
bbox: [457, 226, 208, 73]
bezier_pts: [457.0, 241.0, 526.0, 236.0, 595.0, 231.0, 664.0, 226.0, 661.0, 288.0, 598.18, 294.19, 535.74, 297.18, 472.0, 298.0]
rec: GOLD.....................
text_instance: 6
bbox: [460, 434, 284, 93]
bezier_pts: [460.0, 475.0, 547.49, 415.16, 646.56, 434.29, 743.0, 465.0, 703.0, 510.0, 632.7, 466.04, 541.35, 470.87, 476.0, 526.0]
rec: ARMY.....................
text_instance: 7
bbox: [375, 667, 416, 167]
bezier_pts: [420.0, 667.0, 506.86, 833.74, 653.55, 816.17, 754.0, 673.0, 790.0, 692.0, 683.86, 888.04, 474.89, 889.41, 375.0, 687.0]
rec: SURPLUS..................
text_instance: 8
bbox: [685, 225, 107, 69]
bezier_pts: [685.0, 225.0, 720.0, 227.67, 755.0, 230.33, 790.0, 233.0, 791.0, 290.0, 755.66, 291.16, 719.45, 289.41, 685.0, 288.0]
rec: TO.......................
text_instance: 9
bbox: [818, 232, 104, 77]
bezier_pts: [822.0, 232.0, 855.0, 237.33, 888.0, 242.67, 921.0, 248.0, 921.0, 308.0, 885.99, 302.78, 851.46, 298.1, 818.0, 291.0]
rec: US.......................
