text_instance: 0
bbox: [570, 291, 37, 61]
bezier_pts: [570.0, 346.0, 584.47, 331.06, 563.19, 302.97, 586.0, 291.0, 606.0, 295.0, 603.33, 313.67, 600.67, 332.33, 598.0, 351.0]
rec: COOL.....................
text_instance: 1
bbox: [583, 243, 45, 54]
bezier_pts: [583.0, 285.0, 590.16, 270.47, 594.27, 251.0, 611.0, 243.0, 627.0, 253.0, 622.52, 268.33, 614.76, 282.0, 608.0, 296.0]
rec: ZONE.....................
text_instance: 2
bbox: [613, 498, 52, 28]
bezier_pts: [613.0, 499.0, 629.33, 498.67, 645.67, 498.33, 662.0, 498.0, 664.0, 524.0, 649.4, 525.57, 634.65, 524.85, 620.0, 525.0]
rec: OFF......................
text_instance: 3
bbox: [868, 488, 51, 30]
bezier_pts: [868.0, 493.0, 884.33, 491.33, 900.67, 489.67, 917.0, 488.0, 918.0, 510.0, 903.45, 515.5, 888.12, 517.56, 872.0, 517.0]
rec: HIGH.....................
