text_instance: 0
bbox: [102, 648, 223, 52]
bezier_pts: [102.0, 648.0, 176.0, 648.0, 250.0, 648.0, 324.0, 648.0, 324.0, 697.0, 249.77, 698.31, 176.4, 698.82, 102.0, 697.0]
rec: SHINYOGOKU...............
text_instance: 1
bbox: [35, 501, 381, 138]
bezier_pts: [35.0, 501.0, 161.67, 501.0, 288.33, 501.0, 415.0, 501.0, 415.0, 636.0, 288.33, 636.0, 161.67, 636.0, 35.0, 636.0]
rec: HATLABO..................
text_instance: 2
bbox: [794, 639, 155, 64]
bezier_pts: [794.0, 639.0, 845.33, 639.0, 896.67, 639.0, 948.0, 639.0, 948.0, 700.0, 897.72, 701.92, 845.96, 702.35, 794.0, 700.0]
rec: HATLABO..................
text_instance: 3
bbox: [743, 429, 88, 79]
bezier_pts: [743.0, 469.0, 766.0, 455.67, 789.0, 442.33, 812.0, 429.0, 830.0, 466.0, 811.03, 474.54, 785.39, 480.89, 781.0, 507.0]
rec: BORN.....................
text_instance: 4
bbox: [884, 426, 103, 79]
bezier_pts: [892.0, 426.0, 923.84, 443.41, 958.28, 457.4, 986.0, 481.0, 959.0, 504.0, 934.0, 491.0, 909.0, 478.0, 884.0, 465.0]
rec: KYOTO....................
text_instance: 5
bbox: [834, 428, 42, 38]
bezier_pts: [834.0, 433.0, 844.81, 426.36, 858.4, 426.36, 870.0, 430.0, 875.0, 464.0, 863.0, 464.33, 851.0, 464.67, 839.0, 465.0]
rec: IN.......................
