text_instance: 0
bbox: [63, 141, 97, 35]
bezier_pts: [63.0, 141.0, 95.0, 141.0, 127.0, 141.0, 159.0, 141.0, 159.0, 175.0, 127.0, 175.0, 95.0, 175.0, 63.0, 175.0]
rec: STONE....................
text_instance: 1
bbox: [164, 138, 87, 41]
bezier_pts: [164.0, 138.0, 192.67, 138.0, 221.33, 138.0, 250.0, 138.0, 250.0, 177.0, 221.33, 177.0, 192.67, 177.0, 164.0, 177.0]
rec: BROS.....................
text_instance: 2
bbox: [21, 82, 53, 65]
bezier_pts: [21.0, 137.0, 32.82, 120.21, 18.93, 91.44, 43.0, 82.0, 73.0, 90.0, 68.38, 108.57, 68.56, 129.32, 54.0, 146.0]
rec: STR......................
text_instance: 3
bbox: [58, 23, 107, 65]
bezier_pts: [58.0, 64.0, 84.64, 37.83, 119.48, 20.12, 159.0, 23.0, 164.0, 54.0, 130.09, 46.25, 98.89, 61.96, 77.0, 87.0]
rec: SANTA....................
text_instance: 4
bbox: [175, 24, 125, 120]
bezier_pts: [178.0, 24.0, 240.36, 29.1, 283.24, 74.31, 299.0, 135.0, 265.0, 143.0, 259.71, 89.0, 223.21, 59.99, 175.0, 50.0]
rec: BARBARA..................
text_instance: 5
bbox: [94, 86, 81, 26]
bezier_pts: [94.0, 88.0, 120.0, 87.33, 146.0, 86.67, 172.0, 86.0, 174.0, 107.0, 147.15, 108.51, 121.01, 109.2, 95.0, 109.0]
rec: BUILDT...................
text_instance: 6
bbox: [165, 222, 86, 58]
bezier_pts: [165.0, 246.0, 189.13, 241.38, 212.75, 234.32, 234.0, 222.0, 250.0, 248.0, 223.65, 264.75, 195.65, 273.3, 166.0, 279.0]
rec: 1900.....................
text_instance: 7
bbox: [185, 87, 41, 25]
bezier_pts: [185.0, 90.0, 198.33, 85.43, 211.67, 89.58, 225.0, 89.0, 221.0, 110.0, 209.15, 110.83, 197.18, 111.11, 185.0, 111.0]
rec: BY.......................
text_instance: 8
bbox: [66, 213, 69, 58]
bezier_pts: [81.0, 213.0, 98.67, 223.0, 116.33, 233.0, 134.0, 243.0, 126.0, 270.0, 99.77, 268.65, 79.44, 256.94, 66.0, 237.0]
rec: SF.......................
