text_instance: 0
bbox: [396, 148, 49, 32]
bezier_pts: [396.0, 148.0, 413.61, 148.79, 427.46, 159.18, 444.0, 165.0, 440.0, 179.0, 425.67, 173.67, 411.33, 168.33, 397.0, 163.0]
rec: Trang....................
text_instance: 1
bbox: [121, 169, 32, 17]
bezier_pts: [122.0, 170.0, 131.2, 168.47, 140.71, 168.14, 150.0, 170.0, 152.0, 184.0, 141.67, 184.33, 131.33, 184.67, 121.0, 185.0]
rec: Xuan.....................
text_instance: 2
bbox: [120, 188, 34, 17]
bezier_pts: [121.0, 188.0, 131.67, 188.0, 142.33, 188.0, 153.0, 188.0, 151.0, 203.0, 140.67, 203.33, 130.33, 203.67, 120.0, 204.0]
rec: 2016.....................
text_instance: 3
bbox: [174, 158, 21, 15]
bezier_pts: [174.0, 162.0, 180.33, 160.67, 186.67, 159.33, 193.0, 158.0, 194.0, 167.0, 188.67, 168.67, 183.33, 170.33, 178.0, 172.0]
rec: Bat......................
text_instance: 4
bbox: [169, 165, 35, 16]
bezier_pts: [169.0, 172.0, 179.67, 169.67, 190.33, 167.33, 201.0, 165.0, 203.0, 173.0, 194.26, 176.71, 184.68, 180.03, 175.0, 180.0]
rec: Trang....................
text_instance: 5
bbox: [207, 149, 35, 25]
bezier_pts: [207.0, 156.0, 218.33, 153.67, 229.67, 151.33, 241.0, 149.0, 241.0, 165.0, 231.67, 167.67, 222.33, 170.33, 213.0, 173.0]
rec: Cho......................
text_instance: 6
bbox: [247, 144, 38, 20]
bezier_pts: [247.0, 146.0, 259.0, 145.67, 271.0, 145.33, 283.0, 145.0, 284.0, 157.0, 272.62, 160.38, 261.16, 161.73, 249.0, 163.0]
rec: Gom......................
text_instance: 7
bbox: [289, 140, 43, 20]
bezier_pts: [289.0, 140.0, 303.0, 141.0, 317.0, 142.0, 331.0, 143.0, 329.0, 159.0, 316.33, 158.0, 303.67, 157.0, 291.0, 156.0]
rec: Lang.....................
text_instance: 8
bbox: [338, 138, 19, 19]
bezier_pts: [338.0, 139.0, 344.0, 141.33, 350.0, 143.67, 356.0, 146.0, 356.0, 156.0, 350.04, 155.84, 343.58, 156.55, 338.0, 155.0]
rec: Co.......................
text_instance: 9
bbox: [362, 142, 30, 21]
bezier_pts: [363.0, 142.0, 373.1, 142.87, 381.91, 146.05, 391.0, 151.0, 388.0, 162.0, 379.33, 160.33, 370.67, 158.67, 362.0, 157.0]
rec: Bar......................
text_instance: 10
bbox: [500, 170, 29, 16]
bezier_pts: [500.0, 171.0, 509.33, 170.67, 518.67, 170.33, 528.0, 170.0, 527.0, 184.0, 518.82, 185.53, 509.16, 184.84, 501.0, 185.0]
rec: Binh.....................
text_instance: 11
bbox: [499, 186, 33, 18]
bezier_pts: [499.0, 186.0, 509.33, 187.33, 519.67, 188.67, 530.0, 190.0, 531.0, 202.0, 521.48, 203.5, 512.51, 202.89, 503.0, 203.0]
rec: Than.....................
text_instance: 12
bbox: [223, 168, 37, 19]
bezier_pts: [223.0, 176.0, 235.0, 173.33, 247.0, 170.67, 259.0, 168.0, 259.0, 179.0, 247.67, 181.33, 236.33, 183.67, 225.0, 186.0]
rec: POTTERY..................
text_instance: 13
bbox: [260, 164, 35, 15]
bezier_pts: [260.0, 169.0, 271.33, 167.33, 282.67, 165.67, 294.0, 164.0, 293.0, 174.0, 282.7, 175.57, 272.0, 176.7, 262.0, 178.0]
rec: MARKET...................
text_instance: 14
bbox: [297, 164, 11, 11]
bezier_pts: [297.0, 165.0, 299.67, 164.67, 302.33, 164.33, 305.0, 164.0, 307.0, 173.0, 303.67, 173.33, 300.33, 173.67, 297.0, 174.0]
rec: OF.......................
text_instance: 15
bbox: [310, 162, 45, 13]
bezier_pts: [310.0, 163.0, 324.87, 163.56, 340.13, 159.21, 354.0, 165.0, 353.0, 174.0, 338.4, 174.04, 323.97, 174.02, 310.0, 173.0]
rec: BATTRANG.................
text_instance: 16
bbox: [357, 166, 38, 14]
bezier_pts: [357.0, 166.0, 369.51, 165.62, 382.3, 167.05, 394.0, 170.0, 394.0, 179.0, 381.95, 178.26, 368.86, 176.67, 357.0, 174.0]
rec: ANCIENT..................
text_instance: 17
bbox: [395, 171, 36, 18]
bezier_pts: [395.0, 171.0, 406.87, 172.15, 418.7, 174.77, 430.0, 179.0, 428.0, 188.0, 417.33, 185.67, 406.67, 183.33, 396.0, 181.0]
rec: VILLAGE..................
