text_instance: 0
bbox: [581, 352, 389, 391]
bezier_pts: [581.0, 534.0, 693.82, 461.25, 807.21, 400.73, 931.0, 352.0, 969.0, 524.0, 849.88, 599.23, 754.18, 700.81, 617.0, 742.0]
rec: Triple...................
text_instance: 1
bbox: [663, 790, 229, 241]
bezier_pts: [715.0, 790.0, 737.98, 880.1, 794.08, 953.53, 891.0, 962.0, 885.0, 1030.0, 760.71, 997.34, 690.02, 924.84, 663.0, 798.0]
rec: WHITE....................
text_instance: 2
bbox: [905, 780, 181, 233]
bezier_pts: [905.0, 952.0, 994.76, 930.54, 1017.1, 855.3, 1035.0, 780.0, 1085.0, 822.0, 1055.43, 904.48, 1015.79, 987.35, 919.0, 1012.0]
rec: SPOT.....................
text_instance: 3
bbox: [1019, 324, 156, 158]
bezier_pts: [1019.0, 337.0, 1069.33, 332.67, 1119.67, 328.33, 1170.0, 324.0, 1174.0, 439.0, 1123.09, 454.01, 1071.43, 468.18, 1020.0, 481.0]
rec: O's......................
text_instance: 4
bbox: [689, 721, 44, 54]
bezier_pts: [732.0, 736.0, 721.15, 745.74, 719.47, 760.95, 716.0, 774.0, 689.0, 764.0, 690.83, 748.98, 698.66, 734.87, 703.0, 721.0]
rec: by.......................
