text_instance: 0
bbox: [346, 203, 97, 24]
bezier_pts: [346.0, 205.0, 378.72, 201.51, 407.95, 201.26, 441.0, 205.0, 442.0, 224.0, 410.74, 226.5, 379.89, 226.27, 348.0, 226.0]
rec: VARNISHES................
text_instance: 1
bbox: [156, 129, 272, 57]
bezier_pts: [158.0, 129.0, 247.33, 129.67, 336.67, 130.33, 426.0, 131.0, 427.0, 183.0, 336.56, 183.16, 247.16, 183.75, 156.0, 182.0]
rec: SUNDRIES.................
text_instance: 2
bbox: [146, 193, 183, 40]
bezier_pts: [146.0, 193.0, 206.67, 193.0, 267.33, 193.0, 328.0, 193.0, 328.0, 232.0, 267.33, 232.0, 206.67, 232.0, 146.0, 232.0]
rec: PAINTSOILDS..............
text_instance: 3
bbox: [154, 8, 269, 52]
bezier_pts: [166.0, 8.0, 249.67, 8.67, 333.33, 9.33, 417.0, 10.0, 422.0, 59.0, 332.67, 57.67, 243.33, 56.33, 154.0, 55.0]
rec: SGWALL...................
text_instance: 4
bbox: [163, 64, 246, 62]
bezier_pts: [163.0, 83.0, 244.68, 62.24, 324.57, 59.47, 408.0, 80.0, 394.0, 124.0, 325.44, 98.62, 247.12, 93.63, 175.0, 125.0]
rec: DRUGGISTS................
text_instance: 5
bbox: [143, 306, 302, 29]
bezier_pts: [144.0, 306.0, 243.0, 306.67, 342.0, 307.33, 441.0, 308.0, 444.0, 330.0, 343.67, 331.33, 243.33, 332.67, 143.0, 334.0]
rec: PRESGRIPTIONS............
text_instance: 6
bbox: [269, 332, 171, 22]
bezier_pts: [269.0, 332.0, 325.33, 332.67, 381.67, 333.33, 438.0, 334.0, 439.0, 352.0, 383.0, 352.33, 327.0, 352.67, 271.0, 353.0]
rec: COMPOUNDED...............
