text_instance: 0
bbox: [251, 372, 149, 39]
bezier_pts: [251.0, 372.0, 300.33, 372.0, 349.67, 372.0, 399.0, 372.0, 399.0, 408.0, 349.67, 408.0, 300.33, 408.0, 251.0, 408.0]
rec: CLOSING..................
text_instance: 1
bbox: [240, 320, 151, 53]
bezier_pts: [240.0, 320.0, 290.0, 320.0, 340.0, 320.0, 390.0, 320.0, 390.0, 371.0, 340.46, 371.5, 290.38, 371.59, 240.0, 371.0]
rec: STORE....................
text_instance: 2
bbox: [248, 409, 149, 39]
bezier_pts: [248.0, 409.0, 297.33, 409.0, 346.67, 409.0, 396.0, 409.0, 396.0, 447.0, 346.67, 447.0, 297.33, 447.0, 248.0, 447.0]
rec: SALE.....................
text_instance: 3
bbox: [285, 205, 62, 95]
bezier_pts: [285.0, 205.0, 305.33, 205.0, 325.67, 205.0, 346.0, 205.0, 346.0, 299.0, 325.67, 299.0, 305.33, 299.0, 285.0, 299.0]
rec: CO.......................
text_instance: 4
bbox: [41, 112, 300, 188]
bezier_pts: [41.0, 219.0, 124.32, 138.15, 233.39, 123.7, 340.0, 112.0, 337.0, 206.0, 234.15, 197.15, 147.69, 235.98, 72.0, 299.0]
rec: AMERICAN.................
text_instance: 5
bbox: [350, 122, 243, 177]
bezier_pts: [376.0, 122.0, 455.03, 135.01, 526.17, 163.26, 592.0, 215.0, 558.0, 298.0, 504.17, 237.47, 425.27, 217.52, 350.0, 203.0]
rec: REVIVAL..................
text_instance: 6
bbox: [730, 330, 25, 11]
bezier_pts: [731.0, 331.0, 737.67, 332.22, 744.33, 327.22, 751.0, 332.0, 754.0, 340.0, 746.0, 339.33, 738.0, 338.67, 730.0, 338.0]
rec: VISA.....................
text_instance: 7
bbox: [342, 203, 45, 24]
bezier_pts: [344.0, 205.0, 356.67, 204.33, 369.33, 203.67, 382.0, 203.0, 386.0, 223.0, 371.33, 224.0, 356.67, 225.0, 342.0, 226.0]
rec: ERS......................
text_instance: 8
bbox: [218, 267, 48, 18]
bezier_pts: [219.0, 270.0, 233.94, 269.72, 249.36, 265.29, 265.0, 268.0, 264.0, 282.0, 248.67, 282.33, 233.33, 282.67, 218.0, 283.0]
rec: WeCanDoIt................
text_instance: 9
bbox: [2, 313, 50, 91]
bezier_pts: [51.0, 315.0, 35.77, 311.41, 18.53, 313.56, 2.0, 313.0, 3.0, 403.0, 17.89, 401.29, 33.64, 397.25, 48.0, 393.0]
rec: Fe.......................
text_instance: 10
bbox: [44, 380, 37, 118]
bezier_pts: [80.0, 380.0, 83.73, 418.27, 68.95, 459.05, 73.0, 497.0, 48.0, 495.0, 38.8, 457.89, 54.48, 419.89, 47.0, 381.0]
rec: MAGI.....................
text_instance: 11
bbox: [156, 342, 35, 18]
bezier_pts: [157.0, 342.0, 166.67, 342.67, 176.33, 343.33, 186.0, 344.0, 190.0, 357.0, 178.56, 359.73, 167.46, 359.73, 156.0, 358.0]
rec: MTA......................
