text_instance: 0
bbox: [252, 83, 148, 64]
bezier_pts: [252.0, 130.0, 292.19, 83.99, 347.77, 60.33, 399.0, 107.0, 388.0, 130.0, 348.27, 90.2, 302.94, 101.01, 271.0, 146.0]
rec: GUSTO....................
text_instance: 1
bbox: [282, 222, 93, 36]
bezier_pts: [288.0, 229.0, 314.78, 240.13, 341.57, 232.53, 365.0, 222.0, 374.0, 239.0, 345.76, 257.04, 314.25, 262.61, 282.0, 252.0]
rec: CAFE.....................
text_instance: 2
bbox: [210, 307, 125, 41]
bezier_pts: [210.0, 313.0, 250.67, 311.0, 291.33, 309.0, 332.0, 307.0, 334.0, 337.0, 293.44, 342.94, 251.64, 346.21, 210.0, 347.0]
rec: GUSTO....................
text_instance: 3
bbox: [342, 302, 99, 35]
bezier_pts: [342.0, 307.0, 372.84, 299.72, 408.57, 304.96, 440.0, 302.0, 439.0, 332.0, 408.02, 335.25, 378.4, 335.04, 348.0, 336.0]
rec: CAFE.....................
text_instance: 4
bbox: [365, 264, 76, 17]
bezier_pts: [365.0, 269.0, 389.19, 267.34, 413.45, 261.73, 439.0, 265.0, 440.0, 275.0, 415.0, 276.67, 390.0, 278.33, 365.0, 280.0]
rec: PC0003249-H..............
