text_instance: 0
bbox: [177, 268, 278, 98]
bezier_pts: [177.0, 268.0, 269.33, 269.0, 361.67, 270.0, 454.0, 271.0, 451.0, 359.0, 361.82, 363.41, 271.61, 364.44, 183.0, 365.0]
rec: EYES.....................
text_instance: 1
bbox: [441, 414, 261, 78]
bezier_pts: [441.0, 449.0, 525.31, 398.77, 614.55, 395.2, 701.0, 435.0, 677.0, 484.0, 606.23, 468.13, 537.82, 464.4, 471.0, 491.0]
rec: EYES.....................
text_instance: 2
bbox: [528, 485, 135, 55]
bezier_pts: [542.0, 508.0, 575.84, 520.0, 611.32, 511.23, 637.0, 485.0, 662.0, 496.0, 626.45, 532.76, 574.66, 545.53, 528.0, 536.0]
rec: BURRARD..................
text_instance: 3
bbox: [745, 409, 188, 79]
bezier_pts: [745.0, 440.0, 805.81, 409.52, 868.63, 406.77, 932.0, 410.0, 925.0, 460.0, 871.0, 469.0, 817.0, 478.0, 763.0, 487.0]
rec: EYE......................
text_instance: 4
bbox: [825, 479, 122, 55]
bezier_pts: [831.0, 506.0, 864.33, 508.33, 904.76, 516.55, 929.0, 479.0, 946.0, 490.0, 922.56, 542.12, 869.09, 528.94, 825.0, 533.0]
rec: BURRARD..................
text_instance: 5
bbox: [643, 628, 136, 58]
bezier_pts: [643.0, 630.0, 685.0, 629.33, 727.0, 628.67, 769.0, 628.0, 778.0, 681.0, 734.41, 682.41, 691.35, 683.13, 649.0, 683.0]
rec: 775......................
text_instance: 6
bbox: [537, 266, 182, 98]
bezier_pts: [538.0, 269.0, 598.0, 264.11, 658.0, 265.52, 718.0, 267.0, 716.0, 361.0, 656.33, 361.67, 596.67, 362.33, 537.0, 363.0]
rec: ON.......................
text_instance: 7
bbox: [780, 261, 177, 100]
bezier_pts: [780.0, 271.0, 838.84, 308.72, 896.85, 273.35, 954.0, 261.0, 956.0, 354.0, 897.67, 356.0, 839.33, 358.0, 781.0, 360.0]
rec: BUI......................
text_instance: 8
bbox: [494, 486, 41, 41]
bezier_pts: [501.0, 486.0, 512.0, 494.67, 523.0, 503.33, 534.0, 512.0, 520.0, 526.0, 511.33, 520.33, 502.67, 514.67, 494.0, 509.0]
rec: ON.......................
text_instance: 9
bbox: [783, 483, 45, 42]
bezier_pts: [798.0, 483.0, 808.0, 489.75, 820.25, 496.99, 827.0, 507.0, 815.0, 524.0, 803.6, 515.8, 792.45, 507.17, 783.0, 497.0]
rec: ON.......................
text_instance: 10
bbox: [585, 939, 49, 20]
bezier_pts: [587.0, 939.0, 602.33, 940.67, 617.67, 942.33, 633.0, 944.0, 633.0, 958.0, 617.0, 958.0, 601.0, 958.0, 585.0, 958.0]
rec: PULL.....................
