text_instance: 0
bbox: [92, 201, 119, 169]
bezier_pts: [92.0, 366.0, 88.9, 286.23, 131.45, 224.39, 207.0, 201.0, 210.0, 243.0, 160.49, 263.82, 123.73, 308.99, 135.0, 369.0]
rec: BARBARY..................
text_instance: 1
bbox: [222, 184, 125, 56]
bezier_pts: [222.0, 187.0, 263.26, 185.39, 304.59, 176.61, 346.0, 198.0, 335.0, 239.0, 299.75, 223.2, 265.52, 220.34, 229.0, 232.0]
rec: COAST....................
text_instance: 2
bbox: [344, 203, 102, 112]
bezier_pts: [363.0, 203.0, 398.04, 223.82, 432.37, 248.58, 445.0, 288.0, 416.0, 314.0, 396.33, 284.87, 373.86, 259.83, 344.0, 239.0]
rec: TRAIL....................
text_instance: 3
bbox: [165, 496, 48, 41]
bezier_pts: [172.0, 496.0, 185.33, 505.0, 198.67, 514.0, 212.0, 523.0, 207.0, 536.0, 191.62, 529.8, 177.41, 520.79, 165.0, 510.0]
rec: This.....................
text_instance: 4
bbox: [215, 520, 74, 33]
bezier_pts: [217.0, 520.0, 239.46, 522.51, 263.77, 524.75, 286.0, 531.0, 288.0, 550.0, 263.31, 550.5, 238.94, 548.21, 215.0, 543.0]
rec: Plaque...................
text_instance: 5
bbox: [303, 482, 107, 65]
bezier_pts: [304.0, 530.0, 344.23, 530.18, 371.31, 505.15, 399.0, 482.0, 409.0, 493.0, 379.06, 517.14, 348.17, 549.96, 303.0, 546.0]
rec: Sponsored................
text_instance: 6
bbox: [125, 501, 61, 51]
bezier_pts: [138.0, 501.0, 153.67, 512.67, 169.33, 524.33, 185.0, 536.0, 181.0, 551.0, 155.99, 551.18, 133.99, 535.32, 125.0, 512.0]
rec: Sarah....................
text_instance: 7
bbox: [189, 542, 98, 38]
bezier_pts: [199.0, 542.0, 227.0, 547.67, 255.0, 553.33, 283.0, 559.0, 286.0, 577.0, 253.8, 581.35, 215.49, 580.01, 189.0, 557.0]
rec: Jonathan.................
text_instance: 8
bbox: [316, 522, 89, 50]
bezier_pts: [316.0, 556.0, 345.0, 544.67, 374.0, 533.33, 403.0, 522.0, 404.0, 532.0, 376.99, 547.65, 348.64, 560.93, 319.0, 571.0]
rec: Matthew..................
text_instance: 9
bbox: [400, 451, 67, 77]
bezier_pts: [400.0, 508.0, 424.63, 497.69, 432.76, 470.28, 449.0, 451.0, 466.0, 461.0, 452.35, 486.49, 445.46, 519.41, 413.0, 527.0]
rec: Barton...................
text_instance: 10
bbox: [403, 454, 34, 33]
bezier_pts: [403.0, 475.0, 407.4, 463.77, 416.78, 458.94, 427.0, 454.0, 436.0, 469.0, 428.67, 474.67, 421.33, 480.33, 414.0, 486.0]
rec: By.......................
