text_instance: 0
bbox: [371, 288, 41, 117]
bezier_pts: [401.0, 288.0, 398.46, 319.04, 393.61, 348.65, 411.0, 378.0, 393.0, 404.0, 366.89, 372.05, 367.07, 332.23, 375.0, 292.0]
rec: Wing.....................
text_instance: 1
bbox: [403, 396, 104, 75]
bezier_pts: [419.0, 396.0, 434.47, 430.41, 471.01, 444.52, 506.0, 447.0, 498.0, 470.0, 458.27, 467.01, 425.58, 444.69, 403.0, 414.0]
rec: Heong....................
text_instance: 2
bbox: [519, 433, 24, 28]
bezier_pts: [519.0, 436.0, 526.0, 435.0, 533.0, 434.0, 540.0, 433.0, 542.0, 456.0, 534.67, 457.33, 527.33, 458.67, 520.0, 460.0]
rec: B........................
text_instance: 3
bbox: [645, 232, 45, 108]
bezier_pts: [645.0, 329.0, 656.32, 298.81, 670.89, 272.38, 669.0, 238.0, 689.0, 232.0, 691.6, 269.77, 682.11, 303.61, 667.0, 339.0]
rec: Meat.....................
text_instance: 4
bbox: [49, 140, 123, 149]
bezier_pts: [61.0, 164.0, 97.67, 156.0, 134.33, 148.0, 171.0, 140.0, 151.0, 278.0, 117.0, 281.33, 83.0, 284.67, 49.0, 288.0]
rec: KEDAI....................
text_instance: 5
bbox: [169, 100, 223, 171]
bezier_pts: [195.0, 138.0, 260.33, 125.33, 325.67, 112.67, 391.0, 100.0, 383.0, 234.0, 311.67, 246.0, 240.33, 258.0, 169.0, 270.0]
rec: MAKANAN..................
text_instance: 6
bbox: [862, 202, 235, 111]
bezier_pts: [862.0, 237.0, 938.0, 225.33, 1014.0, 213.67, 1090.0, 202.0, 1096.0, 283.0, 1018.0, 292.67, 940.0, 302.33, 862.0, 312.0]
rec: BBQ......................
text_instance: 7
bbox: [862, 304, 316, 118]
bezier_pts: [862.0, 344.0, 967.0, 330.67, 1072.0, 317.33, 1177.0, 304.0, 1173.0, 387.0, 1070.54, 400.59, 965.99, 412.39, 862.0, 421.0]
rec: MEAT.....................
text_instance: 8
bbox: [53, 605, 170, 87]
bezier_pts: [53.0, 616.0, 109.33, 612.33, 165.67, 608.67, 222.0, 605.0, 214.0, 685.0, 161.72, 688.81, 109.66, 690.59, 56.0, 690.0]
rec: WING.....................
text_instance: 9
bbox: [245, 591, 259, 93]
bezier_pts: [251.0, 605.0, 335.89, 600.32, 416.34, 592.1, 503.0, 591.0, 495.0, 676.0, 412.7, 680.31, 328.76, 682.76, 245.0, 682.0]
rec: HEONG....................
text_instance: 10
bbox: [603, 558, 277, 119]
bezier_pts: [603.0, 578.0, 693.67, 571.33, 784.33, 564.67, 875.0, 558.0, 879.0, 662.0, 785.88, 667.98, 694.15, 673.44, 603.0, 676.0]
rec: JALAN....................
text_instance: 11
bbox: [910, 551, 203, 107]
bezier_pts: [910.0, 563.0, 977.22, 556.33, 1041.78, 555.89, 1109.0, 551.0, 1112.0, 650.0, 1044.67, 652.33, 977.33, 654.67, 910.0, 657.0]
rec: IMBI.....................
text_instance: 12
bbox: [566, 410, 27, 30]
bezier_pts: [566.0, 419.0, 572.33, 416.0, 578.67, 413.0, 585.0, 410.0, 592.0, 427.0, 587.98, 433.16, 582.09, 436.97, 575.0, 439.0]
rec: B........................
text_instance: 13
bbox: [609, 364, 37, 37]
bezier_pts: [609.0, 386.0, 614.84, 377.57, 623.98, 371.77, 631.0, 364.0, 645.0, 380.0, 639.22, 388.19, 631.83, 393.84, 624.0, 400.0]
rec: Q........................
text_instance: 14
bbox: [683, 706, 83, 17]
bezier_pts: [683.0, 709.0, 712.12, 707.98, 735.84, 705.29, 765.0, 706.0, 765.0, 722.0, 738.0, 721.67, 711.0, 721.33, 684.0, 721.0]
rec: 2398401V.................
