text_instance: 0
bbox: [116, 136, 238, 204]
bezier_pts: [116.0, 259.0, 178.49, 199.38, 262.49, 158.17, 349.0, 136.0, 353.0, 217.0, 278.12, 239.65, 213.87, 288.43, 151.0, 339.0]
rec: ARMY.....................
text_instance: 1
bbox: [364, 96, 242, 115]
bezier_pts: [364.0, 126.0, 446.92, 107.24, 521.01, 98.97, 605.0, 96.0, 589.0, 177.0, 516.33, 188.0, 443.67, 199.0, 371.0, 210.0]
rec: NAVY.....................
text_instance: 2
bbox: [620, 93, 447, 260]
bezier_pts: [643.0, 93.0, 797.97, 114.33, 938.89, 176.95, 1066.0, 267.0, 1009.0, 352.0, 895.22, 246.88, 768.43, 207.35, 620.0, 178.0]
rec: SURPLUS..................
text_instance: 3
bbox: [335, 253, 468, 94]
bezier_pts: [335.0, 253.0, 490.0, 255.0, 645.0, 257.0, 800.0, 259.0, 802.0, 346.0, 649.32, 344.99, 498.1, 342.07, 346.0, 336.0]
rec: YAMAMOTO.................
text_instance: 4
bbox: [179, 435, 69, 68]
bezier_pts: [179.0, 474.0, 197.08, 453.1, 221.27, 440.47, 247.0, 435.0, 245.0, 468.0, 219.0, 459.38, 206.8, 479.68, 202.0, 502.0]
rec: ALPHA....................
text_instance: 5
bbox: [193, 514, 79, 22]
bezier_pts: [193.0, 514.0, 219.0, 515.67, 245.0, 517.33, 271.0, 519.0, 269.0, 535.0, 244.0, 534.67, 219.0, 534.33, 194.0, 534.0]
rec: FEELTHECAT...............
text_instance: 6
bbox: [517, 441, 44, 52]
bezier_pts: [517.0, 478.0, 527.0, 465.67, 537.0, 453.33, 547.0, 441.0, 560.0, 465.0, 550.67, 474.0, 541.33, 483.0, 532.0, 492.0]
rec: ALPHA....................
text_instance: 7
bbox: [556, 439, 68, 55]
bezier_pts: [556.0, 439.0, 587.55, 439.33, 612.5, 446.18, 623.0, 478.0, 601.0, 493.0, 603.42, 463.77, 584.02, 451.68, 559.0, 463.0]
rec: INDUSTRIES...............
text_instance: 8
bbox: [713, 459, 63, 43]
bezier_pts: [713.0, 459.0, 732.67, 459.33, 752.33, 459.67, 772.0, 460.0, 775.0, 501.0, 755.0, 500.0, 735.0, 499.0, 715.0, 498.0]
rec: Coca.....................
text_instance: 9
bbox: [833, 446, 108, 45]
bezier_pts: [833.0, 465.0, 863.42, 440.54, 903.66, 445.39, 940.0, 456.0, 937.0, 489.0, 907.35, 461.25, 873.97, 461.58, 844.0, 490.0]
rec: ALPHAIND.................
text_instance: 10
bbox: [785, 799, 166, 35]
bezier_pts: [785.0, 799.0, 838.67, 800.67, 892.33, 802.33, 946.0, 804.0, 950.0, 832.0, 896.7, 832.11, 845.37, 830.91, 793.0, 829.0]
rec: SURPLUS..................
text_instance: 11
bbox: [149, 742, 63, 30]
bezier_pts: [149.0, 750.0, 169.67, 747.33, 190.33, 744.67, 211.0, 742.0, 208.0, 762.0, 190.33, 765.0, 172.67, 768.0, 155.0, 771.0]
rec: 4500.....................
text_instance: 12
bbox: [176, 867, 94, 34]
bezier_pts: [179.0, 867.0, 209.0, 867.33, 239.0, 867.67, 269.0, 868.0, 269.0, 898.0, 237.84, 900.48, 206.69, 900.11, 176.0, 900.0]
rec: 1500.....................
text_instance: 13
bbox: [643, 789, 64, 32]
bezier_pts: [643.0, 793.0, 664.0, 791.67, 685.0, 790.33, 706.0, 789.0, 706.0, 819.0, 686.0, 819.33, 666.0, 819.67, 646.0, 820.0]
rec: 6000.....................
text_instance: 14
bbox: [638, 853, 69, 31]
bezier_pts: [641.0, 853.0, 662.0, 854.0, 683.0, 855.0, 704.0, 856.0, 706.0, 883.0, 683.33, 882.67, 660.67, 882.33, 638.0, 882.0]
rec: 6800.....................
text_instance: 15
bbox: [1175, 901, 49, 34]
bezier_pts: [1178.0, 906.0, 1193.0, 904.33, 1208.0, 902.67, 1223.0, 901.0, 1220.0, 931.0, 1205.0, 932.0, 1190.0, 933.0, 1175.0, 934.0]
rec: 2300.....................
