text_instance: 0
bbox: [337, 158, 62, 43]
bezier_pts: [337.0, 158.0, 357.33, 158.0, 377.67, 158.0, 398.0, 158.0, 398.0, 199.0, 377.51, 199.1, 357.46, 200.77, 337.0, 199.0]
rec: LUI......................
text_instance: 1
bbox: [296, 209, 33, 19]
bezier_pts: [296.0, 209.0, 306.67, 209.0, 317.33, 209.0, 328.0, 209.0, 328.0, 226.0, 317.33, 226.0, 306.67, 226.0, 296.0, 226.0]
rec: Order....................
text_instance: 2
bbox: [522, 189, 28, 16]
bezier_pts: [522.0, 189.0, 531.0, 189.0, 540.0, 189.0, 549.0, 189.0, 549.0, 204.0, 540.0, 204.0, 531.0, 204.0, 522.0, 204.0]
rec: TES......................
text_instance: 3
bbox: [331, 209, 26, 18]
bezier_pts: [331.0, 209.0, 339.33, 209.0, 347.67, 209.0, 356.0, 209.0, 356.0, 225.0, 347.97, 227.11, 339.59, 225.42, 331.0, 225.0]
rec: line.....................
text_instance: 4
bbox: [359, 206, 32, 21]
bezier_pts: [359.0, 206.0, 369.33, 206.0, 379.67, 206.0, 390.0, 206.0, 390.0, 226.0, 379.67, 226.0, 369.33, 226.0, 359.0, 226.0]
rec: 07986....................
text_instance: 5
bbox: [288, 102, 151, 92]
bezier_pts: [288.0, 181.0, 283.11, 72.29, 432.93, 71.48, 438.0, 184.0, 412.0, 192.0, 404.72, 105.81, 324.39, 109.9, 314.0, 193.0]
rec: CREPERIE.................
