text_instance: 0
bbox: [215, 25, 98, 97]
bezier_pts: [215.0, 101.0, 236.09, 71.69, 259.87, 27.9, 303.0, 25.0, 312.0, 56.0, 279.67, 67.73, 251.62, 90.96, 236.0, 121.0]
rec: Fresh....................
text_instance: 1
bbox: [315, 7, 119, 45]
bezier_pts: [315.0, 13.0, 356.18, 11.07, 391.66, 5.15, 433.0, 8.0, 426.0, 44.0, 391.66, 45.56, 356.04, 38.36, 321.0, 51.0]
rec: Local....................
text_instance: 2
bbox: [442, 9, 154, 143]
bezier_pts: [452.0, 9.0, 511.58, 38.43, 587.15, 47.76, 595.0, 137.0, 572.0, 151.0, 547.54, 94.25, 498.91, 65.62, 442.0, 50.0]
rec: Berries..................
text_instance: 3
bbox: [256, 219, 116, 52]
bezier_pts: [261.0, 219.0, 297.67, 225.33, 334.33, 231.67, 371.0, 238.0, 366.0, 270.0, 329.41, 257.78, 290.73, 271.55, 256.0, 248.0]
rec: Egoroff..................
text_instance: 4
bbox: [371, 240, 113, 50]
bezier_pts: [377.0, 240.0, 412.33, 247.67, 447.67, 255.33, 483.0, 263.0, 477.0, 289.0, 441.67, 281.67, 406.33, 274.33, 371.0, 267.0]
rec: Farms....................
