text_instance: 0
bbox: [418, 282, 230, 120]
bezier_pts: [418.0, 390.0, 457.2, 270.05, 557.15, 238.38, 647.0, 324.0, 624.0, 353.0, 553.89, 273.52, 478.58, 315.27, 444.0, 401.0]
rec: ORIGINAL.................
text_instance: 1
bbox: [421, 438, 160, 92]
bezier_pts: [456.0, 438.0, 476.09, 488.0, 520.99, 497.16, 570.0, 501.0, 580.0, 529.0, 514.88, 535.15, 457.56, 510.59, 421.0, 458.0]
rec: KUALA....................
text_instance: 2
bbox: [587, 381, 93, 139]
bezier_pts: [587.0, 485.0, 635.48, 467.69, 641.34, 420.94, 641.0, 381.0, 679.0, 384.0, 672.42, 437.87, 654.25, 490.61, 603.0, 519.0]
rec: PILAH....................
