text_instance: 0
bbox: [137, 507, 520, 138]
bezier_pts: [137.0, 507.0, 310.0, 507.0, 483.0, 507.0, 656.0, 507.0, 656.0, 644.0, 483.0, 644.0, 310.0, 644.0, 137.0, 644.0]
rec: OSCARS...................
text_instance: 1
bbox: [312, 698, 168, 29]
bezier_pts: [312.0, 698.0, 367.67, 698.0, 423.33, 698.0, 479.0, 698.0, 479.0, 726.0, 423.33, 726.0, 367.67, 726.0, 312.0, 726.0]
rec: HAHNDORF.................
text_instance: 2
bbox: [376, 668, 38, 31]
bezier_pts: [376.0, 668.0, 388.33, 668.0, 400.67, 668.0, 413.0, 668.0, 413.0, 698.0, 400.67, 698.0, 388.33, 698.0, 376.0, 698.0]
rec: OF.......................
text_instance: 3
bbox: [217, 429, 88, 86]
bezier_pts: [217.0, 495.0, 240.0, 473.0, 263.0, 451.0, 286.0, 429.0, 304.0, 457.0, 275.28, 467.9, 259.75, 488.47, 246.0, 514.0]
rec: LIGHTING.................
text_instance: 4
bbox: [295, 402, 105, 53]
bezier_pts: [295.0, 426.0, 327.88, 411.39, 361.75, 405.54, 399.0, 402.0, 399.0, 432.0, 368.37, 424.03, 335.02, 431.81, 312.0, 454.0]
rec: HANDBAGS.................
text_instance: 5
bbox: [409, 399, 64, 47]
bezier_pts: [411.0, 399.0, 431.33, 406.33, 451.67, 413.67, 472.0, 421.0, 463.0, 445.0, 445.0, 441.67, 427.0, 438.33, 409.0, 435.0]
rec: SHOES....................
text_instance: 6
bbox: [472, 424, 87, 85]
bezier_pts: [487.0, 424.0, 512.41, 444.78, 537.54, 466.38, 558.0, 493.0, 529.0, 508.0, 522.35, 478.67, 499.65, 463.66, 472.0, 453.0]
rec: CLOTHING.................
text_instance: 7
bbox: [204, 663, 92, 109]
bezier_pts: [240.0, 663.0, 250.29, 690.99, 264.97, 720.51, 295.0, 730.0, 280.0, 771.0, 254.67, 740.0, 229.33, 709.0, 204.0, 678.0]
rec: JEWELLERY................
text_instance: 8
bbox: [284, 743, 96, 51]
bezier_pts: [300.0, 743.0, 326.33, 751.67, 352.67, 760.33, 379.0, 769.0, 379.0, 793.0, 346.48, 786.55, 315.03, 777.13, 284.0, 765.0]
rec: GIFTWARE.................
text_instance: 9
bbox: [381, 754, 62, 43]
bezier_pts: [381.0, 759.0, 398.33, 757.33, 415.67, 755.67, 433.0, 754.0, 442.0, 790.0, 422.62, 794.12, 403.03, 794.16, 384.0, 796.0]
rec: HOME.....................
text_instance: 10
bbox: [435, 733, 76, 61]
bezier_pts: [435.0, 759.0, 451.0, 750.33, 467.0, 741.67, 483.0, 733.0, 510.0, 765.0, 490.33, 774.33, 470.67, 783.67, 451.0, 793.0]
rec: DECOR....................
text_instance: 11
bbox: [492, 664, 86, 97]
bezier_pts: [492.0, 726.0, 510.33, 705.33, 528.67, 684.67, 547.0, 664.0, 577.0, 676.0, 563.99, 708.83, 536.73, 730.44, 517.0, 760.0]
rec: FURNITURE................
