text_instance: 0
bbox: [11, 212, 112, 36]
bezier_pts: [11.0, 212.0, 48.0, 212.0, 85.0, 212.0, 122.0, 212.0, 122.0, 247.0, 85.0, 247.0, 48.0, 247.0, 11.0, 247.0]
rec: Carlsberg................
text_instance: 1
bbox: [506, 263, 120, 28]
bezier_pts: [506.0, 263.0, 545.67, 263.0, 585.33, 263.0, 625.0, 263.0, 625.0, 290.0, 585.33, 290.0, 545.67, 290.0, 506.0, 290.0]
rec: VARIETIES................
text_instance: 2
bbox: [378, 194, 191, 69]
bezier_pts: [378.0, 206.0, 439.24, 193.24, 502.78, 190.42, 568.0, 199.0, 561.0, 249.0, 500.59, 239.85, 440.85, 246.22, 379.0, 262.0]
rec: HOKKIEN..................
text_instance: 3
bbox: [571, 196, 85, 70]
bezier_pts: [576.0, 196.0, 602.36, 198.19, 630.42, 202.72, 655.0, 213.0, 644.0, 265.0, 619.34, 261.51, 594.63, 255.97, 571.0, 248.0]
rec: MEE......................
text_instance: 4
bbox: [421, 265, 81, 32]
bezier_pts: [426.0, 267.0, 451.0, 266.33, 476.0, 265.67, 501.0, 265.0, 500.0, 296.0, 473.67, 296.0, 447.33, 296.0, 421.0, 296.0]
rec: FRIED....................
text_instance: 5
bbox: [74, 545, 34, 14]
bezier_pts: [74.0, 548.0, 84.33, 547.0, 94.67, 546.0, 105.0, 545.0, 107.0, 555.0, 96.69, 557.31, 85.97, 558.04, 75.0, 557.0]
rec: PRAWN....................
text_instance: 6
bbox: [12, 556, 25, 8]
bezier_pts: [14.0, 556.0, 21.33, 556.0, 28.67, 556.0, 36.0, 556.0, 36.0, 561.0, 28.21, 562.9, 20.14, 563.15, 12.0, 563.0]
rec: LALA.....................
