text_instance: 0
bbox: [186, 257, 55, 30]
bezier_pts: [187.0, 257.0, 204.67, 261.67, 222.33, 266.33, 240.0, 271.0, 236.0, 286.0, 219.33, 282.67, 202.67, 279.33, 186.0, 276.0]
rec: GARy.....................
text_instance: 1
bbox: [239, 279, 82, 48]
bezier_pts: [250.0, 279.0, 274.65, 287.67, 297.77, 294.88, 320.0, 309.0, 316.0, 326.0, 290.33, 315.33, 264.67, 304.67, 239.0, 294.0]
rec: DANKO....................
text_instance: 2
bbox: [179, 274, 34, 32]
bezier_pts: [193.0, 274.0, 198.15, 277.1, 203.76, 294.31, 212.0, 291.0, 202.0, 305.0, 192.54, 298.94, 185.67, 290.33, 179.0, 282.0]
rec: SAN......................
text_instance: 3
bbox: [206, 295, 106, 39]
bezier_pts: [218.0, 295.0, 246.02, 310.45, 272.65, 318.47, 305.0, 318.0, 311.0, 333.0, 274.19, 335.81, 238.69, 326.73, 206.0, 310.0]
rec: FRANCISCO................
text_instance: 4
bbox: [204, 214, 111, 76]
bezier_pts: [215.0, 214.0, 247.15, 223.68, 283.06, 227.81, 314.0, 242.0, 303.0, 289.0, 270.0, 278.33, 237.0, 267.67, 204.0, 257.0]
rec: G........................
