text_instance: 0
bbox: [312, 151, 176, 73]
bezier_pts: [312.0, 176.0, 367.78, 143.26, 431.45, 146.26, 487.0, 169.0, 484.0, 200.0, 427.7, 192.71, 370.98, 197.38, 322.0, 223.0]
rec: Modica...................
text_instance: 1
bbox: [487, 166, 188, 134]
bezier_pts: [497.0, 166.0, 566.1, 183.08, 624.46, 224.6, 674.0, 272.0, 648.0, 299.0, 602.52, 253.11, 550.71, 221.37, 487.0, 206.0]
rec: MARKET...................
text_instance: 2
bbox: [296, 393, 203, 143]
bezier_pts: [321.0, 393.0, 366.82, 450.88, 432.42, 472.89, 498.0, 500.0, 498.0, 535.0, 418.54, 515.73, 342.32, 495.24, 296.0, 416.0]
rec: SEASIDE..................
text_instance: 3
bbox: [527, 458, 172, 85]
bezier_pts: [527.0, 501.0, 579.42, 501.91, 630.43, 495.14, 672.0, 458.0, 698.0, 481.0, 657.56, 524.11, 598.75, 541.61, 539.0, 542.0]
rec: FLORIDA..................
