text_instance: 0
bbox: [190, 582, 443, 75]
bezier_pts: [190.0, 582.0, 337.33, 582.0, 484.67, 582.0, 632.0, 582.0, 632.0, 655.0, 484.67, 655.0, 337.33, 655.0, 190.0, 655.0]
rec: Kitchen..................
text_instance: 1
bbox: [275, 503, 270, 89]
bezier_pts: [275.0, 503.0, 364.67, 503.0, 454.33, 503.0, 544.0, 503.0, 544.0, 586.0, 455.26, 587.91, 364.96, 588.57, 275.0, 586.0]
rec: First....................
text_instance: 2
bbox: [191, 483, 76, 76]
bezier_pts: [191.0, 529.0, 209.67, 513.67, 228.33, 498.33, 247.0, 483.0, 266.0, 509.0, 247.96, 525.69, 229.97, 541.99, 211.0, 558.0]
rec: City.....................
text_instance: 3
bbox: [255, 424, 208, 77]
bezier_pts: [255.0, 469.0, 320.16, 432.82, 392.22, 418.64, 462.0, 425.0, 457.0, 449.0, 392.49, 448.99, 323.96, 461.93, 271.0, 500.0]
rec: Convenience..............
text_instance: 4
bbox: [463, 423, 164, 115]
bezier_pts: [470.0, 423.0, 529.25, 439.51, 582.11, 467.52, 626.0, 513.0, 603.0, 537.0, 567.9, 492.87, 519.88, 461.76, 463.0, 452.0]
rec: Restaurant...............
