text_instance: 0
bbox: [86, 4, 209, 216]
bezier_pts: [86.0, 196.0, 109.49, 83.48, 168.82, 12.2, 292.0, 4.0, 294.0, 58.0, 207.85, 67.25, 158.17, 142.39, 147.0, 219.0]
rec: CHERRY...................
text_instance: 1
bbox: [424, 29, 176, 215]
bezier_pts: [441.0, 29.0, 539.1, 59.19, 588.81, 142.71, 599.0, 240.0, 540.0, 243.0, 541.56, 162.68, 495.86, 103.08, 424.0, 69.0]
rec: STREET...................
text_instance: 2
bbox: [89, 263, 245, 211]
bezier_pts: [146.0, 263.0, 173.48, 346.79, 249.12, 405.09, 333.0, 416.0, 332.0, 473.0, 213.79, 463.96, 114.46, 397.23, 89.0, 276.0]
rec: COFFEE...................
text_instance: 3
bbox: [381, 285, 217, 192]
bezier_pts: [381.0, 423.0, 452.23, 397.5, 519.56, 359.83, 547.0, 285.0, 597.0, 300.0, 578.09, 402.21, 494.82, 452.3, 401.0, 476.0]
rec: HOUSE....................
