text_instance: 0
bbox: [225, 81, 361, 92]
bezier_pts: [226.0, 116.0, 351.48, 51.53, 475.42, 72.15, 585.0, 145.0, 578.0, 172.0, 470.25, 107.94, 338.75, 98.73, 225.0, 148.0]
rec: RESTAURANT...............
text_instance: 1
bbox: [168, 143, 84, 62]
bezier_pts: [168.0, 199.0, 173.52, 117.7, 249.04, 118.86, 251.0, 202.0, 238.0, 204.0, 231.4, 147.95, 192.49, 149.71, 183.0, 203.0]
rec: BIENVENUE................
text_instance: 2
bbox: [343, 132, 114, 52]
bezier_pts: [343.0, 132.0, 380.67, 132.67, 418.33, 133.33, 456.0, 134.0, 455.0, 182.0, 420.25, 183.5, 384.78, 182.3, 350.0, 178.0]
rec: New......................
text_instance: 3
bbox: [263, 188, 279, 61]
bezier_pts: [263.0, 188.0, 354.0, 189.0, 445.0, 190.0, 536.0, 191.0, 541.0, 248.0, 448.67, 245.0, 356.33, 242.0, 264.0, 239.0]
rec: KASHMIR..................
text_instance: 4
bbox: [140, 246, 259, 45]
bezier_pts: [140.0, 246.0, 226.0, 248.67, 312.0, 251.33, 398.0, 254.0, 397.0, 290.0, 311.67, 288.0, 226.33, 286.0, 141.0, 284.0]
rec: Gastronomie..............
text_instance: 5
bbox: [462, 254, 178, 40]
bezier_pts: [462.0, 254.0, 520.67, 255.0, 579.33, 256.0, 638.0, 257.0, 639.0, 293.0, 582.0, 292.68, 522.19, 291.76, 464.0, 291.0]
rec: Indienne.................
text_instance: 6
bbox: [107, 295, 158, 33]
bezier_pts: [107.0, 295.0, 158.92, 297.83, 212.14, 292.77, 263.0, 300.0, 264.0, 326.0, 212.03, 327.94, 161.95, 326.68, 110.0, 326.0]
rec: Specialites..............
text_instance: 7
bbox: [277, 296, 108, 36]
bezier_pts: [277.0, 296.0, 312.0, 297.0, 347.0, 298.0, 382.0, 299.0, 384.0, 330.0, 347.35, 331.23, 312.58, 330.0, 277.0, 327.0]
rec: Mughlai..................
text_instance: 8
bbox: [395, 299, 72, 35]
bezier_pts: [395.0, 299.0, 418.33, 299.67, 441.67, 300.33, 465.0, 301.0, 466.0, 333.0, 443.17, 333.24, 421.63, 331.28, 399.0, 330.0]
rec: Royal....................
text_instance: 9
bbox: [479, 298, 158, 33]
bezier_pts: [479.0, 298.0, 531.33, 299.33, 583.67, 300.67, 636.0, 302.0, 633.0, 330.0, 583.0, 328.67, 533.0, 327.33, 483.0, 326.0]
rec: TANDOO...................
