text_instance: 0
bbox: [220, 264, 153, 162]
bezier_pts: [220.0, 395.0, 246.3, 339.51, 283.2, 291.31, 338.0, 264.0, 372.0, 300.0, 327.92, 336.41, 286.16, 373.12, 266.0, 425.0]
rec: CAFE.....................
text_instance: 1
bbox: [467, 232, 255, 201]
bezier_pts: [467.0, 232.0, 588.66, 230.85, 690.04, 315.79, 721.0, 426.0, 681.0, 432.0, 651.46, 331.44, 568.78, 271.66, 467.0, 272.0]
rec: GALLERY..................
text_instance: 2
bbox: [227, 536, 257, 206]
bezier_pts: [483.0, 741.0, 357.4, 730.29, 261.78, 670.88, 227.0, 544.0, 265.0, 536.0, 284.97, 637.87, 368.98, 706.58, 479.0, 695.0]
rec: GALLERY..................
text_instance: 3
bbox: [584, 549, 137, 160]
bezier_pts: [720.0, 572.0, 686.63, 625.42, 651.65, 672.4, 599.0, 708.0, 584.0, 674.0, 631.95, 646.13, 666.38, 600.16, 687.0, 549.0]
rec: CAFE.....................
