text_instance: 0
bbox: [98, 246, 30, 17]
bezier_pts: [98.0, 246.0, 107.67, 246.0, 117.33, 246.0, 127.0, 246.0, 127.0, 261.0, 117.33, 261.0, 107.67, 261.0, 98.0, 261.0]
rec: B63......................
text_instance: 1
bbox: [46, 24, 18, 119]
bezier_pts: [47.0, 24.0, 48.19, 63.23, 43.06, 99.76, 48.0, 138.0, 61.0, 142.0, 65.05, 105.56, 62.64, 64.64, 60.0, 29.0]
rec: PARK.....................
text_instance: 2
bbox: [115, 209, 18, 19]
bezier_pts: [123.0, 209.0, 125.28, 212.4, 131.37, 213.3, 131.0, 219.0, 128.0, 227.0, 119.95, 228.7, 118.04, 223.31, 115.0, 216.0]
rec: NO.......................
text_instance: 3
bbox: [130, 214, 42, 22]
bezier_pts: [132.0, 219.0, 144.32, 226.78, 151.45, 225.6, 164.0, 214.0, 171.0, 222.0, 159.7, 231.98, 142.27, 241.45, 130.0, 230.0]
rec: STANDING.................
