text_instance: 0
bbox: [306, 79, 127, 43]
bezier_pts: [306.0, 95.0, 349.16, 87.27, 387.68, 76.63, 432.0, 79.0, 431.0, 113.0, 392.3, 91.72, 353.65, 119.3, 315.0, 121.0]
rec: LONDON...................
text_instance: 1
bbox: [519, 78, 99, 55]
bezier_pts: [522.0, 78.0, 556.2, 77.51, 586.62, 91.33, 617.0, 99.0, 615.0, 132.0, 583.0, 125.33, 551.0, 118.67, 519.0, 112.0]
rec: REGION...................
text_instance: 2
bbox: [83, 417, 159, 81]
bezier_pts: [101.0, 417.0, 147.67, 430.67, 194.33, 444.33, 241.0, 458.0, 233.0, 497.0, 176.84, 496.11, 126.8, 487.32, 83.0, 450.0]
rec: FOUNDED..................
text_instance: 3
bbox: [261, 512, 61, 55]
bezier_pts: [268.0, 512.0, 288.02, 513.71, 306.71, 519.84, 321.0, 533.0, 312.0, 566.0, 294.26, 563.2, 277.13, 557.43, 261.0, 549.0]
rec: THE......................
text_instance: 4
bbox: [332, 540, 78, 47]
bezier_pts: [341.0, 540.0, 363.53, 539.93, 386.74, 546.22, 409.0, 550.0, 407.0, 586.0, 381.57, 585.38, 356.27, 581.57, 332.0, 575.0]
rec: FIRE.....................
text_instance: 5
bbox: [437, 542, 146, 50]
bezier_pts: [440.0, 553.0, 486.0, 549.33, 532.0, 545.67, 578.0, 542.0, 582.0, 581.0, 534.03, 586.75, 485.46, 589.4, 437.0, 589.0]
rec: BRIGADES.................
text_instance: 6
bbox: [600, 507, 91, 65]
bezier_pts: [600.0, 538.0, 625.07, 526.56, 651.37, 514.77, 679.0, 507.0, 690.0, 538.0, 663.12, 551.74, 635.08, 562.86, 606.0, 571.0]
rec: UNION....................
text_instance: 7
bbox: [717, 429, 41, 52]
bezier_pts: [717.0, 452.0, 729.0, 444.33, 741.0, 436.67, 753.0, 429.0, 757.0, 452.0, 740.36, 461.22, 740.32, 485.35, 718.0, 480.0]
rec: 1918.....................
text_instance: 8
bbox: [443, 371, 92, 99]
bezier_pts: [445.0, 395.0, 468.66, 364.37, 499.89, 367.17, 529.0, 387.0, 534.0, 447.0, 508.15, 478.51, 472.52, 472.74, 443.0, 451.0]
rec: FBU......................
