text_instance: 0
bbox: [35, 3, 83, 143]
bezier_pts: [35.0, 120.0, 57.71, 84.54, 54.03, 33.4, 85.0, 3.0, 117.0, 56.0, 96.83, 81.61, 100.33, 116.86, 91.0, 145.0]
rec: WEST.....................
text_instance: 1
bbox: [36, 172, 63, 69]
bezier_pts: [38.0, 172.0, 57.33, 183.33, 76.67, 194.67, 96.0, 206.0, 98.0, 240.0, 77.33, 230.67, 56.67, 221.33, 36.0, 212.0]
rec: FOR......................
text_instance: 2
bbox: [47, 245, 153, 263]
bezier_pts: [94.0, 245.0, 126.37, 317.88, 126.76, 407.14, 199.0, 461.0, 192.0, 507.0, 104.88, 447.57, 58.32, 344.67, 47.0, 246.0]
rec: CHEWING..................
text_instance: 3
bbox: [116, 126, 184, 180]
bezier_pts: [126.0, 126.0, 168.19, 189.46, 241.49, 202.14, 299.0, 244.0, 289.0, 305.0, 239.72, 258.86, 152.51, 263.37, 116.0, 201.0]
rec: TOBACCO..................
text_instance: 4
bbox: [249, 317, 78, 179]
bezier_pts: [249.0, 455.0, 281.15, 417.21, 297.1, 365.46, 302.0, 317.0, 326.0, 326.0, 322.96, 388.42, 308.75, 451.15, 257.0, 495.0]
rec: SMOKING..................
text_instance: 5
bbox: [233, 44, 64, 114]
bezier_pts: [248.0, 44.0, 275.07, 65.33, 280.11, 98.74, 296.0, 126.0, 280.0, 157.0, 272.72, 126.86, 260.69, 96.88, 233.0, 79.0]
rec: MAIL.....................
text_instance: 6
bbox: [277, 160, 46, 136]
bezier_pts: [297.0, 160.0, 317.52, 199.5, 321.8, 249.45, 322.0, 295.0, 299.0, 293.0, 300.39, 248.4, 296.85, 209.16, 277.0, 169.0]
rec: POUCH....................
text_instance: 7
bbox: [291, 120, 47, 125]
bezier_pts: [312.0, 120.0, 332.69, 154.08, 329.4, 200.32, 337.0, 238.0, 325.0, 244.0, 315.88, 205.97, 319.08, 161.25, 291.0, 129.0]
rec: MARK.....................
text_instance: 8
bbox: [345, 158, 130, 196]
bezier_pts: [345.0, 158.0, 379.76, 209.64, 442.28, 239.52, 473.0, 294.0, 474.0, 353.0, 428.6, 318.65, 385.74, 282.35, 345.0, 244.0]
rec: BLOCH....................
text_instance: 9
bbox: [362, 293, 110, 133]
bezier_pts: [362.0, 293.0, 393.18, 328.1, 441.13, 335.76, 471.0, 371.0, 470.0, 425.0, 434.15, 414.38, 399.79, 400.92, 365.0, 385.0]
rec: BROS.....................
text_instance: 10
bbox: [343, 417, 137, 88]
bezier_pts: [343.0, 417.0, 385.67, 428.0, 428.33, 439.0, 471.0, 450.0, 479.0, 504.0, 434.38, 485.37, 392.72, 490.29, 347.0, 493.0]
rec: WESTVIRGINIA.............
text_instance: 11
bbox: [12, 529, 407, 231]
bezier_pts: [12.0, 562.0, 144.42, 534.31, 281.31, 535.75, 412.0, 529.0, 418.0, 647.0, 298.18, 707.47, 159.17, 786.26, 18.0, 752.0]
rec: MAIL.....................
text_instance: 12
bbox: [427, 520, 77, 108]
bezier_pts: [427.0, 520.0, 452.33, 520.33, 477.67, 520.67, 503.0, 521.0, 498.0, 593.0, 478.67, 604.33, 459.33, 615.67, 440.0, 627.0]
rec: POU......................
text_instance: 13
bbox: [204, 476, 42, 30]
bezier_pts: [207.0, 478.0, 219.67, 477.33, 232.33, 476.67, 245.0, 476.0, 244.0, 504.0, 230.67, 504.0, 217.33, 504.0, 204.0, 504.0]
rec: AND......................
text_instance: 14
bbox: [312, 6, 71, 122]
bezier_pts: [314.0, 6.0, 352.79, -5.66, 368.38, 51.57, 382.0, 77.0, 377.0, 127.0, 355.33, 98.33, 333.67, 69.67, 312.0, 41.0]
rec: NTI......................
