text_instance: 0
bbox: [233, 406, 64, 23]
bezier_pts: [233.0, 406.0, 254.0, 406.0, 275.0, 406.0, 296.0, 406.0, 296.0, 428.0, 275.0, 428.0, 254.0, 428.0, 233.0, 428.0]
rec: HOTEL....................
text_instance: 1
bbox: [35, 76, 321, 85]
bezier_pts: [35.0, 78.0, 138.97, 124.64, 249.19, 67.09, 355.0, 76.0, 355.0, 154.0, 243.03, 117.38, 143.55, 169.43, 35.0, 160.0]
rec: agoda....................
text_instance: 2
bbox: [89, 316, 267, 79]
bezier_pts: [89.0, 339.0, 168.69, 291.07, 266.95, 344.48, 349.0, 321.0, 355.0, 370.0, 275.43, 363.8, 178.59, 340.45, 105.0, 394.0]
rec: LOSTWORLD................
text_instance: 3
bbox: [207, 356, 115, 43]
bezier_pts: [209.0, 356.0, 243.99, 368.46, 277.99, 388.24, 311.0, 362.0, 321.0, 394.0, 281.55, 406.27, 246.52, 386.48, 207.0, 388.0]
rec: TAMBUN...................
text_instance: 4
bbox: [176, 438, 103, 21]
bezier_pts: [178.0, 442.0, 211.33, 440.67, 244.67, 439.33, 278.0, 438.0, 272.0, 453.0, 239.59, 456.95, 208.01, 458.45, 176.0, 458.0]
rec: SUNWAY...................
text_instance: 5
bbox: [184, 365, 21, 16]
bezier_pts: [184.0, 367.0, 190.67, 366.33, 197.33, 365.67, 204.0, 365.0, 202.0, 380.0, 196.0, 380.0, 190.0, 380.0, 184.0, 380.0]
rec: OF.......................
text_instance: 6
bbox: [307, 408, 36, 19]
bezier_pts: [307.0, 410.0, 317.67, 409.33, 328.33, 408.67, 339.0, 408.0, 342.0, 424.0, 330.63, 425.19, 319.65, 425.87, 308.0, 426.0]
rec: SPA......................
text_instance: 7
bbox: [108, 417, 65, 18]
bezier_pts: [108.0, 419.0, 127.78, 417.53, 150.02, 416.81, 170.0, 417.0, 172.0, 431.0, 151.67, 432.0, 131.33, 433.0, 111.0, 434.0]
rec: THEME....................
text_instance: 8
bbox: [176, 414, 48, 18]
bezier_pts: [176.0, 415.0, 191.0, 414.67, 206.0, 414.33, 221.0, 414.0, 223.0, 429.0, 207.33, 429.67, 191.67, 430.33, 176.0, 431.0]
rec: PARK.....................
