text_instance: 0
bbox: [223, 355, 150, 88]
bezier_pts: [223.0, 373.0, 280.76, 347.84, 332.34, 354.56, 372.0, 402.0, 348.0, 442.0, 320.06, 406.6, 282.91, 398.34, 242.0, 418.0]
rec: IMOGENE..................
text_instance: 1
bbox: [187, 407, 81, 213]
bezier_pts: [234.0, 424.0, 203.38, 484.89, 230.03, 536.12, 267.0, 588.0, 250.0, 619.0, 189.71, 560.15, 164.89, 485.14, 205.0, 407.0]
rec: NASHVILLE................
text_instance: 2
bbox: [277, 580, 81, 55]
bezier_pts: [283.0, 586.0, 300.67, 584.0, 318.33, 582.0, 336.0, 580.0, 357.0, 621.0, 332.94, 635.03, 302.77, 637.73, 277.0, 628.0]
rec: TENN.....................
text_instance: 3
bbox: [351, 455, 46, 145]
bezier_pts: [390.0, 455.0, 401.88, 502.09, 398.65, 553.64, 375.0, 599.0, 351.0, 569.0, 370.43, 534.77, 373.84, 500.52, 362.0, 464.0]
rec: WILLIE...................
