text_instance: 0
bbox: [78, 505, 590, 138]
bezier_pts: [123.0, 505.0, 306.81, 535.18, 496.49, 492.75, 667.0, 584.0, 629.0, 626.0, 448.24, 656.96, 258.9, 603.01, 78.0, 603.0]
rec: Schlumberger.............
text_instance: 1
bbox: [339, 637, 124, 41]
bezier_pts: [362.0, 638.0, 394.85, 636.69, 428.58, 638.9, 462.0, 644.0, 447.0, 677.0, 411.0, 675.67, 375.0, 674.33, 339.0, 673.0]
rec: 1842.....................
text_instance: 2
bbox: [260, 644, 62, 28]
bezier_pts: [273.0, 644.0, 289.0, 645.0, 305.0, 646.0, 321.0, 647.0, 311.0, 671.0, 293.98, 671.5, 276.67, 671.41, 260.0, 668.0]
rec: Seit.....................
text_instance: 3
bbox: [163, 658, 140, 64]
bezier_pts: [174.0, 658.0, 216.67, 673.33, 259.33, 688.67, 302.0, 704.0, 300.0, 721.0, 253.37, 708.27, 207.68, 692.5, 163.0, 674.0]
rec: METHODE..................
text_instance: 4
bbox: [310, 675, 254, 55]
bezier_pts: [313.0, 699.0, 390.19, 717.65, 475.29, 709.67, 547.0, 675.0, 563.0, 698.0, 478.67, 730.2, 396.12, 733.86, 310.0, 725.0]
rec: TRADITIONNELLE...........
