text_instance: 0
bbox: [156, 240, 57, 35]
bezier_pts: [163.0, 242.0, 179.91, 239.12, 195.14, 240.22, 212.0, 240.0, 211.0, 269.0, 192.62, 271.87, 174.33, 273.55, 156.0, 274.0]
rec: Boots....................
text_instance: 1
bbox: [150, 197, 63, 49]
bezier_pts: [151.0, 209.0, 171.0, 206.33, 191.0, 203.67, 211.0, 201.0, 212.0, 243.0, 191.13, 245.19, 170.14, 243.31, 150.0, 243.0]
rec: inky.....................
text_instance: 2
bbox: [69, 442, 46, 27]
bezier_pts: [70.0, 447.0, 84.67, 445.33, 99.33, 443.67, 114.0, 442.0, 113.0, 462.0, 111.41, 475.09, 80.07, 467.19, 69.0, 467.0]
rec: WINNER...................
text_instance: 3
bbox: [118, 440, 11, 24]
bezier_pts: [118.0, 444.0, 129.29, 444.09, 128.31, 444.4, 128.0, 440.0, 128.0, 463.0, 124.67, 463.0, 121.33, 463.0, 118.0, 463.0]
rec: G........................
text_instance: 4
bbox: [127, 439, 33, 25]
bezier_pts: [130.0, 440.0, 139.33, 439.67, 148.67, 439.33, 158.0, 439.0, 159.0, 459.0, 148.41, 462.42, 137.59, 463.27, 127.0, 462.0]
rec: TONY.....................
text_instance: 5
bbox: [160, 434, 53, 28]
bezier_pts: [160.0, 440.0, 176.67, 438.0, 193.33, 436.0, 210.0, 434.0, 212.0, 456.0, 194.5, 459.89, 177.67, 461.3, 160.0, 461.0]
rec: AWARDSm..................
text_instance: 6
bbox: [66, 464, 55, 18]
bezier_pts: [66.0, 469.0, 83.67, 467.33, 101.33, 465.67, 119.0, 464.0, 120.0, 477.0, 102.77, 479.87, 84.51, 481.01, 67.0, 481.0]
rec: INCLUDING................
text_instance: 7
bbox: [119, 462, 35, 17]
bezier_pts: [119.0, 463.0, 130.0, 462.67, 141.0, 462.33, 152.0, 462.0, 153.0, 473.0, 143.39, 475.95, 133.31, 477.3, 123.0, 477.0]
rec: BEST.....................
text_instance: 8
bbox: [151, 457, 60, 20]
bezier_pts: [151.0, 463.0, 169.4, 460.06, 189.14, 458.27, 207.0, 457.0, 210.0, 469.0, 190.97, 473.57, 171.67, 474.95, 152.0, 474.0]
rec: MUSICAL..................
text_instance: 9
bbox: [364, 18, 95, 60]
bezier_pts: [372.0, 41.0, 399.34, 27.29, 430.4, 28.26, 458.0, 18.0, 458.0, 52.0, 431.62, 74.37, 396.72, 74.26, 364.0, 77.0]
rec: Winner...................
text_instance: 10
bbox: [367, 66, 51, 33]
bezier_pts: [367.0, 77.0, 383.67, 73.33, 400.33, 69.67, 417.0, 66.0, 416.0, 86.0, 400.37, 92.7, 383.92, 96.21, 367.0, 97.0]
rec: 4TONY....................
text_instance: 11
bbox: [417, 56, 48, 31]
bezier_pts: [417.0, 66.0, 429.82, 56.66, 447.19, 59.42, 462.0, 56.0, 464.0, 72.0, 449.72, 79.69, 434.43, 84.47, 418.0, 86.0]
rec: AWRDS....................
text_instance: 12
bbox: [353, 98, 51, 41]
bezier_pts: [353.0, 111.0, 369.67, 106.67, 386.33, 102.33, 403.0, 98.0, 398.0, 126.0, 383.9, 132.91, 368.78, 136.46, 353.0, 138.0]
rec: Best.....................
text_instance: 13
bbox: [404, 78, 84, 46]
bezier_pts: [407.0, 98.0, 433.46, 85.34, 460.41, 83.88, 487.0, 78.0, 481.0, 107.0, 458.56, 128.52, 430.24, 119.27, 404.0, 123.0]
rec: Musical..................
text_instance: 14
bbox: [371, 151, 45, 61]
bezier_pts: [371.0, 153.0, 385.33, 152.33, 399.67, 151.67, 414.0, 151.0, 415.0, 195.0, 401.09, 202.33, 385.58, 206.42, 371.0, 211.0]
rec: An.......................
text_instance: 15
bbox: [340, 195, 181, 88]
bezier_pts: [341.0, 195.0, 400.65, 202.64, 462.1, 178.09, 520.0, 212.0, 494.0, 272.0, 447.1, 187.29, 388.66, 254.62, 340.0, 282.0]
rec: American.................
text_instance: 16
bbox: [356, 246, 116, 90]
bezier_pts: [356.0, 275.0, 380.97, 225.13, 430.65, 261.3, 464.0, 246.0, 471.0, 284.0, 447.72, 313.75, 415.76, 320.46, 384.0, 335.0]
rec: Paris....................
text_instance: 17
bbox: [610, 413, 72, 35]
bezier_pts: [612.0, 419.0, 633.67, 417.0, 655.33, 415.0, 677.0, 413.0, 681.0, 440.0, 657.33, 442.33, 633.67, 444.67, 610.0, 447.0]
rec: Matilda..................
