text_instance: 0
bbox: [103, 27, 149, 125]
bezier_pts: [103.0, 151.0, 89.8, 52.48, 171.04, 0.29, 249.0, 36.0, 251.0, 65.0, 183.24, 26.12, 118.55, 69.26, 129.0, 150.0]
rec: CABANA...................
text_instance: 1
bbox: [251, 50, 49, 91]
bezier_pts: [277.0, 50.0, 282.33, 79.43, 304.09, 105.88, 299.0, 138.0, 269.0, 140.0, 259.12, 116.73, 257.72, 93.39, 251.0, 70.0]
rec: INN......................
text_instance: 2
bbox: [113, 155, 95, 23]
bezier_pts: [116.0, 163.0, 145.27, 158.68, 175.54, 154.48, 205.0, 155.0, 207.0, 171.0, 175.67, 173.0, 144.33, 175.0, 113.0, 177.0]
rec: RESERVATION..............
text_instance: 3
bbox: [246, 147, 43, 19]
bezier_pts: [247.0, 150.0, 259.67, 149.0, 272.33, 148.0, 285.0, 147.0, 288.0, 162.0, 274.02, 165.6, 259.73, 165.74, 246.0, 164.0]
rec: CALL.....................
text_instance: 4
bbox: [169, 177, 87, 27]
bezier_pts: [171.0, 184.0, 199.0, 181.67, 227.0, 179.33, 255.0, 177.0, 255.0, 196.0, 226.82, 201.48, 198.06, 203.47, 169.0, 203.0]
rec: 21616898.................
text_instance: 5
bbox: [163, 407, 32, 14]
bezier_pts: [165.0, 408.0, 174.0, 407.67, 183.0, 407.33, 192.0, 407.0, 194.0, 416.0, 184.04, 420.17, 173.78, 421.07, 163.0, 419.0]
rec: VISA.....................
text_instance: 6
bbox: [175, 374, 26, 14]
bezier_pts: [175.0, 376.0, 182.91, 372.58, 191.64, 373.31, 200.0, 375.0, 200.0, 386.0, 191.67, 386.33, 183.33, 386.67, 175.0, 387.0]
rec: MBF......................
text_instance: 7
bbox: [214, 150, 29, 20]
bezier_pts: [214.0, 153.0, 222.0, 152.4, 230.0, 147.84, 238.0, 152.0, 242.0, 166.0, 233.16, 168.38, 224.32, 169.06, 215.0, 168.0]
rec: P/S......................
text_instance: 8
bbox: [140, 185, 25, 21]
bezier_pts: [140.0, 187.0, 148.0, 186.33, 156.0, 185.67, 164.0, 185.0, 164.0, 203.0, 156.0, 203.67, 148.0, 204.33, 140.0, 205.0]
rec: 03.......................
text_instance: 9
bbox: [281, 5, 48, 14]
bezier_pts: [281.0, 5.0, 296.25, 4.52, 312.42, 6.42, 328.0, 6.0, 326.0, 15.0, 310.94, 17.64, 296.28, 17.75, 281.0, 16.0]
rec: ROBERT...................
text_instance: 10
bbox: [328, 2, 53, 20]
bezier_pts: [330.0, 2.0, 346.62, 1.53, 362.64, 2.99, 380.0, 5.0, 380.0, 16.0, 362.67, 17.67, 345.33, 19.33, 328.0, 21.0]
rec: JSTEINER.................
text_instance: 11
bbox: [7, 573, 7, 6]
bezier_pts: [9.0, 573.0, 10.33, 573.0, 11.67, 573.0, 13.0, 573.0, 13.0, 577.0, 11.25, 578.64, 8.82, 578.41, 7.0, 577.0]
rec: C........................
text_instance: 12
bbox: [16, 571, 27, 9]
bezier_pts: [17.0, 571.0, 25.33, 571.0, 33.67, 571.0, 42.0, 571.0, 41.0, 579.0, 32.67, 578.33, 24.33, 577.67, 16.0, 577.0]
rec: 2007.....................
text_instance: 13
bbox: [48, 571, 38, 10]
bezier_pts: [48.0, 571.0, 59.67, 571.0, 71.33, 571.0, 83.0, 571.0, 85.0, 579.0, 72.24, 580.53, 60.67, 580.48, 48.0, 579.0]
rec: Robert...................
text_instance: 14
bbox: [87, 571, 49, 9]
bezier_pts: [88.0, 571.0, 103.67, 571.0, 119.33, 571.0, 135.0, 571.0, 135.0, 579.0, 119.04, 578.84, 102.73, 579.61, 87.0, 578.0]
rec: J.Steiner................
