text_instance: 0
bbox: [362, 188, 103, 42]
bezier_pts: [362.0, 188.0, 396.0, 188.0, 430.0, 188.0, 464.0, 188.0, 464.0, 228.0, 430.0, 228.0, 396.0, 228.0, 362.0, 228.0]
rec: PARk.....................
text_instance: 1
bbox: [366, 276, 101, 40]
bezier_pts: [366.0, 276.0, 399.33, 276.0, 432.67, 276.0, 466.0, 276.0, 466.0, 315.0, 432.67, 315.0, 399.33, 315.0, 366.0, 315.0]
rec: PARK.....................
text_instance: 2
bbox: [367, 362, 101, 41]
bezier_pts: [367.0, 362.0, 400.33, 362.0, 433.67, 362.0, 467.0, 362.0, 467.0, 401.0, 433.67, 401.0, 400.33, 401.0, 367.0, 401.0]
rec: PARK.....................
text_instance: 3
bbox: [515, 4, 110, 59]
bezier_pts: [515.0, 4.0, 551.33, 4.0, 587.67, 4.0, 624.0, 4.0, 624.0, 61.0, 586.47, 61.27, 550.35, 61.13, 515.0, 61.0]
rec: HOSP.....................
text_instance: 4
bbox: [276, 189, 77, 40]
bezier_pts: [276.0, 189.0, 301.33, 189.0, 326.67, 189.0, 352.0, 189.0, 352.0, 227.0, 326.67, 227.0, 301.33, 227.0, 276.0, 227.0]
rec: CAR......................
text_instance: 5
bbox: [370, 445, 95, 44]
bezier_pts: [370.0, 445.0, 401.33, 445.0, 432.67, 445.0, 464.0, 445.0, 464.0, 486.0, 432.67, 486.0, 401.33, 486.0, 370.0, 486.0]
rec: PARK.....................
text_instance: 6
bbox: [283, 447, 74, 41]
bezier_pts: [283.0, 447.0, 307.33, 447.0, 331.67, 447.0, 356.0, 447.0, 356.0, 487.0, 331.67, 487.0, 307.33, 487.0, 283.0, 487.0]
rec: CAR......................
text_instance: 7
bbox: [279, 362, 79, 42]
bezier_pts: [279.0, 362.0, 305.0, 362.0, 331.0, 362.0, 357.0, 362.0, 357.0, 402.0, 330.32, 402.49, 305.87, 402.42, 279.0, 402.0]
rec: CAR......................
text_instance: 8
bbox: [280, 277, 76, 39]
bezier_pts: [280.0, 277.0, 305.0, 277.0, 330.0, 277.0, 355.0, 277.0, 355.0, 315.0, 330.0, 315.0, 305.0, 315.0, 280.0, 315.0]
rec: CAR......................
text_instance: 9
bbox: [295, 1, 213, 61]
bezier_pts: [295.0, 1.0, 365.67, 1.0, 436.33, 1.0, 507.0, 1.0, 507.0, 60.0, 436.33, 60.0, 365.67, 60.0, 295.0, 60.0]
rec: ASSUNTA..................
text_instance: 10
bbox: [139, 355, 87, 61]
bezier_pts: [139.0, 355.0, 167.67, 355.0, 196.33, 355.0, 225.0, 355.0, 225.0, 414.0, 196.33, 414.0, 167.67, 414.0, 139.0, 414.0]
rec: P5.......................
text_instance: 11
bbox: [141, 443, 90, 56]
bezier_pts: [141.0, 443.0, 170.67, 443.0, 200.33, 443.0, 230.0, 443.0, 230.0, 496.0, 200.98, 498.08, 170.39, 496.48, 141.0, 496.0]
rec: P4.......................
text_instance: 12
bbox: [137, 267, 92, 60]
bezier_pts: [137.0, 267.0, 167.33, 267.0, 197.67, 267.0, 228.0, 267.0, 228.0, 324.0, 198.0, 326.28, 167.43, 326.52, 137.0, 324.0]
rec: P6.......................
text_instance: 13
bbox: [132, 173, 95, 64]
bezier_pts: [132.0, 173.0, 163.33, 173.0, 194.67, 173.0, 226.0, 173.0, 226.0, 236.0, 194.67, 236.0, 163.33, 236.0, 132.0, 236.0]
rec: P7.......................
text_instance: 14
bbox: [166, 32, 39, 46]
bezier_pts: [166.0, 72.0, 176.86, 55.89, 168.56, 36.83, 199.0, 32.0, 204.0, 45.0, 188.43, 50.04, 185.02, 63.53, 179.0, 77.0]
rec: ASSUNTA..................
text_instance: 15
bbox: [203, 32, 41, 47]
bezier_pts: [208.0, 32.0, 231.11, 36.67, 248.35, 50.97, 242.0, 77.0, 231.0, 78.0, 236.68, 58.43, 217.33, 51.41, 203.0, 43.0]
rec: HOSPITAL.................
text_instance: 16
bbox: [179, 88, 53, 24]
bezier_pts: [185.0, 88.0, 195.37, 97.64, 217.22, 103.22, 224.0, 89.0, 231.0, 100.0, 215.23, 114.77, 194.21, 114.21, 179.0, 101.0]
rec: FIDELITY.................
text_instance: 17
bbox: [393, 88, 234, 59]
bezier_pts: [396.0, 88.0, 472.33, 88.33, 548.67, 88.67, 625.0, 89.0, 626.0, 142.0, 548.68, 145.21, 470.2, 146.09, 393.0, 144.0]
rec: DIRECTORY................
