text_instance: 0
bbox: [390, 396, 142, 81]
bezier_pts: [390.0, 440.0, 434.07, 424.13, 478.74, 384.73, 531.0, 397.0, 526.0, 430.0, 487.33, 445.33, 448.67, 460.67, 410.0, 476.0]
rec: DONT.....................
text_instance: 1
bbox: [551, 395, 125, 82]
bezier_pts: [556.0, 395.0, 596.23, 398.51, 649.74, 394.67, 675.0, 434.0, 652.0, 476.0, 618.33, 462.0, 584.67, 448.0, 551.0, 434.0]
rec: PANIC....................
text_instance: 2
bbox: [350, 560, 101, 93]
bezier_pts: [376.0, 560.0, 400.67, 576.67, 425.33, 593.33, 450.0, 610.0, 442.0, 652.0, 398.87, 651.03, 373.07, 620.11, 350.0, 587.0]
rec: ITS......................
text_instance: 3
bbox: [462, 570, 235, 96]
bezier_pts: [468.0, 612.0, 529.69, 595.58, 603.54, 616.21, 655.0, 570.0, 696.0, 602.0, 637.45, 667.63, 542.27, 661.49, 462.0, 665.0]
rec: ORGANIC..................
