text_instance: 0
bbox: [628, 124, 241, 105]
bezier_pts: [628.0, 124.0, 714.75, 119.16, 797.22, 147.89, 868.0, 190.0, 856.0, 228.0, 796.37, 180.59, 727.23, 145.48, 646.0, 168.0]
rec: MILLENNIA................
text_instance: 1
bbox: [629, 349, 181, 76]
bezier_pts: [631.0, 349.0, 693.63, 360.01, 751.38, 370.78, 809.0, 393.0, 803.0, 424.0, 745.0, 413.0, 687.0, 402.0, 629.0, 391.0]
rec: Pioneering...............
text_instance: 2
bbox: [820, 393, 125, 61]
bezier_pts: [820.0, 393.0, 861.0, 402.0, 902.0, 411.0, 943.0, 420.0, 944.0, 453.0, 902.57, 448.96, 861.32, 441.6, 820.0, 433.0]
rec: Lifestyle................
