text_instance: 0
bbox: [403, 125, 141, 50]
bezier_pts: [403.0, 125.0, 447.93, 130.55, 495.79, 143.5, 543.0, 139.0, 543.0, 172.0, 499.65, 172.39, 456.04, 174.17, 412.0, 172.0]
rec: POTATO...................
text_instance: 1
bbox: [501, 413, 45, 16]
bezier_pts: [501.0, 413.0, 515.67, 413.0, 530.33, 413.0, 545.0, 413.0, 545.0, 427.0, 530.42, 428.69, 515.18, 428.54, 501.0, 427.0]
rec: POTATO...................
text_instance: 2
bbox: [208, 57, 43, 22]
bezier_pts: [208.0, 57.0, 222.0, 57.0, 236.0, 57.0, 250.0, 57.0, 250.0, 78.0, 236.0, 78.0, 222.0, 78.0, 208.0, 78.0]
rec: DELL.....................
text_instance: 3
bbox: [59, 281, 81, 33]
bezier_pts: [59.0, 281.0, 83.84, 277.66, 117.73, 309.92, 139.0, 281.0, 139.0, 312.0, 111.39, 297.45, 88.26, 319.21, 59.0, 312.0]
rec: glico....................
text_instance: 4
bbox: [441, 116, 103, 20]
bezier_pts: [442.0, 119.0, 474.67, 117.55, 508.89, 116.74, 542.0, 117.0, 543.0, 134.0, 509.0, 134.0, 475.0, 134.0, 441.0, 134.0]
rec: MISTER...................
text_instance: 5
bbox: [504, 398, 41, 16]
bezier_pts: [504.0, 398.0, 517.33, 398.0, 530.67, 398.0, 544.0, 398.0, 544.0, 412.0, 530.67, 412.0, 517.33, 412.0, 504.0, 412.0]
rec: SWEET....................
text_instance: 6
bbox: [90, 388, 254, 110]
bezier_pts: [90.0, 414.0, 176.64, 427.05, 257.25, 353.6, 343.0, 416.0, 298.0, 497.0, 247.92, 466.09, 188.87, 478.95, 137.0, 497.0]
rec: Pocky....................
text_instance: 7
bbox: [500, 172, 47, 19]
bezier_pts: [500.0, 173.0, 515.43, 169.53, 530.94, 176.18, 546.0, 175.0, 543.0, 187.0, 528.67, 187.0, 514.33, 187.0, 500.0, 187.0]
rec: Crisps...................
text_instance: 8
bbox: [399, 205, 144, 62]
bezier_pts: [418.0, 206.0, 453.13, 239.89, 502.08, 228.84, 538.0, 205.0, 542.0, 252.0, 495.35, 271.44, 443.26, 275.42, 399.0, 243.0]
rec: SWEET....................
text_instance: 9
bbox: [395, 257, 146, 60]
bezier_pts: [409.0, 257.0, 446.56, 279.19, 492.42, 279.59, 530.0, 262.0, 540.0, 306.0, 491.44, 317.88, 438.55, 321.97, 395.0, 292.0]
rec: POTATO...................
text_instance: 10
bbox: [375, 371, 57, 37]
bezier_pts: [379.0, 371.0, 396.0, 374.0, 413.0, 377.0, 430.0, 380.0, 431.0, 407.0, 412.4, 404.93, 393.39, 402.18, 375.0, 396.0]
rec: SOOO.....................
text_instance: 11
bbox: [373, 397, 108, 33]
bezier_pts: [376.0, 397.0, 406.74, 412.39, 445.76, 415.49, 480.0, 409.0, 479.0, 429.0, 443.32, 428.43, 407.81, 424.56, 373.0, 418.0]
rec: GLAMOROUS................
