text_instance: 0
bbox: [345, 382, 68, 135]
bezier_pts: [367.0, 516.0, 349.33, 472.49, 336.54, 426.72, 351.0, 382.0, 403.0, 391.0, 389.01, 428.43, 399.61, 464.31, 412.0, 498.0]
rec: YOUR.....................
text_instance: 1
bbox: [349, 235, 153, 147]
bezier_pts: [349.0, 357.0, 371.08, 295.86, 429.08, 263.79, 480.0, 235.0, 501.0, 289.0, 452.72, 299.78, 418.84, 336.6, 399.0, 381.0]
rec: TABLE....................
text_instance: 2
bbox: [505, 228, 84, 55]
bezier_pts: [505.0, 231.0, 532.67, 230.0, 560.33, 229.0, 588.0, 228.0, 577.0, 280.0, 556.0, 280.67, 535.0, 281.33, 514.0, 282.0]
rec: NO.......................
text_instance: 3
bbox: [609, 244, 151, 177]
bezier_pts: [628.0, 244.0, 706.47, 264.75, 743.99, 325.25, 759.0, 405.0, 715.0, 420.0, 703.34, 361.85, 668.3, 308.62, 609.0, 292.0]
rec: PLEASE...................
text_instance: 4
bbox: [405, 334, 283, 244]
bezier_pts: [405.0, 391.0, 478.0, 372.0, 551.0, 353.0, 624.0, 334.0, 687.0, 520.0, 616.33, 539.0, 545.67, 558.0, 475.0, 577.0]
rec: 11.......................
text_instance: 5
bbox: [411, 538, 92, 76]
bezier_pts: [435.0, 538.0, 457.33, 549.67, 479.67, 561.33, 502.0, 573.0, 477.0, 613.0, 455.0, 599.0, 433.0, 585.0, 411.0, 571.0]
rec: NO.......................
text_instance: 6
bbox: [508, 559, 150, 63]
bezier_pts: [513.0, 570.0, 554.07, 590.79, 593.75, 589.11, 628.0, 559.0, 657.0, 600.0, 611.85, 617.39, 557.71, 631.26, 508.0, 613.0]
rec: MEJA.....................
text_instance: 7
bbox: [645, 466, 115, 127]
bezier_pts: [645.0, 555.0, 673.0, 526.12, 704.38, 514.54, 700.0, 466.0, 759.0, 471.0, 747.45, 520.72, 712.17, 562.08, 672.0, 592.0]
rec: ANDA.....................
