text_instance: 0
bbox: [248, 252, 278, 205]
bezier_pts: [248.0, 356.0, 319.03, 270.51, 430.87, 270.32, 525.0, 252.0, 523.0, 355.0, 438.91, 358.81, 357.47, 397.24, 301.0, 456.0]
rec: JAZZ.....................
text_instance: 1
bbox: [519, 252, 198, 189]
bezier_pts: [581.0, 252.0, 636.33, 281.77, 691.49, 316.14, 716.0, 377.0, 625.0, 440.0, 602.26, 401.43, 559.56, 371.66, 519.0, 355.0]
rec: INN......................
text_instance: 2
bbox: [329, 369, 139, 102]
bezier_pts: [329.0, 451.0, 358.23, 394.67, 408.75, 392.03, 461.0, 369.0, 467.0, 411.0, 425.18, 415.1, 388.31, 435.94, 361.0, 470.0]
rec: COFFEE...................
text_instance: 3
bbox: [500, 372, 102, 88]
bezier_pts: [516.0, 372.0, 548.19, 383.5, 583.41, 402.68, 601.0, 434.0, 561.0, 459.0, 554.16, 431.02, 524.03, 421.36, 500.0, 415.0]
rec: JAZZ.....................
text_instance: 4
bbox: [287, 507, 390, 142]
bezier_pts: [288.0, 523.0, 417.33, 517.67, 546.67, 512.33, 676.0, 507.0, 673.0, 644.0, 544.33, 644.67, 415.67, 645.33, 287.0, 646.0]
rec: PONTO....................
