text_instance: 0
bbox: [233, 147, 338, 161]
bezier_pts: [233.0, 293.0, 299.74, 96.38, 504.59, 98.31, 570.0, 298.0, 523.0, 307.0, 465.62, 139.84, 340.88, 158.81, 273.0, 302.0]
rec: MARGHERITA...............
text_instance: 1
bbox: [248, 383, 103, 96]
bezier_pts: [271.0, 383.0, 297.33, 404.67, 323.67, 426.33, 350.0, 448.0, 341.0, 478.0, 298.42, 472.63, 263.53, 448.53, 248.0, 406.0]
rec: SAINT....................
text_instance: 2
bbox: [376, 385, 169, 106]
bezier_pts: [376.0, 459.0, 432.94, 457.32, 489.69, 444.17, 518.0, 385.0, 544.0, 400.0, 508.77, 462.78, 443.6, 489.52, 377.0, 490.0]
rec: GERMAIN..................
