text_instance: 0
bbox: [205, 501, 145, 35]
bezier_pts: [207.0, 501.0, 253.3, 516.47, 301.38, 517.57, 349.0, 508.0, 348.0, 535.0, 301.44, 535.58, 252.9, 535.42, 205.0, 532.0]
rec: SCHDEIDER................
text_instance: 1
bbox: [225, 528, 100, 34]
bezier_pts: [225.0, 528.0, 257.0, 530.33, 289.0, 532.67, 321.0, 535.0, 324.0, 559.0, 292.0, 559.67, 260.0, 560.33, 228.0, 561.0]
rec: WEISSE...................
text_instance: 2
bbox: [167, 575, 105, 39]
bezier_pts: [172.0, 584.0, 200.24, 597.85, 235.11, 594.43, 261.0, 575.0, 271.0, 596.0, 236.9, 604.59, 202.39, 610.29, 167.0, 613.0]
rec: Schneider................
text_instance: 3
bbox: [285, 560, 68, 35]
bezier_pts: [290.0, 562.0, 311.43, 560.54, 331.02, 559.04, 352.0, 561.0, 343.0, 582.0, 323.67, 586.0, 304.33, 590.0, 285.0, 594.0]
rec: Sahn.....................
text_instance: 4
bbox: [131, 567, 39, 44]
bezier_pts: [135.0, 567.0, 146.33, 571.67, 157.67, 576.33, 169.0, 581.0, 167.0, 610.0, 153.68, 607.81, 141.77, 602.5, 131.0, 595.0]
rec: G........................
