text_instance: 0
bbox: [35, 283, 364, 178]
bezier_pts: [35.0, 394.0, 138.02, 329.5, 244.46, 293.82, 362.0, 283.0, 398.0, 340.0, 285.85, 380.93, 175.07, 420.9, 65.0, 460.0]
rec: NARA.....................
text_instance: 1
bbox: [452, 263, 252, 75]
bezier_pts: [452.0, 271.0, 535.37, 260.3, 616.32, 265.17, 703.0, 273.0, 701.0, 337.0, 618.67, 335.0, 536.33, 333.0, 454.0, 331.0]
rec: LINE.....................
text_instance: 2
bbox: [768, 291, 357, 199]
bezier_pts: [777.0, 291.0, 900.89, 327.07, 1017.19, 368.78, 1124.0, 441.0, 1101.0, 489.0, 997.82, 423.78, 886.04, 368.35, 768.0, 341.0]
rec: HOUSE....................
text_instance: 3
bbox: [1107, 664, 68, 52]
bezier_pts: [1107.0, 673.0, 1127.0, 670.0, 1147.0, 667.0, 1167.0, 664.0, 1174.0, 710.0, 1153.36, 712.72, 1133.07, 715.7, 1113.0, 715.0]
rec: KI.......................
text_instance: 4
bbox: [1188, 660, 93, 51]
bezier_pts: [1188.0, 664.0, 1215.61, 658.27, 1245.62, 658.55, 1275.0, 664.0, 1280.0, 708.0, 1250.67, 710.74, 1221.33, 710.74, 1192.0, 708.0]
rec: CH.......................
text_instance: 5
bbox: [1116, 721, 127, 19]
bezier_pts: [1116.0, 729.0, 1156.78, 722.98, 1197.85, 722.41, 1241.0, 721.0, 1242.0, 732.0, 1200.33, 734.33, 1158.67, 736.67, 1117.0, 739.0]
rec: RELAX....................
text_instance: 6
bbox: [537, 658, 66, 11]
bezier_pts: [537.0, 659.0, 557.8, 657.14, 579.85, 657.26, 601.0, 659.0, 602.0, 667.0, 580.33, 667.0, 558.67, 667.0, 537.0, 667.0]
rec: Bus Information..........
text_instance: 7
bbox: [479, 662, 13, 24]
bezier_pts: [480.0, 662.0, 483.33, 662.33, 486.67, 662.67, 490.0, 663.0, 491.0, 683.0, 487.32, 684.62, 482.89, 683.83, 479.0, 684.0]
rec: i........................
