text_instance: 0
bbox: [341, 433, 89, 63]
bezier_pts: [343.0, 433.0, 370.0, 436.33, 397.0, 439.67, 424.0, 443.0, 429.0, 495.0, 399.67, 492.0, 370.33, 489.0, 341.0, 486.0]
rec: SEKOLAH..................
text_instance: 1
bbox: [430, 442, 60, 56]
bezier_pts: [430.0, 442.0, 448.33, 443.67, 466.67, 445.33, 485.0, 447.0, 489.0, 497.0, 471.67, 496.67, 454.33, 496.33, 437.0, 496.0]
rec: JENIS....................
text_instance: 2
bbox: [488, 448, 123, 61]
bezier_pts: [488.0, 448.0, 526.33, 453.0, 564.67, 458.0, 603.0, 463.0, 610.0, 508.0, 569.66, 505.74, 531.68, 503.59, 493.0, 499.0]
rec: KEBANGSAAN...............
text_instance: 3
bbox: [613, 462, 45, 53]
bezier_pts: [613.0, 462.0, 627.67, 464.33, 642.33, 466.67, 657.0, 469.0, 657.0, 514.0, 644.17, 512.34, 632.5, 511.95, 620.0, 510.0]
rec: CINA.....................
text_instance: 4
bbox: [659, 466, 43, 51]
bezier_pts: [659.0, 466.0, 672.33, 467.33, 685.67, 468.67, 699.0, 470.0, 701.0, 516.0, 687.71, 514.99, 674.13, 514.86, 661.0, 511.0]
rec: YUK......................
text_instance: 5
bbox: [698, 475, 47, 51]
bezier_pts: [698.0, 475.0, 710.67, 475.67, 723.33, 476.33, 736.0, 477.0, 744.0, 525.0, 730.67, 523.67, 717.33, 522.33, 704.0, 521.0]
rec: CHAI.....................
text_instance: 6
bbox: [200, 337, 41, 19]
bezier_pts: [202.0, 337.0, 214.0, 338.33, 226.0, 339.67, 238.0, 341.0, 240.0, 354.0, 226.67, 355.23, 213.33, 354.3, 200.0, 351.0]
rec: SJKC.....................
text_instance: 7
bbox: [240, 343, 29, 17]
bezier_pts: [240.0, 343.0, 249.59, 342.71, 258.02, 343.43, 267.0, 347.0, 268.0, 359.0, 259.33, 357.67, 250.67, 356.33, 242.0, 355.0]
rec: YUK......................
text_instance: 8
bbox: [271, 346, 34, 19]
bezier_pts: [271.0, 346.0, 280.97, 347.78, 291.8, 347.09, 302.0, 350.0, 304.0, 364.0, 293.33, 362.67, 282.67, 361.33, 272.0, 360.0]
rec: CHAI.....................
text_instance: 9
bbox: [196, 459, 37, 35]
bezier_pts: [200.0, 459.0, 210.67, 467.0, 221.33, 475.0, 232.0, 483.0, 227.0, 493.0, 215.94, 486.47, 205.03, 479.61, 196.0, 470.0]
rec: TAMAN....................
text_instance: 10
bbox: [230, 483, 34, 26]
bezier_pts: [232.0, 483.0, 242.33, 487.0, 252.67, 491.0, 263.0, 495.0, 263.0, 508.0, 251.32, 504.69, 239.88, 500.9, 230.0, 494.0]
rec: MEGAH....................
text_instance: 11
bbox: [265, 484, 46, 24]
bezier_pts: [265.0, 496.0, 278.0, 492.0, 291.0, 488.0, 304.0, 484.0, 310.0, 494.0, 296.31, 501.03, 281.53, 505.6, 266.0, 507.0]
rec: PETALING.................
text_instance: 12
bbox: [303, 472, 28, 21]
bezier_pts: [303.0, 483.0, 308.67, 479.33, 314.33, 475.67, 320.0, 472.0, 330.0, 478.0, 323.83, 483.53, 317.31, 489.37, 309.0, 492.0]
rec: JAYA.....................
text_instance: 13
bbox: [422, 514, 40, 20]
bezier_pts: [422.0, 514.0, 435.0, 516.0, 448.0, 518.0, 461.0, 520.0, 459.0, 533.0, 446.67, 532.33, 434.33, 531.67, 422.0, 531.0]
rec: Jalan....................
text_instance: 14
bbox: [461, 518, 50, 21]
bezier_pts: [461.0, 518.0, 477.33, 518.67, 493.67, 519.33, 510.0, 520.0, 506.0, 538.0, 491.33, 537.0, 476.67, 536.0, 462.0, 535.0]
rec: SS24/1...................
text_instance: 15
bbox: [510, 522, 42, 18]
bezier_pts: [512.0, 522.0, 524.33, 522.67, 536.67, 523.33, 549.0, 524.0, 551.0, 538.0, 537.03, 539.7, 523.7, 539.69, 510.0, 537.0]
rec: 47301....................
text_instance: 16
bbox: [553, 524, 51, 23]
bezier_pts: [553.0, 524.0, 569.1, 525.55, 587.12, 525.38, 603.0, 531.0, 602.0, 546.0, 585.52, 545.08, 568.85, 542.62, 553.0, 541.0]
rec: Petaling.................
text_instance: 17
bbox: [598, 527, 41, 26]
bezier_pts: [598.0, 527.0, 609.67, 529.67, 621.33, 532.33, 633.0, 535.0, 638.0, 552.0, 626.0, 550.33, 614.0, 548.67, 602.0, 547.0]
rec: Jaya.....................
text_instance: 18
bbox: [635, 529, 57, 25]
bezier_pts: [636.0, 529.0, 654.33, 531.33, 672.67, 533.67, 691.0, 536.0, 690.0, 553.0, 671.14, 553.57, 652.72, 551.42, 635.0, 547.0]
rec: Selangor.................
