text_instance: 0
bbox: [486, 287, 437, 161]
bezier_pts: [486.0, 389.0, 610.61, 238.0, 799.08, 242.24, 922.0, 399.0, 884.0, 447.0, 781.89, 320.2, 642.61, 306.6, 529.0, 433.0]
rec: PROVINCIAL...............
text_instance: 1
bbox: [430, 619, 283, 223]
bezier_pts: [488.0, 619.0, 525.55, 707.56, 611.49, 771.52, 706.0, 779.0, 712.0, 841.0, 588.53, 838.51, 475.69, 773.03, 430.0, 651.0]
rec: MARINE...................
text_instance: 2
bbox: [766, 631, 201, 197]
bezier_pts: [766.0, 765.0, 843.77, 750.81, 876.76, 688.87, 911.0, 631.0, 966.0, 663.0, 929.6, 734.17, 872.67, 797.4, 794.0, 827.0]
rec: PARK.....................
text_instance: 3
bbox: [534, 935, 323, 91]
bezier_pts: [534.0, 935.0, 641.33, 935.67, 748.67, 936.33, 856.0, 937.0, 852.0, 1017.0, 748.32, 1022.23, 642.95, 1024.81, 538.0, 1025.0]
rec: SANDY....................
text_instance: 4
bbox: [528, 1107, 357, 88]
bezier_pts: [528.0, 1107.0, 646.03, 1111.23, 762.62, 1105.44, 878.0, 1115.0, 884.0, 1193.0, 769.42, 1194.18, 653.02, 1193.07, 538.0, 1189.0]
rec: ISLAND...................
