text_instance: 0
bbox: [335, 276, 38, 53]
bezier_pts: [335.0, 276.0, 347.33, 276.0, 359.67, 276.0, 372.0, 276.0, 372.0, 328.0, 359.67, 328.0, 347.33, 328.0, 335.0, 328.0]
rec: ICE......................
text_instance: 1
bbox: [61, 291, 92, 52]
bezier_pts: [61.0, 312.0, 89.63, 297.7, 121.26, 290.65, 152.0, 291.0, 149.0, 323.0, 119.55, 319.79, 89.8, 331.07, 64.0, 342.0]
rec: SEREMBAN.................
text_instance: 2
bbox: [155, 292, 34, 37]
bezier_pts: [155.0, 293.0, 165.91, 291.11, 177.21, 290.53, 188.0, 294.0, 186.0, 328.0, 175.67, 326.33, 165.33, 324.67, 155.0, 323.0]
rec: ICE......................
text_instance: 3
bbox: [192, 296, 51, 46]
bezier_pts: [195.0, 296.0, 210.52, 297.4, 227.17, 302.93, 242.0, 308.0, 239.0, 341.0, 223.33, 336.33, 207.67, 331.67, 192.0, 327.0]
rec: CUBE.....................
text_instance: 4
bbox: [115, 334, 73, 60]
bezier_pts: [115.0, 334.0, 139.0, 335.0, 163.0, 336.0, 187.0, 337.0, 185.0, 393.0, 161.67, 391.67, 138.33, 390.33, 115.0, 389.0]
rec: ICE......................
text_instance: 5
bbox: [434, 211, 55, 42]
bezier_pts: [436.0, 215.0, 451.38, 211.95, 466.04, 210.81, 482.0, 212.0, 488.0, 248.0, 470.49, 251.29, 452.19, 252.17, 434.0, 251.0]
rec: ZA.......................
text_instance: 6
bbox: [429, 263, 27, 20]
bezier_pts: [430.0, 265.0, 437.72, 263.67, 446.74, 262.01, 455.0, 264.0, 453.0, 280.0, 445.01, 281.57, 437.0, 280.85, 429.0, 281.0]
rec: NASI.....................
text_instance: 7
bbox: [458, 261, 42, 22]
bezier_pts: [458.0, 261.0, 471.67, 261.0, 485.33, 261.0, 499.0, 261.0, 498.0, 281.0, 484.67, 280.86, 471.33, 281.57, 458.0, 280.0]
rec: CAMPUR...................
text_instance: 8
bbox: [439, 282, 44, 18]
bezier_pts: [441.0, 283.0, 453.83, 283.59, 469.31, 280.86, 482.0, 284.0, 481.0, 296.0, 467.0, 297.0, 453.0, 298.0, 439.0, 299.0]
rec: BUKA.....................
text_instance: 9
bbox: [64, 401, 26, 26]
bezier_pts: [66.0, 402.0, 72.26, 402.63, 78.95, 400.13, 85.0, 403.0, 89.0, 424.0, 80.81, 425.68, 72.43, 425.67, 64.0, 424.0]
rec: TEL......................
text_instance: 10
bbox: [96, 399, 20, 28]
bezier_pts: [97.0, 399.0, 102.67, 400.0, 108.33, 401.0, 114.0, 402.0, 115.0, 426.0, 108.8, 426.15, 102.2, 425.9, 96.0, 424.0]
rec: 06.......................
text_instance: 11
bbox: [122, 403, 60, 32]
bezier_pts: [124.0, 403.0, 142.33, 404.0, 160.67, 405.0, 179.0, 406.0, 181.0, 434.0, 161.33, 432.33, 141.67, 430.67, 122.0, 429.0]
rec: 7642016..................
text_instance: 12
bbox: [185, 408, 71, 33]
bezier_pts: [185.0, 408.0, 207.95, 410.23, 231.16, 407.69, 255.0, 412.0, 251.0, 438.0, 229.4, 438.25, 206.64, 436.18, 185.0, 435.0]
rec: 7645488..................
