text_instance: 0
bbox: [233, 6, 150, 43]
bezier_pts: [233.0, 6.0, 282.67, 6.0, 332.33, 6.0, 382.0, 6.0, 382.0, 48.0, 332.33, 48.0, 282.67, 48.0, 233.0, 48.0]
rec: Newspapers...............
text_instance: 1
bbox: [9, 3, 112, 42]
bezier_pts: [9.0, 3.0, 46.0, 3.33, 83.0, 3.67, 120.0, 4.0, 120.0, 44.0, 83.33, 41.33, 46.67, 38.67, 10.0, 36.0]
rec: Greeting.................
text_instance: 2
bbox: [200, 46, 155, 49]
bezier_pts: [209.0, 46.0, 261.47, 34.33, 297.15, 81.66, 351.0, 63.0, 354.0, 94.0, 302.67, 93.0, 251.33, 92.0, 200.0, 91.0]
rec: hardware.................
text_instance: 3
bbox: [131, 3, 83, 38]
bezier_pts: [132.0, 3.0, 159.0, 3.67, 186.0, 4.33, 213.0, 5.0, 213.0, 39.0, 185.67, 39.33, 158.33, 39.67, 131.0, 40.0]
rec: Cards....................
text_instance: 4
bbox: [203, 110, 88, 38]
bezier_pts: [203.0, 110.0, 232.0, 110.0, 261.0, 110.0, 290.0, 110.0, 290.0, 147.0, 261.0, 147.0, 232.0, 147.0, 203.0, 147.0]
rec: items....................
text_instance: 5
bbox: [88, 106, 88, 41]
bezier_pts: [88.0, 106.0, 117.0, 106.0, 146.0, 106.0, 175.0, 106.0, 175.0, 146.0, 146.0, 146.0, 117.0, 146.0, 88.0, 146.0]
rec: other....................
text_instance: 6
bbox: [7, 50, 90, 39]
bezier_pts: [7.0, 50.0, 36.67, 50.0, 66.33, 50.0, 96.0, 50.0, 96.0, 88.0, 66.33, 88.0, 36.67, 88.0, 7.0, 88.0]
rec: Coffee...................
text_instance: 7
bbox: [1, 99, 71, 54]
bezier_pts: [1.0, 99.0, 24.33, 99.0, 47.67, 99.0, 71.0, 99.0, 71.0, 152.0, 47.67, 152.0, 24.33, 152.0, 1.0, 152.0]
rec: Many.....................
text_instance: 8
bbox: [140, 234, 231, 100]
bezier_pts: [140.0, 259.0, 210.79, 225.48, 294.25, 237.27, 370.0, 237.0, 367.0, 311.0, 300.44, 297.2, 226.43, 299.89, 166.0, 333.0]
rec: PURE.....................
text_instance: 9
bbox: [391, 237, 206, 195]
bezier_pts: [415.0, 237.0, 484.0, 270.51, 550.79, 311.71, 596.0, 376.0, 538.0, 431.0, 504.0, 376.27, 447.81, 342.83, 391.0, 311.0]
rec: RICH.....................
text_instance: 10
bbox: [210, 748, 176, 45]
bezier_pts: [219.0, 757.0, 270.98, 767.72, 336.43, 789.53, 383.0, 748.0, 385.0, 777.0, 329.47, 804.67, 265.09, 792.73, 210.0, 782.0]
rec: TRADEMARK................
text_instance: 11
bbox: [434, 163, 89, 62]
bezier_pts: [434.0, 163.0, 469.5, 152.02, 486.51, 193.9, 521.0, 184.0, 522.0, 214.0, 493.0, 216.67, 464.0, 219.33, 435.0, 222.0]
rec: THE......................
text_instance: 12
bbox: [568, 283, 206, 95]
bezier_pts: [572.0, 284.0, 639.0, 283.67, 706.0, 283.33, 773.0, 283.0, 750.0, 377.0, 684.84, 391.99, 636.62, 332.03, 568.0, 347.0]
rec: Company..................
text_instance: 13
bbox: [763, 230, 144, 83]
bezier_pts: [763.0, 230.0, 810.67, 232.67, 858.33, 235.33, 906.0, 238.0, 868.0, 312.0, 829.92, 300.7, 802.84, 271.61, 764.0, 283.0]
rec: DaIry....................
text_instance: 14
bbox: [574, 369, 273, 180]
bezier_pts: [574.0, 486.0, 650.33, 447.0, 726.67, 408.0, 803.0, 369.0, 846.0, 435.0, 766.69, 473.06, 686.64, 512.38, 606.0, 548.0]
rec: THICK....................
text_instance: 15
bbox: [845, 257, 229, 161]
bezier_pts: [845.0, 358.0, 903.06, 316.82, 972.41, 289.38, 1037.0, 257.0, 1073.0, 323.0, 1006.0, 354.33, 939.0, 385.67, 872.0, 417.0]
rec: CREA.....................
text_instance: 16
bbox: [1056, 379, 80, 34]
bezier_pts: [1056.0, 379.0, 1082.0, 382.0, 1108.0, 385.0, 1134.0, 388.0, 1135.0, 411.0, 1108.43, 412.34, 1083.67, 412.33, 1057.0, 411.0]
rec: THIS.....................
text_instance: 17
bbox: [956, 421, 203, 38]
bezier_pts: [956.0, 421.0, 1023.0, 423.0, 1090.0, 425.0, 1157.0, 427.0, 1158.0, 458.0, 1090.67, 457.33, 1023.33, 456.67, 956.0, 456.0]
rec: DELICIOUS................
text_instance: 18
bbox: [843, 463, 136, 40]
bezier_pts: [847.0, 464.0, 890.29, 464.39, 936.24, 470.1, 978.0, 472.0, 976.0, 502.0, 931.67, 500.33, 887.33, 498.67, 843.0, 497.0]
rec: CREAM....................
text_instance: 19
bbox: [982, 471, 49, 25]
bezier_pts: [982.0, 473.0, 996.67, 470.89, 1011.34, 472.33, 1026.0, 472.0, 1030.0, 495.0, 1014.67, 494.33, 999.33, 493.67, 984.0, 493.0]
rec: willh....................
text_instance: 20
bbox: [1033, 469, 39, 25]
bezier_pts: [1033.0, 469.0, 1045.0, 470.67, 1057.0, 472.33, 1069.0, 474.0, 1071.0, 492.0, 1058.33, 492.0, 1045.67, 492.0, 1033.0, 492.0]
rec: be.......................
text_instance: 21
bbox: [1078, 469, 77, 25]
bezier_pts: [1078.0, 469.0, 1103.33, 469.33, 1128.67, 469.67, 1154.0, 470.0, 1154.0, 491.0, 1128.67, 493.74, 1103.33, 493.74, 1078.0, 491.0]
rec: found....................
text_instance: 22
bbox: [859, 506, 110, 27]
bezier_pts: [859.0, 507.0, 894.42, 504.75, 930.34, 506.63, 967.0, 508.0, 968.0, 531.0, 933.67, 532.12, 898.24, 531.35, 863.0, 529.0]
rec: IPERIOR..................
text_instance: 23
bbox: [971, 507, 29, 24]
bezier_pts: [971.0, 508.0, 979.59, 506.92, 989.56, 504.83, 997.0, 511.0, 999.0, 529.0, 990.79, 530.55, 981.2, 529.82, 973.0, 530.0]
rec: to.......................
text_instance: 24
bbox: [1004, 508, 49, 22]
bezier_pts: [1004.0, 509.0, 1020.0, 509.0, 1036.0, 509.0, 1052.0, 509.0, 1051.0, 527.0, 1035.67, 527.67, 1020.33, 528.33, 1005.0, 529.0]
rec: the......................
text_instance: 25
bbox: [1057, 508, 56, 23]
bezier_pts: [1058.0, 508.0, 1075.67, 508.33, 1093.33, 508.67, 1111.0, 509.0, 1112.0, 530.0, 1093.67, 529.33, 1075.33, 528.67, 1057.0, 528.0]
rec: best.....................
text_instance: 26
bbox: [783, 543, 123, 31]
bezier_pts: [783.0, 543.0, 824.05, 542.86, 860.05, 543.21, 901.0, 545.0, 905.0, 570.0, 866.24, 572.45, 826.17, 572.88, 786.0, 571.0]
rec: imported.................
text_instance: 27
bbox: [941, 544, 73, 28]
bezier_pts: [943.0, 544.0, 966.0, 544.0, 989.0, 544.0, 1012.0, 544.0, 1013.0, 569.0, 989.04, 570.87, 964.98, 570.52, 941.0, 568.0]
rec: being....................
text_instance: 28
bbox: [1022, 543, 135, 34]
bezier_pts: [1022.0, 547.0, 1066.67, 545.67, 1111.33, 544.33, 1156.0, 543.0, 1156.0, 571.0, 1112.92, 574.95, 1069.16, 575.56, 1025.0, 575.0]
rec: separated................
text_instance: 29
bbox: [727, 578, 162, 35]
bezier_pts: [729.0, 580.0, 779.96, 578.02, 837.46, 577.29, 888.0, 581.0, 887.0, 612.0, 833.67, 610.33, 780.33, 608.67, 727.0, 607.0]
rec: immediately..............
text_instance: 30
bbox: [892, 579, 27, 25]
bezier_pts: [893.0, 579.0, 901.48, 579.32, 910.04, 578.05, 918.0, 580.0, 917.0, 603.0, 908.67, 603.0, 900.33, 603.0, 892.0, 603.0]
rec: it.......................
text_instance: 31
bbox: [921, 583, 26, 22]
bezier_pts: [922.0, 583.0, 928.85, 583.34, 936.14, 582.04, 943.0, 584.0, 946.0, 603.0, 937.67, 603.33, 929.33, 603.67, 921.0, 604.0]
rec: is.......................
text_instance: 32
bbox: [953, 581, 85, 24]
bezier_pts: [955.0, 583.0, 981.67, 582.3, 1008.33, 578.38, 1035.0, 583.0, 1037.0, 603.0, 1009.0, 603.0, 981.0, 603.0, 953.0, 603.0]
rec: drawer...................
text_instance: 33
bbox: [1040, 577, 63, 28]
bezier_pts: [1041.0, 577.0, 1060.67, 578.33, 1080.33, 579.67, 1100.0, 581.0, 1102.0, 602.0, 1081.39, 604.78, 1060.54, 604.71, 1040.0, 602.0]
rec: from.....................
text_instance: 34
bbox: [677, 614, 57, 27]
bezier_pts: [677.0, 614.0, 696.56, 615.62, 714.64, 616.25, 733.0, 621.0, 732.0, 640.0, 713.67, 639.67, 695.33, 639.33, 677.0, 639.0]
rec: Cow......................
text_instance: 35
bbox: [739, 614, 45, 26]
bezier_pts: [739.0, 619.0, 753.33, 617.33, 767.67, 615.67, 782.0, 614.0, 783.0, 639.0, 769.33, 639.0, 755.67, 639.0, 742.0, 639.0]
rec: will.....................
text_instance: 36
bbox: [788, 616, 66, 31]
bezier_pts: [788.0, 616.0, 809.34, 615.22, 830.67, 618.0, 852.0, 619.0, 853.0, 646.0, 831.61, 644.3, 809.21, 641.57, 788.0, 639.0]
rec: keep.....................
text_instance: 37
bbox: [856, 617, 88, 23]
bezier_pts: [856.0, 617.0, 885.66, 617.38, 913.91, 615.74, 942.0, 618.0, 943.0, 634.0, 915.0, 638.19, 886.43, 639.62, 858.0, 638.0]
rec: SWEET....................
text_instance: 38
bbox: [946, 613, 114, 27]
bezier_pts: [946.0, 615.0, 983.0, 615.67, 1020.0, 616.33, 1057.0, 617.0, 1059.0, 637.0, 1022.35, 638.51, 984.62, 637.84, 949.0, 638.0]
rec: LONGER...................
text_instance: 39
bbox: [1110, 581, 46, 26]
bezier_pts: [1110.0, 583.0, 1125.0, 582.33, 1140.0, 581.67, 1155.0, 581.0, 1155.0, 606.0, 1140.0, 605.0, 1125.0, 604.0, 1110.0, 603.0]
rec: me.......................
text_instance: 40
bbox: [557, 656, 29, 18]
bezier_pts: [558.0, 657.0, 566.97, 655.61, 575.62, 654.24, 584.0, 658.0, 585.0, 671.0, 575.71, 672.81, 566.2, 674.01, 557.0, 672.0]
rec: TO.......................
text_instance: 41
bbox: [586, 656, 25, 17]
bezier_pts: [586.0, 657.0, 593.0, 657.0, 600.0, 657.0, 607.0, 657.0, 610.0, 672.0, 602.0, 672.0, 594.0, 672.0, 586.0, 672.0]
rec: BE.......................
text_instance: 42
bbox: [625, 655, 69, 20]
bezier_pts: [625.0, 658.0, 647.67, 657.0, 670.33, 656.0, 693.0, 655.0, 693.0, 674.0, 670.33, 674.0, 647.67, 674.0, 625.0, 674.0]
rec: BTAINED..................
text_instance: 43
bbox: [618, 680, 25, 18]
bezier_pts: [619.0, 681.0, 626.67, 681.0, 634.33, 681.0, 642.0, 681.0, 641.0, 696.0, 633.33, 696.33, 625.67, 696.67, 618.0, 697.0]
rec: AT.......................
text_instance: 44
bbox: [644, 679, 37, 20]
bezier_pts: [644.0, 680.0, 655.33, 680.0, 666.67, 680.0, 678.0, 680.0, 680.0, 697.0, 668.12, 697.76, 656.01, 697.49, 644.0, 696.0]
rec: THE......................
text_instance: 45
bbox: [799, 40, 102, 104]
bezier_pts: [799.0, 118.0, 826.0, 92.0, 853.0, 66.0, 880.0, 40.0, 900.0, 67.0, 874.43, 92.73, 848.27, 118.21, 822.0, 143.0]
rec: 123RF....................
text_instance: 46
bbox: [1167, 409, 96, 102]
bezier_pts: [1167.0, 488.0, 1194.0, 461.67, 1221.0, 435.33, 1248.0, 409.0, 1262.0, 440.0, 1238.64, 463.76, 1214.5, 486.93, 1189.0, 510.0]
rec: 123RF....................
text_instance: 47
bbox: [825, 775, 69, 71]
bezier_pts: [825.0, 827.0, 841.59, 806.76, 859.46, 789.95, 881.0, 775.0, 893.0, 807.0, 880.77, 821.44, 866.92, 834.26, 851.0, 845.0]
rec: 3RF......................
text_instance: 48
bbox: [89, 773, 73, 73]
bezier_pts: [89.0, 826.0, 108.33, 808.33, 127.67, 790.67, 147.0, 773.0, 161.0, 806.0, 148.07, 819.23, 132.87, 832.39, 119.0, 845.0]
rec: 3RF......................
text_instance: 49
bbox: [432, 409, 92, 100]
bezier_pts: [432.0, 486.0, 458.33, 460.33, 484.67, 434.67, 511.0, 409.0, 523.0, 440.0, 502.01, 464.14, 478.79, 487.14, 454.0, 508.0]
rec: 123RF....................
text_instance: 50
bbox: [106, 50, 72, 40]
bezier_pts: [113.0, 50.0, 135.63, 47.37, 158.74, 48.38, 177.0, 65.0, 177.0, 89.0, 153.33, 88.0, 129.67, 87.0, 106.0, 86.0]
rec: Soda.....................
text_instance: 51
bbox: [67, 41, 87, 102]
bezier_pts: [67.0, 119.0, 87.86, 87.26, 118.12, 66.57, 146.0, 41.0, 153.0, 74.0, 133.29, 97.74, 112.06, 120.77, 90.0, 142.0]
rec: 123RF....................
