text_instance: 0
bbox: [184, 128, 400, 129]
bezier_pts: [184.0, 142.0, 323.77, 104.7, 460.9, 145.89, 583.0, 217.0, 552.0, 256.0, 446.57, 198.01, 318.8, 176.11, 204.0, 206.0]
rec: CREAMERY.................
text_instance: 1
bbox: [193, 197, 408, 255]
bezier_pts: [236.0, 197.0, 357.33, 217.0, 478.67, 237.0, 600.0, 257.0, 574.0, 451.0, 445.42, 394.8, 326.57, 419.41, 193.0, 400.0]
rec: Cafe.....................
text_instance: 2
bbox: [153, 418, 111, 72]
bezier_pts: [160.0, 418.0, 192.06, 426.72, 227.99, 443.55, 263.0, 439.0, 251.0, 489.0, 218.33, 483.0, 185.67, 477.0, 153.0, 471.0]
rec: BOO......................
