text_instance: 0
bbox: [357, 99, 436, 174]
bezier_pts: [404.0, 99.0, 530.01, 120.54, 672.93, 89.23, 792.0, 181.0, 775.0, 235.0, 641.98, 182.72, 480.6, 195.56, 357.0, 272.0]
rec: Blackebys................
text_instance: 1
bbox: [497, 220, 45, 30]
bezier_pts: [497.0, 224.0, 511.33, 222.67, 525.67, 221.33, 540.0, 220.0, 541.0, 240.0, 527.67, 243.0, 514.33, 246.0, 501.0, 249.0]
rec: OLD......................
text_instance: 2
bbox: [541, 211, 83, 32]
bezier_pts: [541.0, 219.0, 568.33, 216.33, 595.67, 213.67, 623.0, 211.0, 614.0, 238.0, 592.67, 239.33, 571.33, 240.67, 550.0, 242.0]
rec: SWEET....................
text_instance: 3
bbox: [621, 211, 67, 35]
bezier_pts: [626.0, 211.0, 646.33, 215.0, 666.67, 219.0, 687.0, 223.0, 680.0, 243.0, 659.89, 242.97, 639.71, 239.39, 621.0, 235.0]
rec: SHOP.....................
