text_instance: 0
bbox: [205, 202, 268, 127]
bezier_pts: [205.0, 229.0, 288.71, 192.54, 384.24, 223.19, 472.0, 202.0, 452.0, 280.0, 364.78, 263.25, 291.83, 313.42, 215.0, 328.0]
rec: Cadbury..................
text_instance: 1
bbox: [98, 320, 453, 159]
bezier_pts: [98.0, 369.0, 246.35, 310.5, 413.35, 273.96, 550.0, 373.0, 502.0, 478.0, 383.11, 406.09, 258.89, 424.64, 140.0, 475.0]
rec: Drinking.................
text_instance: 2
bbox: [193, 438, 266, 59]
bezier_pts: [193.0, 451.0, 281.4, 432.07, 367.95, 430.74, 458.0, 447.0, 445.0, 496.0, 371.58, 457.63, 292.03, 469.74, 217.0, 495.0]
rec: chocolate................
text_instance: 3
bbox: [277, 772, 79, 36]
bezier_pts: [277.0, 772.0, 303.0, 772.67, 329.0, 773.33, 355.0, 774.0, 353.0, 807.0, 329.56, 793.65, 303.45, 790.11, 280.0, 807.0]
rec: e400g....................
