text_instance: 0
bbox: [103, 152, 376, 72]
bezier_pts: [103.0, 176.0, 230.45, 152.06, 347.62, 141.49, 478.0, 170.0, 465.0, 223.0, 351.59, 193.52, 226.48, 197.08, 111.0, 223.0]
rec: SHANGHAI.................
text_instance: 1
bbox: [188, 213, 195, 53]
bezier_pts: [191.0, 216.0, 254.67, 215.0, 318.33, 214.0, 382.0, 213.0, 380.0, 265.0, 316.0, 265.0, 252.0, 265.0, 188.0, 265.0]
rec: REDS.....................
text_instance: 2
bbox: [184, 278, 217, 26]
bezier_pts: [186.0, 278.0, 257.33, 279.33, 328.67, 280.67, 400.0, 282.0, 399.0, 303.0, 326.46, 302.81, 254.95, 300.53, 184.0, 296.0]
rec: RESTAURANT...............
