text_instance: 0
bbox: [231, 290, 367, 272]
bezier_pts: [231.0, 538.0, 311.98, 396.96, 435.23, 305.04, 592.0, 290.0, 597.0, 350.0, 473.56, 380.5, 351.44, 442.57, 281.0, 561.0]
rec: WASHING..................
text_instance: 1
bbox: [655, 280, 308, 228]
bezier_pts: [681.0, 280.0, 798.83, 284.53, 915.31, 341.91, 962.0, 449.0, 892.0, 507.0, 845.66, 407.48, 742.01, 378.41, 655.0, 342.0]
rec: SERVICE..................
text_instance: 2
bbox: [519, 377, 128, 51]
bezier_pts: [521.0, 389.0, 561.35, 382.34, 599.96, 381.84, 641.0, 377.0, 646.0, 413.0, 603.71, 420.38, 561.39, 424.64, 519.0, 426.0]
rec: ALL......................
text_instance: 3
bbox: [389, 430, 368, 102]
bezier_pts: [389.0, 468.0, 507.27, 450.07, 633.4, 440.65, 756.0, 430.0, 752.0, 495.0, 633.33, 507.0, 514.67, 519.0, 396.0, 531.0]
rec: VEHICLES.................
text_instance: 4
bbox: [126, 572, 141, 54]
bezier_pts: [126.0, 581.0, 170.32, 576.25, 221.92, 574.77, 266.0, 572.0, 258.0, 617.0, 216.52, 622.32, 175.46, 624.56, 134.0, 624.0]
rec: TWO......................
text_instance: 5
bbox: [284, 552, 193, 67]
bezier_pts: [284.0, 569.0, 347.87, 556.71, 411.32, 558.27, 476.0, 552.0, 475.0, 606.0, 412.27, 610.42, 348.13, 615.55, 285.0, 617.0]
rec: THREE....................
text_instance: 6
bbox: [534, 532, 159, 69]
bezier_pts: [534.0, 546.0, 586.0, 541.33, 638.0, 536.67, 690.0, 532.0, 692.0, 591.0, 638.57, 594.58, 586.76, 598.09, 534.0, 598.0]
rec: FOUR.....................
text_instance: 7
bbox: [711, 494, 380, 92]
bezier_pts: [713.0, 531.0, 836.67, 518.67, 960.33, 506.33, 1084.0, 494.0, 1090.0, 553.0, 963.85, 566.5, 837.44, 577.18, 711.0, 585.0]
rec: WHEELERS.................
text_instance: 8
bbox: [496, 201, 197, 83]
bezier_pts: [511.0, 218.0, 569.8, 213.02, 629.24, 199.36, 690.0, 203.0, 692.0, 275.0, 626.67, 277.67, 561.33, 280.33, 496.0, 283.0]
rec: A-1......................
