text_instance: 0
bbox: [218, 205, 142, 186]
bezier_pts: [218.0, 378.0, 226.07, 299.54, 275.66, 252.69, 326.0, 205.0, 359.0, 238.0, 311.21, 277.67, 276.87, 327.37, 272.0, 390.0]
rec: TRAFFIC..................
text_instance: 1
bbox: [353, 138, 180, 92]
bezier_pts: [353.0, 193.0, 406.4, 156.62, 465.0, 145.01, 526.0, 138.0, 532.0, 174.0, 479.0, 192.33, 426.0, 210.67, 373.0, 229.0]
rec: POLICE...................
text_instance: 2
bbox: [547, 143, 288, 165]
bezier_pts: [548.0, 143.0, 658.41, 141.57, 760.59, 202.16, 834.0, 285.0, 801.0, 307.0, 735.64, 222.34, 651.72, 183.1, 547.0, 178.0]
rec: BANGALORE................
text_instance: 3
bbox: [814, 304, 71, 112]
bezier_pts: [845.0, 304.0, 861.53, 339.76, 883.35, 369.53, 884.0, 411.0, 847.0, 415.0, 835.74, 384.38, 824.16, 352.54, 814.0, 322.0]
rec: CITY.....................
