text_instance: 0
bbox: [97, 110, 417, 121]
bezier_pts: [97.0, 156.0, 235.37, 129.8, 374.96, 122.86, 512.0, 110.0, 513.0, 193.0, 380.22, 189.31, 244.78, 192.75, 112.0, 230.0]
rec: CEDARS...................
text_instance: 1
bbox: [583, 105, 558, 161]
bezier_pts: [593.0, 105.0, 771.43, 135.53, 951.43, 119.86, 1133.0, 170.0, 1140.0, 265.0, 971.97, 180.33, 759.81, 205.55, 583.0, 175.0]
rec: BRASSERIE................
text_instance: 2
bbox: [247, 330, 726, 131]
bezier_pts: [256.0, 330.0, 492.79, 349.54, 732.23, 325.54, 969.0, 354.0, 972.0, 460.0, 730.33, 459.33, 488.67, 458.67, 247.0, 458.0]
rec: hobrauhaus...............
