text_instance: 0
bbox: [400, 140, 65, 36]
bezier_pts: [400.0, 140.0, 421.33, 140.0, 442.67, 140.0, 464.0, 140.0, 464.0, 174.0, 442.67, 174.0, 421.33, 174.0, 400.0, 174.0]
rec: GO.......................
text_instance: 1
bbox: [323, 137, 68, 42]
bezier_pts: [323.0, 137.0, 345.33, 137.0, 367.67, 137.0, 390.0, 137.0, 390.0, 178.0, 367.67, 178.0, 345.33, 178.0, 323.0, 178.0]
rec: to.......................
text_instance: 2
bbox: [306, 85, 184, 58]
bezier_pts: [306.0, 109.0, 357.82, 66.64, 427.06, 77.98, 489.0, 103.0, 475.0, 142.0, 427.32, 120.96, 371.65, 119.62, 324.0, 138.0]
rec: COFFEE...................
