text_instance: 0
bbox: [489, 417, 54, 72]
bezier_pts: [489.0, 482.0, 498.45, 458.53, 507.99, 432.93, 527.0, 417.0, 542.0, 438.0, 520.99, 446.41, 515.85, 467.18, 516.0, 488.0]
rec: MEATS....................
text_instance: 1
bbox: [531, 413, 38, 32]
bezier_pts: [531.0, 418.0, 540.33, 416.33, 549.67, 414.67, 559.0, 413.0, 568.0, 438.0, 561.0, 440.0, 554.0, 442.0, 547.0, 444.0]
rec: OF.......................
text_instance: 2
bbox: [565, 409, 48, 40]
bezier_pts: [565.0, 409.0, 579.93, 415.83, 598.73, 418.85, 612.0, 429.0, 602.0, 448.0, 590.67, 445.67, 579.33, 443.33, 568.0, 441.0]
rec: THE......................
text_instance: 3
bbox: [599, 429, 62, 80]
bezier_pts: [615.0, 429.0, 640.53, 445.92, 656.16, 474.82, 660.0, 505.0, 640.0, 508.0, 639.5, 482.37, 624.32, 459.43, 599.0, 451.0]
rec: WORLD....................
text_instance: 4
bbox: [494, 493, 165, 52]
bezier_pts: [499.0, 493.0, 552.0, 502.0, 605.0, 511.0, 658.0, 520.0, 658.0, 544.0, 602.95, 535.22, 548.39, 527.98, 494.0, 517.0]
rec: KANGAROO.................
text_instance: 5
bbox: [519, 525, 129, 46]
bezier_pts: [520.0, 525.0, 562.33, 531.33, 604.67, 537.67, 647.0, 544.0, 644.0, 570.0, 601.23, 563.91, 560.44, 557.09, 519.0, 547.0]
rec: OSTRICH..................
text_instance: 6
bbox: [520, 547, 128, 49]
bezier_pts: [522.0, 547.0, 563.67, 555.67, 605.33, 564.33, 647.0, 573.0, 641.0, 595.0, 600.54, 590.46, 560.13, 582.06, 520.0, 575.0]
rec: VENISON..................
text_instance: 7
bbox: [503, 572, 80, 41]
bezier_pts: [508.0, 572.0, 532.67, 576.33, 557.33, 580.67, 582.0, 585.0, 579.0, 612.0, 553.67, 606.33, 528.33, 600.67, 503.0, 595.0]
rec: WILD.....................
text_instance: 8
bbox: [584, 592, 80, 36]
bezier_pts: [584.0, 592.0, 610.33, 596.0, 636.67, 600.0, 663.0, 604.0, 661.0, 627.0, 635.72, 625.62, 610.66, 620.4, 587.0, 616.0]
rec: BOAR.....................
text_instance: 9
bbox: [508, 601, 162, 60]
bezier_pts: [508.0, 601.0, 561.67, 611.33, 615.33, 621.67, 669.0, 632.0, 664.0, 660.0, 612.0, 648.0, 560.0, 636.0, 508.0, 624.0]
rec: SPRINGBOK................
text_instance: 10
bbox: [509, 630, 164, 60]
bezier_pts: [511.0, 630.0, 564.67, 640.33, 618.33, 650.67, 672.0, 661.0, 669.0, 689.0, 615.67, 678.67, 562.33, 668.33, 509.0, 658.0]
rec: CROCODILE................
