text_instance: 0
bbox: [307, 203, 131, 31]
bezier_pts: [307.0, 203.0, 351.74, 212.61, 392.89, 216.94, 437.0, 203.0, 437.0, 233.0, 393.67, 233.0, 350.33, 233.0, 307.0, 233.0]
rec: DONATED..................
text_instance: 1
bbox: [96, 73, 112, 52]
bezier_pts: [96.0, 89.0, 128.67, 83.67, 161.33, 78.33, 194.0, 73.0, 207.0, 108.0, 171.0, 116.38, 135.0, 121.71, 99.0, 124.0]
rec: CAVITE...................
text_instance: 2
bbox: [232, 53, 153, 51]
bezier_pts: [232.0, 63.0, 280.0, 59.67, 328.0, 56.33, 376.0, 53.0, 384.0, 92.0, 335.33, 95.67, 286.67, 99.33, 238.0, 103.0]
rec: NATIONAL.................
text_instance: 3
bbox: [407, 59, 81, 47]
bezier_pts: [411.0, 59.0, 436.33, 63.0, 461.67, 67.0, 487.0, 71.0, 477.0, 105.0, 453.67, 102.67, 430.33, 100.33, 407.0, 98.0]
rec: HIGH.....................
text_instance: 4
bbox: [501, 79, 112, 59]
bezier_pts: [505.0, 79.0, 539.0, 87.0, 573.0, 95.0, 607.0, 103.0, 612.0, 137.0, 574.32, 131.68, 537.22, 123.22, 501.0, 112.0]
rec: SCHOOL...................
text_instance: 5
bbox: [345, 241, 41, 30]
bezier_pts: [345.0, 241.0, 358.0, 241.33, 371.0, 241.67, 384.0, 242.0, 385.0, 270.0, 373.67, 269.33, 362.33, 268.67, 351.0, 268.0]
rec: BY.......................
text_instance: 6
bbox: [297, 273, 93, 40]
bezier_pts: [297.0, 273.0, 327.67, 273.67, 358.33, 274.33, 389.0, 275.0, 388.0, 311.0, 358.56, 312.18, 329.21, 311.17, 300.0, 308.0]
rec: CLASS....................
text_instance: 7
bbox: [403, 273, 40, 41]
bezier_pts: [403.0, 273.0, 415.33, 273.0, 427.67, 273.0, 440.0, 273.0, 442.0, 310.0, 429.49, 312.44, 416.75, 313.07, 404.0, 312.0]
rec: 59.......................
