text_instance: 0
bbox: [305, 7, 82, 44]
bezier_pts: [305.0, 7.0, 329.67, 11.33, 354.33, 15.67, 379.0, 20.0, 386.0, 50.0, 359.33, 45.57, 332.67, 40.4, 306.0, 35.0]
rec: futu.....................
text_instance: 1
bbox: [148, 45, 151, 41]
bezier_pts: [155.0, 45.0, 201.51, 48.18, 250.29, 53.49, 296.0, 64.0, 298.0, 85.0, 247.95, 81.78, 197.9, 75.73, 148.0, 67.0]
rec: novembre.................
text_instance: 2
bbox: [64, 53, 162, 55]
bezier_pts: [65.0, 53.0, 118.33, 55.13, 171.67, 63.85, 225.0, 77.0, 225.0, 107.0, 171.33, 100.33, 117.67, 93.67, 64.0, 87.0]
rec: ELEZIONI.................
text_instance: 3
bbox: [236, 75, 226, 59]
bezier_pts: [236.0, 75.0, 311.56, 84.6, 382.66, 92.21, 460.0, 109.0, 461.0, 133.0, 385.67, 127.0, 311.04, 117.94, 237.0, 106.0]
rec: UNIVERSITARIE............
text_instance: 4
bbox: [95, 104, 146, 49]
bezier_pts: [95.0, 104.0, 142.24, 106.47, 194.54, 108.22, 240.0, 116.0, 240.0, 152.0, 192.0, 147.33, 144.0, 142.67, 96.0, 138.0]
rec: pretendi.................
text_instance: 5
bbox: [292, 129, 130, 38]
bezier_pts: [292.0, 129.0, 335.21, 133.93, 377.06, 136.35, 421.0, 141.0, 419.0, 166.0, 376.7, 163.76, 334.49, 158.29, 293.0, 150.0]
rec: universita...............
text_instance: 6
bbox: [60, 140, 141, 41]
bezier_pts: [63.0, 140.0, 107.86, 142.61, 150.14, 138.72, 195.0, 152.0, 200.0, 180.0, 153.71, 176.61, 105.66, 174.06, 60.0, 169.0]
rec: pubblica.................
text_instance: 7
bbox: [213, 156, 105, 38]
bezier_pts: [213.0, 156.0, 246.41, 158.29, 281.05, 154.87, 315.0, 165.0, 317.0, 193.0, 282.33, 189.33, 247.67, 185.67, 213.0, 182.0]
rec: gratuita.................
text_instance: 8
bbox: [368, 166, 90, 38]
bezier_pts: [368.0, 166.0, 397.14, 170.14, 426.33, 164.03, 456.0, 175.0, 457.0, 203.0, 428.0, 201.33, 399.0, 199.67, 370.0, 198.0]
rec: qualita..................
text_instance: 9
bbox: [341, 203, 36, 30]
bezier_pts: [341.0, 203.0, 352.33, 204.67, 363.67, 206.33, 375.0, 208.0, 376.0, 232.0, 365.0, 231.33, 354.0, 230.67, 343.0, 230.0]
rec: per......................
text_instance: 10
bbox: [379, 201, 64, 36]
bezier_pts: [381.0, 201.0, 400.25, 205.58, 423.53, 199.44, 442.0, 208.0, 442.0, 236.0, 421.0, 235.67, 400.0, 235.33, 379.0, 235.0]
rec: tuttie...................
text_instance: 11
bbox: [56, 242, 101, 163]
bezier_pts: [56.0, 404.0, 53.56, 339.36, 75.21, 272.09, 138.0, 242.0, 156.0, 268.0, 105.19, 293.52, 78.15, 345.0, 91.0, 402.0]
rec: COLLETTIVI...............
text_instance: 12
bbox: [211, 223, 155, 118]
bezier_pts: [211.0, 223.0, 283.49, 212.6, 335.51, 266.19, 365.0, 325.0, 339.0, 340.0, 309.68, 291.09, 264.24, 263.97, 213.0, 250.0]
rec: MOViMENTO................
text_instance: 13
bbox: [115, 489, 165, 58]
bezier_pts: [138.0, 489.0, 180.84, 498.88, 222.78, 507.47, 266.0, 507.0, 279.0, 533.0, 220.87, 561.41, 163.86, 547.94, 115.0, 509.0]
rec: ANOMALIA.................
text_instance: 14
bbox: [286, 395, 88, 126]
bezier_pts: [286.0, 495.0, 306.31, 465.93, 330.14, 434.41, 338.0, 398.0, 373.0, 395.0, 370.04, 442.72, 347.57, 500.81, 298.0, 520.0]
rec: SAPiENZA.................
text_instance: 15
bbox: [27, 583, 143, 43]
bezier_pts: [35.0, 586.0, 75.33, 585.0, 115.67, 584.0, 156.0, 583.0, 169.0, 622.0, 121.67, 623.0, 74.33, 624.0, 27.0, 625.0]
rec: LOTTA....................
text_instance: 16
bbox: [176, 576, 193, 45]
bezier_pts: [176.0, 579.0, 237.0, 578.0, 298.0, 577.0, 359.0, 576.0, 368.0, 609.0, 304.65, 615.15, 241.52, 617.88, 179.0, 620.0]
rec: PARTECIPA................
text_instance: 17
bbox: [370, 567, 96, 43]
bezier_pts: [370.0, 574.0, 397.67, 571.67, 425.33, 569.33, 453.0, 567.0, 465.0, 604.0, 436.19, 607.99, 406.86, 607.95, 379.0, 609.0]
rec: VOTA.....................
text_instance: 18
bbox: [55, 635, 191, 53]
bezier_pts: [55.0, 653.0, 118.0, 647.0, 181.0, 641.0, 244.0, 635.0, 245.0, 664.0, 184.75, 674.63, 123.52, 682.35, 62.0, 687.0]
rec: COLLETTIVI...............
text_instance: 19
bbox: [289, 613, 171, 47]
bezier_pts: [289.0, 634.0, 345.27, 621.56, 400.91, 614.11, 457.0, 613.0, 459.0, 642.0, 404.74, 650.62, 350.59, 656.16, 295.0, 659.0]
rec: MOVIMENTO................
text_instance: 20
bbox: [154, 657, 163, 40]
bezier_pts: [162.0, 671.0, 211.41, 662.13, 263.75, 661.89, 314.0, 657.0, 316.0, 681.0, 262.03, 688.22, 208.09, 693.2, 154.0, 696.0]
rec: ANOMALIA.................
text_instance: 21
bbox: [325, 647, 139, 36]
bezier_pts: [325.0, 657.0, 367.13, 650.18, 411.92, 650.11, 453.0, 647.0, 463.0, 669.0, 418.0, 675.99, 372.67, 680.02, 326.0, 682.0]
rec: SAPIENZA.................
text_instance: 22
bbox: [405, 325, 47, 39]
bezier_pts: [405.0, 325.0, 419.33, 326.67, 433.67, 328.33, 448.0, 330.0, 451.0, 363.0, 438.0, 362.67, 425.0, 362.33, 412.0, 362.0]
rec: NOST.....................
text_instance: 23
bbox: [52, 28, 93, 38]
bezier_pts: [54.0, 28.0, 84.62, 30.1, 114.71, 33.82, 144.0, 40.0, 144.0, 65.0, 113.33, 61.0, 82.67, 57.0, 52.0, 53.0]
rec: 25-26....................
text_instance: 24
bbox: [250, 127, 39, 25]
bezier_pts: [251.0, 127.0, 262.67, 128.33, 274.33, 129.67, 286.0, 131.0, 288.0, 151.0, 275.55, 150.02, 262.7, 150.3, 250.0, 147.0]
rec: un.......................
text_instance: 25
bbox: [157, 224, 44, 37]
bezier_pts: [157.0, 235.0, 167.67, 227.69, 179.19, 225.27, 192.0, 224.0, 200.0, 251.0, 189.67, 254.0, 179.33, 257.0, 169.0, 260.0]
rec: in.......................
text_instance: 26
bbox: [323, 171, 21, 21]
bezier_pts: [324.0, 172.0, 330.33, 172.0, 336.67, 172.0, 343.0, 172.0, 342.0, 188.0, 335.91, 191.11, 329.3, 190.85, 323.0, 189.0]
rec: e........................
text_instance: 27
bbox: [389, 325, 25, 41]
bezier_pts: [389.0, 326.0, 394.41, 324.05, 400.56, 324.99, 405.0, 328.0, 413.0, 364.0, 406.33, 364.0, 399.67, 364.0, 393.0, 364.0]
rec: IL.......................
text_instance: 28
bbox: [400, 372, 55, 42]
bezier_pts: [400.0, 372.0, 416.55, 372.33, 430.44, 370.89, 447.0, 373.0, 454.0, 404.0, 436.75, 409.74, 419.02, 412.43, 401.0, 412.0]
rec: ECOM.....................
text_instance: 29
bbox: [250, 633, 38, 32]
bezier_pts: [250.0, 639.0, 261.67, 637.0, 273.33, 635.0, 285.0, 633.0, 287.0, 660.0, 274.92, 661.76, 263.98, 664.68, 252.0, 664.0]
rec: IN.......................
text_instance: 30
bbox: [535, 227, 52, 16]
bezier_pts: [539.0, 227.0, 554.68, 228.18, 572.07, 229.57, 586.0, 236.0, 585.0, 242.0, 567.64, 242.38, 551.51, 239.33, 535.0, 235.0]
rec: antifascista.............
text_instance: 31
bbox: [562, 523, 31, 22]
bezier_pts: [563.0, 524.0, 572.0, 524.0, 581.0, 524.0, 590.0, 524.0, 592.0, 544.0, 582.0, 544.0, 572.0, 544.0, 562.0, 544.0]
rec: ATO......................
text_instance: 32
bbox: [561, 544, 30, 18]
bezier_pts: [561.0, 544.0, 570.93, 544.46, 580.35, 542.33, 590.0, 546.0, 590.0, 561.0, 580.33, 561.0, 570.67, 561.0, 561.0, 561.0]
rec: GNO......................
text_instance: 33
bbox: [561, 561, 31, 22]
bezier_pts: [561.0, 561.0, 570.33, 561.67, 579.67, 562.33, 589.0, 563.0, 591.0, 582.0, 581.05, 581.44, 571.27, 581.74, 561.0, 580.0]
rec: MA.......................
text_instance: 34
bbox: [564, 579, 27, 21]
bezier_pts: [565.0, 580.0, 573.42, 578.35, 581.55, 581.51, 589.0, 584.0, 590.0, 598.0, 580.9, 599.08, 572.47, 597.9, 564.0, 595.0]
rec: 1500.....................
text_instance: 35
bbox: [560, 595, 30, 15]
bezier_pts: [560.0, 595.0, 569.76, 594.43, 579.89, 597.3, 589.0, 600.0, 589.0, 609.0, 579.58, 609.54, 569.43, 608.26, 560.0, 606.0]
rec: ADELLA...................
text_instance: 36
bbox: [555, 607, 38, 19]
bezier_pts: [556.0, 607.0, 568.04, 606.63, 579.96, 607.66, 591.0, 611.0, 592.0, 624.0, 579.29, 625.26, 566.77, 623.21, 555.0, 620.0]
rec: BBLICA...................
