text_instance: 0
bbox: [271, 84, 215, 108]
bezier_pts: [271.0, 125.0, 337.81, 93.43, 412.33, 86.77, 485.0, 84.0, 470.0, 136.0, 402.24, 131.85, 327.95, 135.56, 277.0, 191.0]
rec: Sweet....................
text_instance: 1
bbox: [333, 128, 190, 96]
bezier_pts: [334.0, 152.0, 396.67, 144.0, 459.33, 136.0, 522.0, 128.0, 494.0, 202.0, 447.55, 155.81, 381.19, 226.84, 333.0, 223.0]
rec: Land.....................
text_instance: 2
bbox: [486, 238, 35, 15]
bezier_pts: [486.0, 241.0, 497.73, 237.5, 508.05, 238.06, 520.0, 238.0, 520.0, 251.0, 509.67, 251.33, 499.33, 251.67, 489.0, 252.0]
rec: PPY......................
text_instance: 3
bbox: [566, 240, 13, 14]
bezier_pts: [567.0, 240.0, 570.67, 240.67, 574.33, 241.33, 578.0, 242.0, 575.0, 252.0, 571.94, 252.69, 568.74, 252.69, 566.0, 251.0]
rec: R........................
text_instance: 4
bbox: [452, 245, 18, 14]
bezier_pts: [452.0, 248.0, 455.5, 247.49, 458.27, 244.33, 462.0, 245.0, 469.0, 255.0, 465.0, 256.0, 461.0, 257.0, 457.0, 258.0]
rec: H........................
