text_instance: 0
bbox: [545, 303, 221, 57]
bezier_pts: [559.0, 306.0, 627.67, 305.0, 696.33, 304.0, 765.0, 303.0, 762.0, 348.0, 690.1, 354.25, 618.54, 357.04, 545.0, 359.0]
rec: Michelob.................
text_instance: 1
bbox: [529, 349, 250, 68]
bezier_pts: [529.0, 362.0, 610.68, 346.76, 691.57, 351.5, 771.0, 349.0, 778.0, 404.0, 698.46, 410.78, 618.9, 414.34, 539.0, 415.0]
rec: ULTRA....................
text_instance: 2
bbox: [585, 521, 131, 86]
bezier_pts: [585.0, 531.0, 626.74, 518.08, 671.56, 523.36, 715.0, 521.0, 705.0, 600.0, 666.0, 602.0, 627.0, 604.0, 588.0, 606.0]
rec: 131......................
text_instance: 3
bbox: [580, 603, 120, 27]
bezier_pts: [584.0, 604.0, 622.33, 603.67, 660.67, 603.33, 699.0, 603.0, 696.0, 625.0, 656.92, 628.51, 619.27, 628.64, 580.0, 628.0]
rec: MARATHON.................
text_instance: 4
bbox: [963, 433, 105, 299]
bezier_pts: [1029.0, 433.0, 1084.06, 530.41, 1060.83, 626.95, 1051.0, 731.0, 979.0, 696.0, 1007.56, 618.4, 1002.23, 529.95, 963.0, 452.0]
rec: MMXIV....................
text_instance: 5
bbox: [318, 734, 191, 191]
bezier_pts: [479.0, 924.0, 406.46, 890.87, 350.75, 823.44, 318.0, 754.0, 348.0, 734.0, 384.56, 798.46, 437.05, 861.23, 508.0, 891.0]
rec: AMERICAS.................
text_instance: 6
bbox: [282, 623, 64, 111]
bezier_pts: [312.0, 733.0, 292.96, 702.55, 291.25, 662.99, 282.0, 627.0, 318.0, 623.0, 326.85, 653.45, 327.95, 688.77, 345.0, 718.0]
rec: HALF.....................
text_instance: 7
bbox: [277, 373, 107, 237]
bezier_pts: [277.0, 606.0, 277.38, 519.54, 285.68, 433.48, 346.0, 373.0, 383.0, 396.0, 345.76, 464.98, 336.39, 535.03, 317.0, 609.0]
rec: MARATHON.................
text_instance: 8
bbox: [357, 264, 139, 123]
bezier_pts: [357.0, 357.0, 390.91, 322.26, 418.11, 283.86, 466.0, 264.0, 495.0, 296.0, 457.83, 328.34, 419.53, 358.32, 380.0, 386.0]
rec: SERIES...................
