text_instance: 0
bbox: [328, 482, 129, 40]
bezier_pts: [328.0, 482.0, 370.67, 482.0, 413.33, 482.0, 456.0, 482.0, 456.0, 520.0, 413.33, 520.0, 370.67, 520.0, 328.0, 520.0]
rec: COUNTY...................
text_instance: 1
bbox: [224, 275, 81, 67]
bezier_pts: [224.0, 275.0, 250.67, 275.0, 277.33, 275.0, 304.0, 275.0, 304.0, 341.0, 277.33, 341.0, 250.67, 341.0, 224.0, 341.0]
rec: TOP......................
text_instance: 2
bbox: [59, 79, 208, 73]
bezier_pts: [59.0, 79.0, 129.99, 80.53, 197.08, 80.5, 266.0, 92.0, 264.0, 151.0, 200.75, 141.67, 127.31, 159.42, 65.0, 133.0]
rec: WELCOME..................
text_instance: 3
bbox: [390, 102, 180, 66]
bezier_pts: [390.0, 102.0, 450.91, 106.36, 506.86, 102.56, 569.0, 111.0, 569.0, 167.0, 508.52, 165.99, 450.69, 162.93, 392.0, 158.0]
rec: HISTORIC.................
text_instance: 4
bbox: [51, 166, 562, 101]
bezier_pts: [51.0, 166.0, 233.02, 183.04, 431.8, 161.71, 610.0, 198.0, 612.0, 266.0, 425.38, 261.54, 239.72, 254.12, 54.0, 244.0]
rec: LEADVILLE................
text_instance: 5
bbox: [461, 292, 73, 55]
bezier_pts: [468.0, 292.0, 489.67, 292.67, 511.33, 293.33, 533.0, 294.0, 533.0, 346.0, 508.87, 344.56, 485.39, 343.76, 461.0, 341.0]
rec: ALL......................
text_instance: 6
bbox: [234, 369, 97, 44]
bezier_pts: [234.0, 369.0, 266.0, 369.67, 298.0, 370.33, 330.0, 371.0, 329.0, 412.0, 300.87, 411.97, 271.57, 411.28, 244.0, 409.0]
rec: 10200....................
text_instance: 7
bbox: [389, 372, 77, 46]
bezier_pts: [389.0, 372.0, 414.33, 372.33, 439.67, 372.67, 465.0, 373.0, 461.0, 416.0, 437.78, 416.71, 413.6, 414.51, 391.0, 410.0]
rec: ELEV.....................
text_instance: 8
bbox: [223, 485, 93, 37]
bezier_pts: [223.0, 485.0, 253.33, 485.67, 283.67, 486.33, 314.0, 487.0, 315.0, 518.0, 285.65, 520.52, 256.37, 520.87, 227.0, 519.0]
rec: LAKE.....................
text_instance: 9
bbox: [172, 600, 75, 141]
bezier_pts: [172.0, 738.0, 170.7, 690.33, 176.87, 634.92, 216.0, 600.0, 246.0, 624.0, 231.22, 662.23, 212.43, 699.55, 213.0, 740.0]
rec: HOME.....................
text_instance: 10
bbox: [289, 534, 85, 46]
bezier_pts: [289.0, 545.0, 314.71, 531.09, 344.81, 532.69, 373.0, 535.0, 370.0, 571.0, 347.33, 573.67, 324.67, 576.33, 302.0, 579.0]
rec: THE......................
text_instance: 11
bbox: [379, 540, 140, 193]
bezier_pts: [390.0, 540.0, 479.81, 566.79, 510.11, 636.91, 518.0, 724.0, 485.0, 732.0, 488.42, 656.58, 450.28, 597.79, 379.0, 570.0]
rec: PANTHERS.................
text_instance: 12
bbox: [303, 89, 60, 69]
bezier_pts: [303.0, 89.0, 322.0, 91.0, 341.0, 93.0, 360.0, 95.0, 362.0, 157.0, 342.33, 155.33, 322.67, 153.67, 303.0, 152.0]
rec: TO.......................
text_instance: 13
bbox: [150, 280, 51, 56]
bezier_pts: [150.0, 280.0, 165.97, 280.26, 181.0, 279.07, 197.0, 282.0, 200.0, 334.0, 183.15, 336.06, 166.43, 335.14, 150.0, 332.0]
rec: ON.......................
text_instance: 14
bbox: [328, 284, 43, 57]
bezier_pts: [328.0, 284.0, 341.67, 284.67, 355.33, 285.33, 369.0, 286.0, 370.0, 340.0, 356.05, 340.04, 342.54, 339.16, 329.0, 337.0]
rec: OF.......................
text_instance: 15
bbox: [395, 288, 45, 55]
bezier_pts: [395.0, 289.0, 409.01, 286.86, 422.81, 288.34, 437.0, 290.0, 439.0, 342.0, 424.84, 341.05, 411.04, 341.45, 397.0, 338.0]
rec: IT.......................
text_instance: 16
bbox: [342, 369, 36, 45]
bezier_pts: [342.0, 369.0, 352.0, 369.0, 362.0, 369.0, 372.0, 369.0, 377.0, 413.0, 365.37, 412.91, 354.43, 412.03, 343.0, 410.0]
rec: ft.......................
text_instance: 17
bbox: [237, 550, 58, 61]
bezier_pts: [237.0, 583.0, 250.17, 569.23, 263.46, 556.59, 282.0, 550.0, 294.0, 582.0, 278.66, 591.15, 264.51, 601.81, 248.0, 610.0]
rec: OF.......................
