text_instance: 0
bbox: [208, 376, 94, 75]
bezier_pts: [208.0, 421.0, 233.51, 402.48, 263.49, 384.31, 295.0, 376.0, 301.0, 409.0, 279.0, 422.67, 257.0, 436.33, 235.0, 450.0]
rec: Happy....................
text_instance: 1
bbox: [303, 378, 97, 76]
bezier_pts: [316.0, 378.0, 345.49, 389.66, 374.86, 407.34, 399.0, 427.0, 376.0, 453.0, 361.81, 418.97, 328.25, 423.17, 303.0, 408.0]
rec: Cooker...................
text_instance: 2
bbox: [273, 487, 71, 34]
bezier_pts: [277.0, 487.0, 299.0, 487.0, 321.0, 487.0, 343.0, 487.0, 342.0, 516.0, 319.0, 517.33, 296.0, 518.67, 273.0, 520.0]
rec: Menu.....................
text_instance: 3
bbox: [213, 562, 86, 51]
bezier_pts: [213.0, 574.0, 240.25, 568.6, 264.81, 564.4, 292.0, 562.0, 298.0, 607.0, 270.0, 608.67, 242.0, 610.33, 214.0, 612.0]
rec: ABC......................
text_instance: 4
bbox: [208, 604, 135, 60]
bezier_pts: [208.0, 612.0, 252.67, 609.33, 297.33, 606.67, 342.0, 604.0, 340.0, 651.0, 296.0, 655.0, 252.0, 659.0, 208.0, 663.0]
rec: TeRINGIN.................
