text_instance: 0
bbox: [205, 275, 179, 57]
bezier_pts: [205.0, 275.0, 263.76, 287.19, 322.22, 280.73, 383.0, 275.0, 383.0, 331.0, 323.67, 331.0, 264.33, 331.0, 205.0, 331.0]
rec: SHIT.....................
text_instance: 1
bbox: [152, 334, 294, 56]
bezier_pts: [152.0, 334.0, 248.78, 346.44, 348.23, 339.29, 445.0, 334.0, 445.0, 388.0, 347.33, 388.0, 249.67, 388.0, 152.0, 388.0]
rec: SHOWS....................
text_instance: 2
bbox: [298, 445, 84, 22]
bezier_pts: [298.0, 445.0, 325.67, 445.0, 353.33, 445.0, 381.0, 445.0, 381.0, 466.0, 353.33, 466.0, 325.67, 466.0, 298.0, 466.0]
rec: Saturday.................
text_instance: 3
bbox: [143, 448, 46, 23]
bezier_pts: [143.0, 448.0, 158.0, 448.0, 173.0, 448.0, 188.0, 448.0, 188.0, 469.0, 172.83, 469.25, 157.84, 470.94, 143.0, 469.0]
rec: And......................
text_instance: 4
bbox: [177, 411, 99, 22]
bezier_pts: [177.0, 411.0, 209.67, 411.0, 242.33, 411.0, 275.0, 411.0, 275.0, 432.0, 242.33, 432.0, 209.67, 432.0, 177.0, 432.0]
rec: SMELLS...................
text_instance: 5
bbox: [285, 410, 53, 23]
bezier_pts: [285.0, 410.0, 302.33, 410.0, 319.67, 410.0, 337.0, 410.0, 337.0, 431.0, 319.67, 431.0, 302.33, 431.0, 285.0, 431.0]
rec: LIKE.....................
text_instance: 6
bbox: [347, 406, 69, 23]
bezier_pts: [347.0, 406.0, 369.67, 406.0, 392.33, 406.0, 415.0, 406.0, 415.0, 428.0, 392.33, 428.0, 369.67, 428.0, 347.0, 428.0]
rec: 2017.....................
text_instance: 7
bbox: [192, 451, 46, 18]
bezier_pts: [192.0, 451.0, 207.0, 451.0, 222.0, 451.0, 237.0, 451.0, 237.0, 467.0, 222.0, 467.0, 207.0, 467.0, 192.0, 467.0]
rec: most.....................
text_instance: 8
bbox: [187, 218, 112, 58]
bezier_pts: [187.0, 245.0, 223.79, 231.84, 259.53, 227.3, 298.0, 218.0, 298.0, 257.0, 263.26, 251.44, 231.58, 257.45, 203.0, 275.0]
rec: SOAP.....................
text_instance: 9
bbox: [308, 220, 84, 48]
bezier_pts: [314.0, 220.0, 339.67, 224.0, 365.33, 228.0, 391.0, 232.0, 389.0, 267.0, 362.0, 262.0, 335.0, 257.0, 308.0, 252.0]
rec: FOR......................
text_instance: 10
bbox: [450, 40, 112, 44]
bezier_pts: [450.0, 78.0, 478.08, 30.61, 524.12, 21.74, 561.0, 66.0, 544.0, 75.0, 519.58, 54.02, 490.35, 58.54, 471.0, 83.0]
rec: WHISKEY..................
text_instance: 11
bbox: [454, 77, 101, 30]
bezier_pts: [454.0, 84.0, 487.0, 81.67, 520.0, 79.33, 553.0, 77.0, 554.0, 95.0, 522.18, 99.8, 489.95, 103.51, 458.0, 106.0]
rec: RIVER....................
text_instance: 12
bbox: [466, 100, 87, 39]
bezier_pts: [466.0, 108.0, 494.67, 105.33, 523.33, 102.67, 552.0, 100.0, 552.0, 124.0, 525.0, 128.67, 498.0, 133.33, 471.0, 138.0]
rec: SOAp.....................
text_instance: 13
bbox: [494, 131, 37, 26]
bezier_pts: [494.0, 135.0, 504.33, 133.67, 514.67, 132.33, 525.0, 131.0, 530.0, 149.0, 520.05, 153.6, 509.03, 155.19, 498.0, 156.0]
rec: co.......................
text_instance: 14
bbox: [243, 448, 23, 22]
bezier_pts: [245.0, 449.0, 251.67, 449.15, 258.33, 447.45, 265.0, 448.0, 264.0, 469.0, 257.09, 468.81, 249.98, 469.61, 243.0, 468.0]
rec: of.......................
text_instance: 15
bbox: [266, 452, 32, 19]
bezier_pts: [266.0, 452.0, 276.0, 452.0, 286.0, 452.0, 296.0, 452.0, 297.0, 468.0, 287.0, 468.67, 277.0, 469.33, 267.0, 470.0]
rec: my.......................
text_instance: 16
bbox: [389, 443, 62, 28]
bezier_pts: [389.0, 446.0, 406.61, 445.12, 427.39, 441.31, 445.0, 444.0, 450.0, 466.0, 431.23, 468.19, 411.6, 469.23, 392.0, 469.0]
rec: nights...................
