text_instance: 0
bbox: [245, 1186, 361, 103]
bezier_pts: [245.0, 1216.0, 362.82, 1200.39, 491.65, 1153.99, 605.0, 1228.0, 584.0, 1288.0, 476.37, 1262.66, 373.04, 1237.78, 269.0, 1285.0]
rec: Skeppsbar................
text_instance: 1
bbox: [380, 1558, 124, 52]
bezier_pts: [395.0, 1558.0, 431.0, 1560.0, 467.0, 1562.0, 503.0, 1564.0, 497.0, 1603.0, 458.34, 1607.13, 419.74, 1607.51, 380.0, 1609.0]
rec: OPPET....................
text_instance: 2
bbox: [1571, 1186, 184, 120]
bezier_pts: [1571.0, 1213.0, 1629.0, 1204.0, 1687.0, 1195.0, 1745.0, 1186.0, 1754.0, 1267.0, 1694.53, 1281.89, 1634.5, 1293.98, 1574.0, 1303.0]
rec: ZUM......................
text_instance: 3
bbox: [1792, 1154, 689, 151]
bezier_pts: [1795.0, 1183.0, 2028.78, 1106.94, 2248.1, 1201.25, 2477.0, 1217.0, 2480.0, 1304.0, 2251.07, 1297.95, 2034.74, 1184.13, 1792.0, 1271.0]
rec: FRANZISKANER.............
text_instance: 4
bbox: [1820, 1321, 136, 97]
bezier_pts: [1820.0, 1369.0, 1855.9, 1343.12, 1898.64, 1332.76, 1940.0, 1321.0, 1955.0, 1375.0, 1914.0, 1389.0, 1873.0, 1403.0, 1832.0, 1417.0]
rec: FALCON...................
text_instance: 5
bbox: [2072, 1321, 145, 73]
bezier_pts: [2075.0, 1321.0, 2122.0, 1330.0, 2169.0, 1339.0, 2216.0, 1348.0, 2195.0, 1393.0, 2154.0, 1382.0, 2113.0, 1371.0, 2072.0, 1360.0]
rec: FALCOn...................
