text_instance: 0
bbox: [316, 205, 120, 31]
bezier_pts: [316.0, 205.0, 355.67, 205.0, 395.33, 205.0, 435.0, 205.0, 435.0, 235.0, 395.33, 235.0, 355.67, 235.0, 316.0, 235.0]
rec: VABRET...................
text_instance: 1
bbox: [283, 84, 128, 36]
bezier_pts: [283.0, 84.0, 325.33, 84.0, 367.67, 84.0, 410.0, 84.0, 410.0, 116.0, 367.53, 117.74, 325.63, 117.55, 283.0, 116.0]
rec: MARAIS...................
text_instance: 2
bbox: [190, 230, 74, 19]
bezier_pts: [190.0, 230.0, 214.33, 230.0, 238.67, 230.0, 263.0, 230.0, 263.0, 246.0, 239.06, 246.24, 213.97, 247.92, 190.0, 246.0]
rec: Melleur..................
text_instance: 3
bbox: [374, 235, 57, 16]
bezier_pts: [374.0, 235.0, 392.67, 235.0, 411.33, 235.0, 430.0, 235.0, 430.0, 249.0, 411.33, 251.11, 392.45, 249.22, 374.0, 249.0]
rec: France...................
text_instance: 4
bbox: [271, 234, 69, 17]
bezier_pts: [271.0, 234.0, 293.67, 234.0, 316.33, 234.0, 339.0, 234.0, 339.0, 249.0, 316.33, 249.0, 293.67, 249.0, 271.0, 249.0]
rec: Ouvrier..................
text_instance: 5
bbox: [204, 47, 91, 44]
bezier_pts: [204.0, 59.0, 232.5, 48.99, 264.95, 47.7, 294.0, 47.0, 292.0, 75.0, 266.18, 82.97, 240.43, 87.86, 214.0, 90.0]
rec: PETIT....................
text_instance: 6
bbox: [308, 48, 205, 59]
bezier_pts: [308.0, 48.0, 375.39, 43.43, 447.57, 51.47, 512.0, 77.0, 501.0, 106.0, 439.45, 79.82, 378.89, 73.38, 314.0, 76.0]
rec: VERSAILLES...............
text_instance: 7
bbox: [191, 198, 122, 34]
bezier_pts: [191.0, 198.0, 232.74, 200.27, 269.37, 197.63, 310.0, 206.0, 312.0, 231.0, 272.82, 230.0, 233.4, 230.39, 194.0, 227.0]
rec: Christian................
text_instance: 8
bbox: [156, 61, 48, 46]
bezier_pts: [156.0, 76.0, 168.89, 69.06, 184.28, 65.25, 198.0, 61.0, 203.0, 94.0, 189.0, 98.0, 175.0, 102.0, 161.0, 106.0]
rec: m........................
text_instance: 9
bbox: [245, 87, 40, 33]
bezier_pts: [246.0, 88.0, 257.5, 85.88, 271.39, 87.38, 283.0, 87.0, 284.0, 116.0, 271.0, 117.0, 258.0, 118.0, 245.0, 119.0]
rec: DU.......................
text_instance: 10
bbox: [348, 234, 25, 18]
bezier_pts: [349.0, 235.0, 356.29, 232.68, 364.15, 234.39, 372.0, 236.0, 372.0, 250.0, 364.18, 250.5, 356.06, 250.64, 348.0, 250.0]
rec: de.......................
