text_instance: 0
bbox: [11, 593, 310, 331]
bezier_pts: [11.0, 896.0, 11.94, 738.35, 135.07, 627.27, 281.0, 593.0, 320.0, 674.0, 230.41, 747.4, 175.14, 838.42, 107.0, 923.0]
rec: BORN.....................
text_instance: 1
bbox: [632, 658, 235, 359]
bezier_pts: [674.0, 658.0, 808.27, 730.68, 874.12, 865.61, 866.0, 1016.0, 779.0, 1008.0, 785.54, 893.49, 733.51, 790.58, 632.0, 735.0]
rec: LIVE.....................
text_instance: 2
bbox: [5, 956, 916, 403]
bezier_pts: [5.0, 956.0, 316.4, 1051.5, 607.54, 1009.9, 920.0, 1067.0, 863.0, 1358.0, 574.0, 1280.5, 305.44, 1246.54, 14.0, 1244.0]
rec: ambay....................
text_instance: 3
bbox: [13, 1286, 959, 173]
bezier_pts: [15.0, 1286.0, 333.67, 1315.33, 652.33, 1344.67, 971.0, 1374.0, 963.0, 1458.0, 645.82, 1428.09, 329.28, 1395.36, 13.0, 1360.0]
rec: LYWOOD...................
text_instance: 4
bbox: [1130, 686, 130, 64]
bezier_pts: [1130.0, 686.0, 1175.03, 690.13, 1217.29, 695.21, 1259.0, 707.0, 1253.0, 749.0, 1212.38, 742.6, 1170.74, 737.17, 1130.0, 728.0]
rec: STICk....................
text_instance: 5
bbox: [1337, 722, 103, 46]
bezier_pts: [1340.0, 722.0, 1371.43, 726.21, 1400.29, 721.24, 1430.0, 734.0, 1439.0, 767.0, 1405.78, 766.14, 1371.2, 761.28, 1337.0, 758.0]
rec: BILL.....................
text_instance: 6
bbox: [8, 1472, 385, 139]
bezier_pts: [14.0, 1472.0, 139.0, 1483.0, 264.0, 1494.0, 389.0, 1505.0, 392.0, 1610.0, 263.1, 1599.96, 135.19, 1586.93, 8.0, 1571.0]
rec: RDS......................
text_instance: 7
bbox: [494, 1523, 226, 115]
bezier_pts: [494.0, 1523.0, 571.76, 1527.25, 644.28, 1529.65, 719.0, 1544.0, 716.0, 1637.0, 641.7, 1629.06, 567.62, 1617.92, 494.0, 1604.0]
rec: WEST.....................
text_instance: 8
bbox: [755, 1559, 346, 124]
bezier_pts: [758.0, 1559.0, 876.77, 1560.66, 987.7, 1571.53, 1100.0, 1595.0, 1100.0, 1682.0, 984.28, 1670.92, 869.67, 1656.87, 755.0, 1640.0]
rec: BENGAL...................
text_instance: 9
bbox: [367, 575, 214, 119]
bezier_pts: [367.0, 580.0, 439.4, 576.81, 510.32, 589.17, 580.0, 616.0, 569.0, 693.0, 503.0, 686.0, 437.0, 679.0, 371.0, 672.0]
rec: TO.......................
text_instance: 10
bbox: [1264, 713, 67, 41]
bezier_pts: [1267.0, 713.0, 1286.44, 713.89, 1308.55, 716.56, 1328.0, 721.0, 1330.0, 753.0, 1308.0, 751.0, 1286.0, 749.0, 1264.0, 747.0]
rec: NO.......................
