text_instance: 0
bbox: [440, 208, 139, 158]
bezier_pts: [440.0, 353.0, 454.42, 276.97, 504.6, 238.73, 568.0, 208.0, 578.0, 245.0, 516.99, 252.38, 490.06, 315.41, 478.0, 365.0]
rec: MAISON...................
text_instance: 1
bbox: [591, 199, 194, 168]
bezier_pts: [593.0, 199.0, 683.71, 204.01, 757.62, 258.61, 784.0, 355.0, 753.0, 366.0, 736.16, 279.58, 672.54, 240.58, 591.0, 233.0]
rec: CENTRALE.................
text_instance: 2
bbox: [98, 30, 46, 32]
bezier_pts: [98.0, 31.0, 110.95, 28.74, 126.11, 29.4, 139.0, 34.0, 143.0, 61.0, 131.13, 61.52, 118.87, 61.48, 107.0, 58.0]
rec: VAN......................
text_instance: 3
bbox: [145, 39, 40, 43]
bezier_pts: [145.0, 39.0, 160.98, 40.19, 171.78, 52.16, 184.0, 61.0, 183.0, 81.0, 171.67, 76.0, 160.33, 71.0, 149.0, 66.0]
rec: GIOI.....................
text_instance: 4
bbox: [190, 69, 19, 35]
bezier_pts: [190.0, 69.0, 197.45, 72.45, 204.55, 76.26, 208.0, 84.0, 208.0, 103.0, 202.33, 97.67, 196.67, 92.33, 191.0, 87.0]
rec: VA.......................
text_instance: 5
bbox: [213, 87, 33, 49]
bezier_pts: [214.0, 87.0, 224.33, 96.33, 234.67, 105.67, 245.0, 115.0, 242.0, 135.0, 232.33, 127.33, 222.67, 119.67, 213.0, 112.0]
rec: BAO......................
text_instance: 6
bbox: [249, 123, 26, 43]
bezier_pts: [251.0, 123.0, 259.06, 129.52, 266.93, 136.66, 274.0, 144.0, 273.0, 165.0, 265.0, 158.33, 257.0, 151.67, 249.0, 145.0]
rec: GIOI.....................
