text_instance: 0
bbox: [194, 63, 58, 42]
bezier_pts: [194.0, 91.0, 209.39, 79.75, 224.66, 68.04, 244.0, 63.0, 251.0, 77.0, 236.33, 86.0, 221.67, 95.0, 207.0, 104.0]
rec: CITY.....................
text_instance: 1
bbox: [286, 44, 182, 64]
bezier_pts: [286.0, 44.0, 348.83, 41.35, 414.51, 55.6, 467.0, 87.0, 454.0, 107.0, 404.86, 71.84, 354.74, 53.06, 293.0, 64.0]
rec: WESTMINISTER.............
text_instance: 2
bbox: [308, 125, 115, 29]
bezier_pts: [308.0, 125.0, 345.67, 125.33, 383.33, 125.67, 421.0, 126.0, 422.0, 153.0, 384.0, 152.33, 346.0, 151.67, 308.0, 151.0]
rec: STEAD....................
text_instance: 3
bbox: [271, 153, 54, 22]
bezier_pts: [274.0, 153.0, 289.33, 153.33, 304.67, 153.67, 320.0, 154.0, 324.0, 173.0, 305.9, 174.58, 288.82, 173.87, 271.0, 174.0]
rec: 1849.....................
text_instance: 4
bbox: [342, 155, 48, 21]
bezier_pts: [342.0, 155.0, 357.67, 155.67, 373.33, 156.33, 389.0, 157.0, 389.0, 174.0, 373.83, 174.25, 358.68, 173.97, 344.0, 173.0]
rec: 1912.....................
text_instance: 5
bbox: [265, 193, 139, 21]
bezier_pts: [265.0, 193.0, 311.0, 193.0, 357.0, 193.0, 403.0, 193.0, 402.0, 211.0, 356.69, 212.84, 311.39, 212.37, 265.0, 213.0]
rec: JOURNALIST...............
text_instance: 6
bbox: [241, 217, 54, 20]
bezier_pts: [244.0, 217.0, 260.67, 217.33, 277.33, 217.67, 294.0, 218.0, 292.0, 235.0, 275.23, 235.18, 258.51, 235.94, 241.0, 234.0]
rec: AND......................
text_instance: 7
bbox: [301, 219, 125, 17]
bezier_pts: [302.0, 219.0, 342.0, 219.33, 382.0, 219.67, 422.0, 220.0, 425.0, 234.0, 383.58, 234.78, 342.58, 234.4, 301.0, 233.0]
rec: REFORMER.................
text_instance: 8
bbox: [224, 242, 31, 20]
bezier_pts: [224.0, 242.0, 233.0, 242.33, 242.0, 242.67, 251.0, 243.0, 254.0, 261.0, 245.33, 261.0, 236.67, 261.0, 228.0, 261.0]
rec: OF.......................
text_instance: 9
bbox: [262, 243, 74, 18]
bezier_pts: [262.0, 244.0, 286.0, 243.67, 310.0, 243.33, 334.0, 243.0, 335.0, 260.0, 311.33, 259.67, 287.67, 259.33, 264.0, 259.0]
rec: GREAT....................
text_instance: 10
bbox: [342, 242, 100, 19]
bezier_pts: [342.0, 242.0, 374.67, 242.67, 407.33, 243.33, 440.0, 244.0, 441.0, 259.0, 408.33, 259.0, 375.67, 259.0, 343.0, 259.0]
rec: RENOWN...................
text_instance: 11
bbox: [263, 275, 74, 24]
bezier_pts: [263.0, 275.0, 287.0, 275.67, 311.0, 276.33, 335.0, 277.0, 336.0, 295.0, 312.39, 297.96, 289.26, 297.39, 265.0, 297.0]
rec: LIVED....................
text_instance: 12
bbox: [340, 277, 65, 20]
bezier_pts: [340.0, 279.0, 361.0, 278.33, 382.0, 277.67, 403.0, 277.0, 404.0, 295.0, 382.56, 296.64, 362.12, 295.86, 341.0, 296.0]
rec: HERE.....................
text_instance: 13
bbox: [282, 303, 51, 21]
bezier_pts: [282.0, 303.0, 298.67, 303.0, 315.33, 303.0, 332.0, 303.0, 330.0, 323.0, 315.67, 322.67, 301.33, 322.33, 287.0, 322.0]
rec: 1904.....................
text_instance: 14
bbox: [344, 303, 40, 20]
bezier_pts: [344.0, 304.0, 357.0, 303.67, 370.0, 303.33, 383.0, 303.0, 383.0, 322.0, 370.0, 321.33, 357.0, 320.67, 344.0, 320.0]
rec: 1912.....................
text_instance: 15
bbox: [250, 51, 39, 25]
bezier_pts: [250.0, 59.0, 259.42, 53.53, 269.87, 50.13, 281.0, 51.0, 288.0, 64.0, 276.84, 68.11, 265.56, 73.02, 254.0, 75.0]
rec: OF.......................
text_instance: 16
bbox: [240, 125, 68, 28]
bezier_pts: [240.0, 126.0, 261.0, 125.67, 282.0, 125.33, 303.0, 125.0, 307.0, 152.0, 284.94, 150.99, 262.71, 150.85, 241.0, 147.0]
rec: W.T......................
