text_instance: 0
bbox: [132, 421, 224, 304]
bezier_pts: [355.0, 478.0, 262.91, 525.53, 208.4, 624.53, 186.0, 724.0, 132.0, 719.0, 162.13, 594.4, 212.85, 482.26, 330.0, 421.0]
rec: CASUAL...................
text_instance: 1
bbox: [130, 805, 256, 265]
bezier_pts: [181.0, 805.0, 218.15, 899.63, 289.7, 969.79, 385.0, 1004.0, 367.0, 1069.0, 227.79, 1032.09, 159.37, 943.97, 130.0, 812.0]
rec: STYLISH..................
text_instance: 2
bbox: [394, 856, 411, 226]
bezier_pts: [394.0, 1012.0, 535.32, 1024.7, 654.4, 969.41, 739.0, 856.0, 804.0, 895.0, 713.63, 1028.2, 554.01, 1076.48, 400.0, 1081.0]
rec: WATCHES..................
text_instance: 3
bbox: [408, 739, 346, 251]
bezier_pts: [408.0, 908.0, 497.6, 847.62, 588.63, 793.88, 675.0, 739.0, 753.0, 778.0, 660.84, 861.34, 575.39, 945.02, 450.0, 989.0]
rec: TOKIA....................
text_instance: 4
bbox: [748, 689, 133, 178]
bezier_pts: [748.0, 823.0, 800.74, 790.71, 790.07, 732.07, 814.0, 689.0, 880.0, 691.0, 874.25, 758.71, 837.28, 806.1, 820.0, 866.0]
rec: http.....................
text_instance: 5
bbox: [630, 383, 224, 228]
bezier_pts: [789.0, 610.0, 766.45, 529.82, 711.61, 457.94, 630.0, 430.0, 655.0, 383.0, 787.76, 399.45, 816.54, 490.36, 853.0, 592.0]
rec: tokiajp..................
