text_instance: 0
bbox: [116, 111, 122, 106]
bezier_pts: [116.0, 216.0, 122.83, 128.87, 188.68, 55.72, 237.0, 168.0, 218.0, 178.0, 197.64, 87.66, 137.87, 165.84, 134.0, 214.0]
rec: STONE....................
text_instance: 1
bbox: [142, 159, 64, 44]
bezier_pts: [142.0, 185.0, 158.49, 172.15, 179.61, 163.7, 199.0, 159.0, 205.0, 180.0, 186.42, 187.27, 170.1, 200.66, 149.0, 202.0]
rec: CAFE.....................
text_instance: 2
bbox: [118, 192, 100, 69]
bezier_pts: [136.0, 215.0, 165.2, 247.13, 172.38, 201.2, 199.0, 192.0, 217.0, 201.0, 194.47, 246.04, 161.92, 286.29, 118.0, 240.0]
rec: WAY......................
text_instance: 3
bbox: [461, 97, 28, 271]
bezier_pts: [461.0, 97.0, 466.27, 189.65, 459.71, 275.54, 463.0, 364.0, 488.0, 367.0, 484.81, 280.09, 483.8, 190.06, 486.0, 102.0]
rec: STONE....................
