text_instance: 0
bbox: [153, 458, 35, 17]
bezier_pts: [153.0, 458.0, 164.33, 458.0, 175.67, 458.0, 187.0, 458.0, 187.0, 473.0, 175.67, 473.0, 164.33, 473.0, 153.0, 473.0]
rec: COTTOSES.................
text_instance: 1
bbox: [59, 464, 21, 22]
bezier_pts: [59.0, 464.0, 65.67, 464.0, 72.33, 464.0, 79.0, 464.0, 79.0, 484.0, 72.33, 484.0, 65.67, 484.0, 59.0, 484.0]
rec: 47.......................
text_instance: 2
bbox: [82, 470, 19, 15]
bezier_pts: [82.0, 470.0, 88.0, 470.0, 94.0, 470.0, 100.0, 470.0, 100.0, 483.0, 94.0, 483.0, 88.0, 483.0, 82.0, 483.0]
rec: MAIN.....................
text_instance: 3
bbox: [100, 471, 29, 15]
bezier_pts: [100.0, 471.0, 109.33, 471.0, 118.67, 471.0, 128.0, 471.0, 128.0, 483.0, 118.54, 485.23, 109.29, 485.49, 100.0, 483.0]
rec: Street...................
text_instance: 4
bbox: [133, 457, 20, 16]
bezier_pts: [133.0, 457.0, 139.33, 457.0, 145.67, 457.0, 152.0, 457.0, 152.0, 470.0, 145.89, 472.65, 139.36, 472.25, 133.0, 470.0]
rec: Tree.....................
text_instance: 5
bbox: [116, 457, 16, 16]
bezier_pts: [116.0, 457.0, 121.0, 457.0, 126.0, 457.0, 131.0, 457.0, 131.0, 469.0, 139.98, 473.37, 111.47, 473.36, 116.0, 469.0]
rec: Oak......................
text_instance: 6
bbox: [127, 471, 36, 14]
bezier_pts: [127.0, 471.0, 138.67, 471.0, 150.33, 471.0, 162.0, 471.0, 162.0, 482.0, 150.4, 483.43, 138.82, 483.49, 127.0, 482.0]
rec: Hahndorf.................
text_instance: 7
bbox: [110, 348, 59, 12]
bezier_pts: [110.0, 348.0, 129.33, 348.0, 148.67, 348.0, 168.0, 348.0, 168.0, 357.0, 149.03, 358.72, 129.23, 358.44, 110.0, 357.0]
rec: 7070073..................
text_instance: 8
bbox: [90, 348, 19, 11]
bezier_pts: [90.0, 348.0, 96.0, 348.0, 102.0, 348.0, 108.0, 348.0, 108.0, 357.0, 102.0, 357.0, 96.0, 357.0, 90.0, 357.0]
rec: 08.......................
text_instance: 9
bbox: [41, 272, 95, 29]
bezier_pts: [41.0, 289.0, 70.33, 265.19, 105.17, 264.0, 135.0, 290.0, 125.0, 299.0, 102.24, 282.06, 73.99, 282.93, 51.0, 300.0]
rec: Hahndorf.................
text_instance: 10
bbox: [24, 302, 33, 36]
bezier_pts: [32.0, 302.0, 43.63, 303.88, 45.18, 317.63, 56.0, 320.0, 52.0, 337.0, 40.1, 338.62, 29.09, 321.83, 24.0, 312.0]
rec: Oak......................
text_instance: 11
bbox: [51, 322, 35, 26]
bezier_pts: [56.0, 322.0, 65.67, 325.67, 75.33, 329.33, 85.0, 333.0, 85.0, 346.0, 74.99, 348.33, 54.66, 346.94, 51.0, 337.0]
rec: Tree.....................
text_instance: 12
bbox: [88, 308, 65, 40]
bezier_pts: [88.0, 335.0, 109.03, 333.77, 129.5, 324.53, 142.0, 308.0, 152.0, 315.0, 136.81, 332.21, 115.03, 346.61, 91.0, 347.0]
rec: Cottages.................
text_instance: 13
bbox: [4, 349, 63, 10]
bezier_pts: [4.0, 349.0, 24.67, 349.0, 45.33, 349.0, 66.0, 349.0, 64.0, 358.0, 44.0, 357.33, 24.0, 356.67, 4.0, 356.0]
rec: LLECTABLES...............
text_instance: 14
bbox: [219, 424, 52, 26]
bezier_pts: [219.0, 424.0, 236.6, 424.19, 255.45, 421.85, 270.0, 436.0, 262.0, 449.0, 249.13, 442.36, 237.91, 432.48, 223.0, 441.0]
rec: nndorf...................
text_instance: 15
bbox: [237, 453, 45, 33]
bezier_pts: [237.0, 475.0, 253.68, 471.63, 265.47, 471.19, 275.0, 453.0, 281.0, 461.0, 272.04, 476.81, 255.46, 483.15, 239.0, 485.0]
rec: Cottages.................
text_instance: 16
bbox: [81, 455, 38, 16]
bezier_pts: [81.0, 455.0, 93.33, 455.0, 105.67, 455.0, 118.0, 455.0, 118.0, 469.0, 106.09, 469.61, 94.07, 469.73, 82.0, 469.0]
rec: Hahndorf.................
