text_instance: 0
bbox: [285, 86, 411, 98]
bezier_pts: [285.0, 142.0, 410.19, 61.25, 569.0, 52.9, 695.0, 138.0, 669.0, 182.0, 553.62, 118.99, 416.41, 156.91, 298.0, 183.0]
rec: CHRISTENSEN..............
text_instance: 1
bbox: [260, 187, 278, 56]
bezier_pts: [260.0, 188.0, 352.33, 187.67, 444.67, 187.33, 537.0, 187.0, 534.0, 236.0, 445.18, 247.63, 348.37, 247.13, 261.0, 232.0]
rec: BUSINESS.................
text_instance: 2
bbox: [566, 186, 150, 47]
bezier_pts: [566.0, 187.0, 615.0, 186.67, 664.0, 186.33, 713.0, 186.0, 715.0, 232.0, 666.67, 231.0, 618.33, 230.0, 570.0, 229.0]
rec: PARK.....................
text_instance: 3
bbox: [274, 301, 171, 55]
bezier_pts: [284.0, 301.0, 337.33, 301.67, 390.67, 302.33, 444.0, 303.0, 431.0, 355.0, 378.67, 354.33, 326.33, 353.67, 274.0, 353.0]
rec: Southwark................
text_instance: 4
bbox: [289, 352, 60, 20]
bezier_pts: [290.0, 355.0, 308.0, 354.0, 326.0, 353.0, 344.0, 352.0, 348.0, 371.0, 328.33, 370.67, 308.67, 370.33, 289.0, 370.0]
rec: METAL....................
text_instance: 5
bbox: [351, 352, 43, 21]
bezier_pts: [351.0, 352.0, 364.0, 353.0, 377.0, 354.0, 390.0, 355.0, 393.0, 370.0, 379.67, 370.67, 366.33, 371.33, 353.0, 372.0]
rec: MFG......................
text_instance: 6
bbox: [533, 315, 111, 37]
bezier_pts: [542.0, 315.0, 575.33, 315.33, 608.67, 315.67, 642.0, 316.0, 643.0, 351.0, 606.33, 351.0, 569.67, 351.0, 533.0, 351.0]
rec: Bauer....................
text_instance: 7
bbox: [656, 316, 96, 35]
bezier_pts: [661.0, 316.0, 690.67, 316.0, 720.33, 316.0, 750.0, 316.0, 751.0, 346.0, 719.01, 349.14, 687.78, 350.12, 656.0, 350.0]
rec: Built....................
text_instance: 8
bbox: [291, 434, 119, 58]
bezier_pts: [291.0, 434.0, 329.33, 435.0, 367.67, 436.0, 406.0, 437.0, 409.0, 491.0, 371.0, 491.0, 333.0, 491.0, 295.0, 491.0]
rec: Natura...................
text_instance: 9
bbox: [326, 538, 97, 21]
bezier_pts: [327.0, 541.0, 358.28, 538.27, 391.81, 535.68, 422.0, 540.0, 422.0, 555.0, 390.0, 556.0, 358.0, 557.0, 326.0, 558.0]
rec: products.................
text_instance: 10
bbox: [513, 478, 222, 41]
bezier_pts: [516.0, 478.0, 588.67, 478.67, 661.33, 479.33, 734.0, 480.0, 733.0, 517.0, 659.67, 517.89, 586.71, 516.35, 513.0, 512.0]
rec: Chaleston................
text_instance: 11
bbox: [530, 527, 121, 20]
bezier_pts: [530.0, 528.0, 570.0, 527.67, 610.0, 527.33, 650.0, 527.0, 648.0, 546.0, 610.18, 545.2, 571.85, 545.54, 534.0, 542.0]
rec: WHOLESALE................
text_instance: 12
bbox: [650, 526, 78, 20]
bezier_pts: [651.0, 527.0, 674.0, 526.67, 697.0, 526.33, 720.0, 526.0, 727.0, 545.0, 701.33, 544.33, 675.67, 543.67, 650.0, 543.0]
rec: SUPPLY...................
text_instance: 13
bbox: [297, 564, 57, 24]
bezier_pts: [297.0, 564.0, 315.67, 564.33, 334.33, 564.67, 353.0, 565.0, 353.0, 586.0, 334.67, 586.33, 316.33, 586.67, 298.0, 587.0]
rec: healthiest...............
text_instance: 14
bbox: [372, 566, 36, 20]
bezier_pts: [372.0, 566.0, 383.33, 566.0, 394.67, 566.0, 406.0, 566.0, 407.0, 583.0, 396.4, 584.07, 385.65, 585.0, 375.0, 585.0]
rec: foods....................
text_instance: 15
bbox: [439, 567, 37, 19]
bezier_pts: [439.0, 567.0, 450.67, 567.33, 462.33, 567.67, 474.0, 568.0, 475.0, 584.0, 463.67, 585.59, 452.51, 584.83, 441.0, 585.0]
rec: world....................
text_instance: 16
bbox: [395, 356, 39, 17]
bezier_pts: [396.0, 357.0, 408.0, 355.12, 419.26, 354.82, 431.0, 359.0, 433.0, 371.0, 420.48, 371.27, 407.67, 372.3, 395.0, 372.0]
rec: co.......................
text_instance: 17
bbox: [718, 349, 32, 13]
bezier_pts: [720.0, 350.0, 729.67, 350.0, 739.33, 350.0, 749.0, 350.0, 745.0, 361.0, 736.0, 361.0, 727.0, 361.0, 718.0, 361.0]
rec: TIRE.....................
text_instance: 18
bbox: [283, 539, 38, 19]
bezier_pts: [283.0, 540.0, 295.33, 539.67, 307.67, 539.33, 320.0, 539.0, 320.0, 555.0, 307.89, 556.27, 295.59, 556.91, 283.0, 557.0]
rec: pet......................
text_instance: 19
bbox: [232, 567, 36, 16]
bezier_pts: [232.0, 568.0, 243.19, 565.86, 254.55, 567.02, 266.0, 569.0, 267.0, 582.0, 255.33, 582.0, 243.67, 582.0, 232.0, 582.0]
rec: Maker....................
text_instance: 20
bbox: [264, 569, 17, 14]
bezier_pts: [265.0, 569.0, 270.0, 569.0, 275.0, 569.0, 280.0, 569.0, 279.0, 581.0, 274.0, 581.33, 269.0, 581.67, 264.0, 582.0]
rec: of.......................
text_instance: 21
bbox: [278, 568, 22, 17]
bezier_pts: [279.0, 568.0, 285.54, 568.01, 292.71, 567.76, 299.0, 570.0, 299.0, 583.0, 292.08, 584.59, 285.01, 584.71, 278.0, 583.0]
rec: the......................
text_instance: 22
bbox: [406, 568, 16, 16]
bezier_pts: [406.0, 569.0, 411.0, 569.0, 416.0, 569.0, 421.0, 569.0, 421.0, 582.0, 416.39, 584.06, 411.68, 582.7, 407.0, 581.0]
rec: in.......................
text_instance: 23
bbox: [420, 568, 22, 15]
bezier_pts: [420.0, 568.0, 426.67, 568.33, 433.33, 566.89, 440.0, 569.0, 441.0, 581.0, 434.09, 582.58, 426.99, 582.74, 420.0, 581.0]
rec: the......................
