text_instance: 0
bbox: [275, 642, 67, 49]
bezier_pts: [283.0, 642.0, 302.33, 654.0, 321.67, 666.0, 341.0, 678.0, 341.0, 690.0, 317.43, 679.43, 295.63, 665.77, 275.0, 650.0]
rec: MILEWA...................
text_instance: 1
bbox: [349, 660, 107, 36]
bezier_pts: [352.0, 681.0, 383.0, 674.0, 414.0, 667.0, 445.0, 660.0, 455.0, 668.0, 424.86, 692.16, 385.98, 698.72, 349.0, 693.0]
rec: AUSTRALIA................
text_instance: 2
bbox: [221, 699, 303, 72]
bezier_pts: [222.0, 699.0, 322.33, 711.0, 422.67, 723.0, 523.0, 735.0, 517.0, 769.0, 420.32, 775.88, 313.4, 759.53, 221.0, 733.0]
rec: MOSCATO..................
text_instance: 3
bbox: [313, 774, 90, 31]
bezier_pts: [321.0, 774.0, 348.0, 778.0, 375.0, 782.0, 402.0, 786.0, 392.0, 804.0, 365.27, 803.44, 338.59, 800.14, 313.0, 794.0]
rec: 2015.....................
text_instance: 4
bbox: [304, 813, 163, 85]
bezier_pts: [344.0, 813.0, 376.93, 828.82, 419.46, 861.42, 462.0, 844.0, 466.0, 864.0, 412.57, 877.92, 358.71, 888.96, 304.0, 897.0]
rec: White....................
text_instance: 5
bbox: [479, 740, 140, 120]
bezier_pts: [479.0, 802.0, 523.89, 779.33, 592.03, 798.74, 618.0, 740.0, 610.0, 796.0, 569.84, 814.36, 537.8, 862.12, 487.0, 859.0]
rec: Gold.....................
text_instance: 6
bbox: [299, 599, 129, 42]
bezier_pts: [302.0, 599.0, 343.0, 603.0, 384.0, 607.0, 425.0, 611.0, 427.0, 640.0, 384.33, 636.67, 341.67, 633.33, 299.0, 630.0]
rec: BROWN....................
text_instance: 7
bbox: [291, 632, 134, 37]
bezier_pts: [302.0, 632.0, 342.67, 634.67, 383.33, 637.33, 424.0, 640.0, 422.0, 668.0, 378.33, 663.33, 334.67, 658.67, 291.0, 654.0]
rec: BROTHERS.................
