text_instance: 0
bbox: [205, 132, 109, 51]
bezier_pts: [205.0, 159.0, 236.01, 138.37, 274.03, 131.48, 312.0, 132.0, 313.0, 157.0, 280.61, 156.7, 248.56, 162.84, 220.0, 182.0]
rec: Hemlock..................
text_instance: 1
bbox: [318, 128, 75, 54]
bezier_pts: [325.0, 128.0, 347.23, 135.78, 371.74, 144.22, 392.0, 156.0, 381.0, 181.0, 360.0, 172.67, 339.0, 164.33, 318.0, 156.0]
rec: Bluffs...................
text_instance: 2
bbox: [206, 199, 87, 51]
bezier_pts: [218.0, 199.0, 237.84, 217.77, 265.24, 221.73, 290.0, 226.0, 292.0, 249.0, 262.5, 248.07, 231.29, 236.15, 206.0, 222.0]
rec: Animal...................
text_instance: 3
bbox: [300, 197, 97, 52]
bezier_pts: [301.0, 224.0, 328.33, 215.0, 355.67, 206.0, 383.0, 197.0, 396.0, 217.0, 371.3, 242.01, 333.31, 250.71, 300.0, 248.0]
rec: Hospital.................
