text_instance: 0
bbox: [157, 354, 49, 41]
bezier_pts: [169.0, 354.0, 181.0, 363.0, 193.0, 372.0, 205.0, 381.0, 200.0, 394.0, 184.07, 386.43, 169.75, 375.65, 157.0, 363.0]
rec: POLIS....................
text_instance: 1
bbox: [204, 384, 70, 24]
bezier_pts: [210.0, 384.0, 229.33, 387.67, 248.67, 391.33, 268.0, 395.0, 273.0, 407.0, 250.24, 405.17, 226.81, 401.22, 204.0, 394.0]
rec: DIRAJA...................
text_instance: 2
bbox: [275, 365, 79, 41]
bezier_pts: [275.0, 394.0, 297.0, 384.33, 319.0, 374.67, 341.0, 365.0, 353.0, 371.0, 332.64, 391.01, 307.02, 405.08, 278.0, 405.0]
rec: MALAYSIA.................
text_instance: 3
bbox: [434, 252, 575, 158]
bezier_pts: [434.0, 252.0, 631.81, 268.02, 816.82, 248.93, 1002.0, 309.0, 1008.0, 409.0, 820.29, 407.21, 639.41, 418.56, 446.0, 381.0]
rec: PONDO....................
