text_instance: 0
bbox: [167, 111, 99, 42]
bezier_pts: [167.0, 111.0, 199.67, 111.0, 232.33, 111.0, 265.0, 111.0, 265.0, 151.0, 232.33, 151.0, 199.67, 151.0, 167.0, 151.0]
rec: DIAMOND..................
text_instance: 1
bbox: [271, 106, 79, 48]
bezier_pts: [271.0, 106.0, 297.0, 106.0, 323.0, 106.0, 349.0, 106.0, 349.0, 152.0, 322.14, 152.0, 296.2, 152.0, 271.0, 152.0]
rec: HOTEL....................
text_instance: 2
bbox: [105, 110, 59, 45]
bezier_pts: [105.0, 110.0, 124.33, 110.0, 143.67, 110.0, 163.0, 110.0, 163.0, 154.0, 143.67, 154.0, 124.33, 154.0, 105.0, 154.0]
rec: BLUE.....................
text_instance: 3
bbox: [355, 243, 148, 38]
bezier_pts: [355.0, 243.0, 404.0, 244.0, 453.0, 245.0, 502.0, 246.0, 502.0, 274.0, 454.67, 276.0, 407.33, 278.0, 360.0, 280.0]
rec: HOTEL....................
text_instance: 4
bbox: [16, 415, 60, 67]
bezier_pts: [16.0, 415.0, 35.67, 423.67, 55.33, 432.33, 75.0, 441.0, 70.0, 481.0, 52.0, 474.67, 34.0, 468.33, 16.0, 462.0]
rec: 5046.....................
text_instance: 5
bbox: [121, 191, 55, 40]
bezier_pts: [130.0, 191.0, 145.0, 199.0, 160.0, 207.0, 175.0, 215.0, 171.0, 230.0, 153.24, 223.71, 137.45, 214.12, 121.0, 205.0]
rec: 48-50....................
text_instance: 6
bbox: [176, 214, 41, 30]
bezier_pts: [177.0, 214.0, 190.0, 217.0, 203.0, 220.0, 216.0, 223.0, 214.0, 243.0, 200.75, 242.77, 188.01, 239.01, 176.0, 234.0]
rec: THU......................
text_instance: 7
bbox: [218, 217, 62, 28]
bezier_pts: [218.0, 225.0, 234.67, 222.33, 251.33, 219.67, 268.0, 217.0, 279.0, 234.0, 260.0, 240.12, 240.36, 243.44, 220.0, 244.0]
rec: KHOA.....................
text_instance: 8
bbox: [277, 190, 57, 45]
bezier_pts: [277.0, 216.0, 293.67, 207.33, 310.33, 198.67, 327.0, 190.0, 333.0, 209.0, 317.56, 218.6, 300.53, 227.48, 283.0, 234.0]
rec: HUAN.....................
text_instance: 9
bbox: [363, 201, 38, 42]
bezier_pts: [363.0, 202.0, 375.77, 202.54, 387.9, 200.37, 400.0, 201.0, 399.0, 241.0, 388.33, 241.38, 377.67, 242.6, 367.0, 240.0]
rec: UE.......................
text_instance: 10
bbox: [402, 196, 128, 43]
bezier_pts: [403.0, 202.0, 445.3, 196.73, 485.35, 197.9, 527.0, 196.0, 529.0, 235.0, 487.62, 237.05, 444.74, 238.11, 402.0, 238.0]
rec: DIAMOND..................
text_instance: 11
bbox: [338, 296, 58, 26]
bezier_pts: [339.0, 301.0, 357.67, 297.33, 376.33, 297.74, 395.0, 296.0, 395.0, 319.0, 376.25, 321.61, 356.85, 321.74, 338.0, 320.0]
rec: 48-50....................
text_instance: 12
bbox: [397, 302, 33, 20]
bezier_pts: [397.0, 302.0, 407.67, 302.33, 418.33, 302.67, 429.0, 303.0, 427.0, 321.0, 417.0, 320.67, 407.0, 320.33, 397.0, 320.0]
rec: Thu......................
text_instance: 13
bbox: [429, 301, 45, 21]
bezier_pts: [429.0, 301.0, 442.67, 301.33, 456.33, 301.67, 470.0, 302.0, 473.0, 317.0, 458.33, 318.33, 443.67, 319.67, 429.0, 321.0]
rec: Khoa.....................
text_instance: 14
bbox: [472, 301, 46, 19]
bezier_pts: [472.0, 302.0, 487.0, 301.67, 502.0, 301.33, 517.0, 301.0, 516.0, 318.0, 501.84, 319.98, 487.98, 318.06, 474.0, 318.0]
rec: Huan.....................
