text_instance: 0
bbox: [300, 166, 109, 62]
bezier_pts: [305.0, 166.0, 340.39, 173.21, 374.46, 179.63, 408.0, 185.0, 407.0, 227.0, 370.88, 225.7, 334.48, 221.03, 300.0, 215.0]
rec: cave.....................
text_instance: 1
bbox: [424, 190, 120, 63]
bezier_pts: [426.0, 190.0, 466.39, 191.88, 505.17, 196.27, 543.0, 210.0, 540.0, 252.0, 501.18, 247.29, 462.05, 239.61, 424.0, 229.0]
rec: SPRING...................
text_instance: 2
bbox: [555, 214, 60, 53]
bezier_pts: [555.0, 214.0, 574.47, 216.64, 595.08, 219.38, 612.0, 230.0, 614.0, 266.0, 594.16, 264.59, 575.24, 260.33, 557.0, 253.0]
rec: HIGH.....................
text_instance: 3
bbox: [620, 233, 77, 62]
bezier_pts: [620.0, 233.0, 645.73, 235.32, 669.31, 246.53, 693.0, 255.0, 696.0, 294.0, 671.38, 288.89, 647.8, 280.84, 625.0, 270.0]
rec: SCHOOL...................
