text_instance: 0
bbox: [556, 416, 250, 203]
bezier_pts: [556.0, 519.0, 633.0, 473.96, 717.59, 438.29, 805.0, 416.0, 798.0, 493.0, 713.09, 491.64, 643.9, 550.97, 596.0, 618.0]
rec: SeLamat..................
text_instance: 1
bbox: [884, 442, 182, 195]
bezier_pts: [886.0, 442.0, 956.9, 460.23, 1015.65, 496.19, 1065.0, 550.0, 1043.0, 636.0, 968.8, 617.39, 966.66, 518.75, 884.0, 515.0]
rec: Datang...................
text_instance: 2
bbox: [701, 574, 173, 65]
bezier_pts: [701.0, 587.0, 755.33, 582.67, 809.67, 578.33, 864.0, 574.0, 873.0, 623.0, 820.33, 628.0, 767.67, 633.0, 715.0, 638.0]
rec: Welcome..................
text_instance: 3
bbox: [572, 645, 254, 155]
bezier_pts: [624.0, 645.0, 667.72, 721.75, 745.72, 731.78, 823.0, 728.0, 825.0, 799.0, 737.12, 792.44, 644.86, 752.61, 572.0, 704.0]
rec: GUNUNG...................
text_instance: 4
bbox: [873, 612, 199, 179]
bezier_pts: [873.0, 704.0, 948.52, 728.82, 999.82, 661.99, 1032.0, 612.0, 1071.0, 651.0, 1027.69, 711.73, 959.63, 764.9, 889.0, 790.0]
rec: LEDANG...................
text_instance: 5
bbox: [886, 580, 53, 46]
bezier_pts: [886.0, 581.0, 901.67, 581.0, 917.33, 581.0, 933.0, 581.0, 938.0, 623.0, 920.67, 623.67, 903.33, 624.33, 886.0, 625.0]
rec: To.......................
