text_instance: 0
bbox: [237, 336, 126, 170]
bezier_pts: [237.0, 494.0, 256.42, 426.84, 300.29, 382.84, 350.0, 336.0, 362.0, 369.0, 306.15, 397.19, 281.47, 445.71, 269.0, 505.0]
rec: DISCIPLINE...............
text_instance: 1
bbox: [386, 309, 196, 67]
bezier_pts: [386.0, 321.0, 452.94, 296.42, 522.7, 304.07, 581.0, 351.0, 567.0, 375.0, 515.91, 340.36, 455.64, 317.68, 395.0, 353.0]
rec: KNOWLEDGE................
text_instance: 2
bbox: [555, 387, 68, 209]
bezier_pts: [606.0, 387.0, 641.99, 459.97, 617.21, 533.85, 578.0, 595.0, 555.0, 582.0, 579.73, 527.25, 614.13, 462.03, 576.0, 401.0]
rec: LEADERSHIP...............
text_instance: 3
bbox: [374, 467, 96, 55]
bezier_pts: [401.0, 467.0, 423.67, 474.0, 446.33, 481.0, 469.0, 488.0, 456.0, 521.0, 427.72, 515.4, 400.39, 506.79, 374.0, 496.0]
rec: Truth....................
text_instance: 4
bbox: [189, 509, 111, 81]
bezier_pts: [205.0, 509.0, 236.33, 518.0, 267.67, 527.0, 299.0, 536.0, 275.0, 589.0, 245.97, 581.33, 217.41, 573.06, 189.0, 564.0]
rec: NEW......................
text_instance: 5
bbox: [296, 535, 298, 138]
bezier_pts: [314.0, 535.0, 407.0, 563.0, 500.0, 591.0, 593.0, 619.0, 570.0, 672.0, 478.35, 649.27, 387.49, 623.63, 296.0, 595.0]
rec: MILLENNIUM...............
text_instance: 6
bbox: [248, 598, 210, 111]
bezier_pts: [276.0, 598.0, 336.33, 616.33, 396.67, 634.67, 457.0, 653.0, 438.0, 708.0, 374.35, 692.57, 311.65, 674.23, 248.0, 653.0]
rec: SCHOOL...................
text_instance: 7
bbox: [115, 705, 149, 96]
bezier_pts: [133.0, 705.0, 176.33, 717.67, 219.67, 730.33, 263.0, 743.0, 236.0, 800.0, 195.67, 786.0, 155.33, 772.0, 115.0, 758.0]
rec: SAVE.....................
text_instance: 8
bbox: [267, 748, 223, 129]
bezier_pts: [284.0, 748.0, 353.97, 773.02, 421.1, 792.94, 489.0, 820.0, 474.0, 876.0, 404.64, 853.75, 335.16, 830.85, 267.0, 805.0]
rec: WATER....................
