text_instance: 0
bbox: [205, 21, 66, 78]
bezier_pts: [205.0, 70.0, 215.69, 49.98, 226.81, 27.94, 252.0, 21.0, 270.0, 53.0, 254.78, 66.08, 240.29, 79.81, 231.0, 98.0]
rec: SAN......................
text_instance: 1
bbox: [281, 14, 127, 116]
bezier_pts: [281.0, 14.0, 339.82, 14.17, 389.59, 47.39, 407.0, 108.0, 389.0, 129.0, 374.07, 76.15, 332.94, 54.9, 281.0, 49.0]
rec: LORENZO..................
text_instance: 2
bbox: [217, 101, 186, 65]
bezier_pts: [217.0, 101.0, 277.43, 99.28, 342.34, 117.08, 401.0, 133.0, 402.0, 165.0, 340.22, 169.52, 278.56, 145.4, 219.0, 138.0]
rec: MEXICAN..................
text_instance: 3
bbox: [81, 137, 235, 46]
bezier_pts: [83.0, 161.0, 156.83, 133.92, 241.27, 135.48, 315.0, 155.0, 312.0, 181.0, 237.68, 155.36, 155.35, 164.59, 81.0, 182.0]
rec: RESTAURANT...............
text_instance: 4
bbox: [362, 162, 65, 37]
bezier_pts: [362.0, 162.0, 382.51, 163.36, 405.78, 164.44, 426.0, 171.0, 425.0, 198.0, 404.47, 197.26, 384.08, 193.96, 364.0, 188.0]
rec: CAN......................
