text_instance: 0
bbox: [566, 284, 358, 281]
bezier_pts: [566.0, 545.0, 565.24, 324.16, 745.37, 201.82, 923.0, 339.0, 903.0, 414.0, 761.67, 294.1, 623.11, 389.47, 635.0, 564.0]
rec: FISHERMANS...............
text_instance: 1
bbox: [624, 719, 155, 190]
bezier_pts: [678.0, 719.0, 711.33, 755.67, 744.67, 792.33, 778.0, 829.0, 751.0, 908.0, 706.0, 868.4, 658.31, 821.64, 624.0, 773.0]
rec: SAN......................
text_instance: 2
bbox: [787, 683, 310, 263]
bezier_pts: [796.0, 840.0, 927.92, 892.34, 1005.81, 807.21, 1034.0, 683.0, 1096.0, 710.0, 1079.05, 884.55, 962.92, 1001.5, 787.0, 922.0]
rec: FRANCISCO................
text_instance: 3
bbox: [926, 349, 179, 305]
bezier_pts: [950.0, 349.0, 1036.72, 429.53, 1088.01, 533.52, 1104.0, 651.0, 1033.0, 653.0, 1026.28, 566.2, 991.98, 479.82, 926.0, 422.0]
rec: WHARF....................
text_instance: 4
bbox: [573, 599, 99, 116]
bezier_pts: [634.0, 599.0, 646.19, 636.69, 654.66, 676.25, 671.0, 713.0, 596.0, 714.0, 587.26, 680.21, 567.78, 648.8, 573.0, 611.0]
rec: OF.......................
