text_instance: 0
bbox: [136, 16, 725, 653]
bezier_pts: [210.0, 16.0, 422.46, 132.86, 652.59, 177.08, 857.0, 278.0, 860.0, 668.0, 611.76, 667.02, 345.24, 615.36, 136.0, 458.0]
rec: Omaha....................
text_instance: 1
bbox: [684, 21, 133, 112]
bezier_pts: [684.0, 129.0, 686.88, 55.52, 738.72, -0.04, 816.0, 28.0, 814.0, 59.0, 755.42, 37.07, 737.23, 80.9, 719.0, 132.0]
rec: GRADE....................
text_instance: 2
bbox: [748, 77, 101, 114]
bezier_pts: [748.0, 88.0, 754.33, 83.63, 760.84, 79.4, 768.0, 77.0, 848.0, 143.0, 814.43, 150.12, 795.58, 182.35, 763.0, 190.0]
rec: A........................
