text_instance: 0
bbox: [195, 55, 109, 49]
bezier_pts: [195.0, 55.0, 231.0, 55.0, 267.0, 55.0, 303.0, 55.0, 303.0, 103.0, 267.0, 103.0, 231.0, 103.0, 195.0, 103.0]
rec: 336B.....................
text_instance: 1
bbox: [449, 72, 97, 45]
bezier_pts: [449.0, 72.0, 481.0, 72.0, 513.0, 72.0, 545.0, 72.0, 545.0, 115.0, 513.0, 115.0, 481.0, 115.0, 449.0, 115.0]
rec: BEG......................
text_instance: 2
bbox: [305, 65, 144, 46]
bezier_pts: [313.0, 65.0, 358.0, 68.0, 403.0, 71.0, 448.0, 74.0, 446.0, 110.0, 399.21, 109.88, 353.14, 110.47, 305.0, 109.0]
rec: KEDAI....................
text_instance: 3
bbox: [373, 544, 149, 83]
bezier_pts: [373.0, 623.0, 369.2, 524.83, 485.89, 506.44, 521.0, 602.0, 500.0, 620.0, 479.97, 555.95, 400.61, 551.51, 398.0, 626.0]
rec: CRUMPLER.................
text_instance: 4
bbox: [395, 662, 82, 30]
bezier_pts: [409.0, 662.0, 424.75, 679.26, 443.8, 678.8, 465.0, 671.0, 476.0, 685.0, 448.78, 686.04, 421.83, 684.04, 395.0, 679.0]
rec: MELBOURNE................
