text_instance: 0
bbox: [635, 855, 880, 228]
bezier_pts: [635.0, 992.0, 919.11, 839.92, 1228.11, 845.16, 1514.0, 917.0, 1508.0, 1004.0, 1220.55, 1032.95, 932.79, 1058.96, 644.0, 1082.0]
rec: BRIDGE...................
text_instance: 1
bbox: [650, 1016, 859, 166]
bezier_pts: [671.0, 1091.0, 946.79, 1061.0, 1229.74, 1037.15, 1505.0, 1016.0, 1508.0, 1103.0, 1222.9, 1131.85, 936.39, 1157.93, 650.0, 1181.0]
rec: STORES...................
text_instance: 2
bbox: [635, 1259, 205, 217]
bezier_pts: [692.0, 1259.0, 741.0, 1314.0, 790.0, 1369.0, 839.0, 1424.0, 794.0, 1475.0, 719.03, 1443.44, 680.01, 1371.18, 635.0, 1307.0]
rec: www......................
text_instance: 3
bbox: [843, 1311, 632, 236]
bezier_pts: [876.0, 1415.0, 1071.16, 1500.65, 1276.67, 1453.17, 1430.0, 1311.0, 1474.0, 1349.0, 1310.27, 1529.36, 1081.9, 1605.75, 843.0, 1503.0]
rec: bridgestores.............
text_instance: 4
bbox: [1447, 1194, 82, 102]
bezier_pts: [1447.0, 1270.0, 1456.09, 1243.2, 1465.5, 1216.65, 1483.0, 1194.0, 1528.0, 1215.0, 1515.67, 1241.67, 1503.33, 1268.33, 1491.0, 1295.0]
rec: ie.......................
