text_instance: 0
bbox: [819, 602, 183, 77]
bezier_pts: [819.0, 602.0, 879.67, 607.67, 940.33, 613.33, 1001.0, 619.0, 1001.0, 678.0, 940.45, 676.58, 880.96, 671.85, 819.0, 667.0]
rec: NOW......................
text_instance: 1
bbox: [1022, 630, 193, 76]
bezier_pts: [1022.0, 630.0, 1082.48, 639.45, 1145.21, 639.21, 1207.0, 654.0, 1214.0, 705.0, 1153.33, 699.33, 1092.67, 693.67, 1032.0, 688.0]
rec: VISIT....................
text_instance: 2
bbox: [295, 551, 858, 261]
bezier_pts: [319.0, 551.0, 596.25, 636.13, 845.99, 704.73, 1142.0, 705.0, 1152.0, 811.0, 865.92, 786.68, 580.21, 759.34, 295.0, 729.0]
rec: STEREO...................
text_instance: 3
bbox: [1221, 688, 409, 176]
bezier_pts: [1221.0, 719.0, 1357.0, 708.67, 1493.0, 698.33, 1629.0, 688.0, 1615.0, 863.0, 1484.67, 850.33, 1354.33, 837.67, 1224.0, 825.0]
rec: CITY.....................
text_instance: 4
bbox: [665, 794, 183, 77]
bezier_pts: [665.0, 794.0, 725.67, 798.67, 786.33, 803.33, 847.0, 808.0, 843.0, 870.0, 786.0, 864.0, 729.0, 858.0, 672.0, 852.0]
rec: 1130.....................
text_instance: 5
bbox: [878, 811, 453, 90]
bezier_pts: [878.0, 811.0, 1033.08, 824.53, 1180.26, 828.46, 1330.0, 846.0, 1330.0, 900.0, 1181.67, 891.0, 1033.33, 882.0, 885.0, 873.0]
rec: CHESTNUT.................
text_instance: 6
bbox: [542, 852, 227, 97]
bezier_pts: [542.0, 852.0, 617.33, 858.0, 692.67, 864.0, 768.0, 870.0, 768.0, 948.0, 692.67, 943.67, 617.33, 939.33, 542.0, 935.0]
rec: 215......................
text_instance: 7
bbox: [843, 887, 245, 76]
bezier_pts: [854.0, 887.0, 930.78, 887.67, 1010.22, 891.0, 1087.0, 897.0, 1077.0, 962.0, 998.54, 956.68, 920.56, 952.14, 843.0, 945.0]
rec: 625......................
text_instance: 8
bbox: [1155, 907, 303, 77]
bezier_pts: [1155.0, 907.0, 1255.96, 906.44, 1358.19, 915.3, 1457.0, 931.0, 1457.0, 983.0, 1358.77, 980.86, 1261.84, 976.24, 1166.0, 969.0]
rec: 9495.....................
text_instance: 9
bbox: [151, 1127, 176, 83]
bezier_pts: [154.0, 1127.0, 210.0, 1129.33, 266.0, 1131.67, 322.0, 1134.0, 326.0, 1209.0, 267.67, 1206.67, 209.33, 1204.33, 151.0, 1202.0]
rec: 1410.....................
text_instance: 10
bbox: [350, 1147, 292, 66]
bezier_pts: [350.0, 1147.0, 447.0, 1150.67, 544.0, 1154.33, 641.0, 1158.0, 638.0, 1212.0, 541.34, 1209.03, 445.78, 1203.28, 353.0, 1199.0]
rec: CHESTNUT.................
text_instance: 11
bbox: [888, 1154, 512, 121]
bezier_pts: [888.0, 1154.0, 1058.33, 1164.33, 1228.67, 1174.67, 1399.0, 1185.0, 1392.0, 1274.0, 1226.33, 1263.67, 1060.67, 1253.33, 895.0, 1243.0]
rec: WHOLESALE................
text_instance: 12
bbox: [1526, 1199, 138, 76]
bezier_pts: [1526.0, 1199.0, 1571.67, 1202.33, 1617.33, 1205.67, 1663.0, 1209.0, 1659.0, 1274.0, 1618.0, 1271.67, 1577.0, 1269.33, 1536.0, 1267.0]
rec: THE......................
text_instance: 13
bbox: [1670, 1206, 220, 86]
bezier_pts: [1670.0, 1206.0, 1743.0, 1210.33, 1816.0, 1214.67, 1889.0, 1219.0, 1886.0, 1291.0, 1817.33, 1287.67, 1748.67, 1284.33, 1680.0, 1281.0]
rec: PUBLIC...................
text_instance: 14
bbox: [600, 816, 54, 34]
bezier_pts: [608.0, 816.0, 623.0, 816.67, 638.0, 817.33, 653.0, 818.0, 651.0, 849.0, 634.0, 847.67, 617.0, 846.33, 600.0, 845.0]
rec: at.......................
text_instance: 15
bbox: [658, 1163, 82, 61]
bezier_pts: [661.0, 1163.0, 687.0, 1165.33, 713.0, 1167.67, 739.0, 1170.0, 737.0, 1223.0, 710.67, 1222.0, 684.33, 1221.0, 658.0, 1220.0]
rec: ST.......................
text_instance: 16
bbox: [1357, 848, 98, 64]
bezier_pts: [1361.0, 848.0, 1392.0, 850.33, 1423.0, 852.67, 1454.0, 855.0, 1454.0, 911.0, 1421.67, 907.33, 1389.33, 903.67, 1357.0, 900.0]
rec: ST.......................
text_instance: 17
bbox: [1415, 1195, 96, 69]
bezier_pts: [1415.0, 1195.0, 1444.0, 1196.33, 1473.0, 1197.67, 1502.0, 1199.0, 1510.0, 1263.0, 1479.04, 1263.3, 1447.46, 1259.93, 1417.0, 1258.0]
rec: TO.......................
