text_instance: 0
bbox: [162, 38, 112, 51]
bezier_pts: [162.0, 73.0, 185.3, 32.83, 234.92, 37.31, 271.0, 39.0, 273.0, 54.0, 240.94, 79.25, 201.06, 77.96, 166.0, 88.0]
rec: WELCOME..................
text_instance: 1
bbox: [48, 127, 112, 71]
bezier_pts: [58.0, 135.0, 91.67, 132.33, 125.33, 129.67, 159.0, 127.0, 157.0, 175.0, 123.01, 196.69, 86.34, 193.06, 48.0, 197.0]
rec: Cole.....................
text_instance: 2
bbox: [170, 44, 242, 126]
bezier_pts: [170.0, 119.0, 247.61, 78.85, 329.72, 55.61, 411.0, 44.0, 408.0, 81.0, 327.09, 91.51, 250.42, 138.81, 173.0, 169.0]
rec: Harbour..................
text_instance: 3
bbox: [96, 201, 61, 35]
bezier_pts: [97.0, 217.0, 114.81, 208.73, 134.65, 206.44, 154.0, 201.0, 156.0, 220.0, 138.2, 232.98, 116.22, 236.6, 96.0, 235.0]
rec: HOME.....................
text_instance: 4
bbox: [189, 160, 76, 47]
bezier_pts: [189.0, 188.0, 214.0, 178.67, 239.0, 169.33, 264.0, 160.0, 264.0, 176.0, 239.31, 186.43, 214.21, 196.64, 189.0, 206.0]
rec: SIDNEY...................
text_instance: 5
bbox: [266, 129, 93, 43]
bezier_pts: [266.0, 158.0, 296.4, 146.45, 327.1, 134.86, 358.0, 129.0, 358.0, 145.0, 329.0, 153.67, 300.0, 162.33, 271.0, 171.0]
rec: CROSBY...................
text_instance: 6
bbox: [161, 190, 28, 28]
bezier_pts: [162.0, 201.0, 168.55, 193.97, 177.36, 193.72, 185.0, 190.0, 188.0, 206.0, 179.0, 209.67, 170.0, 213.33, 161.0, 217.0]
rec: OF.......................
