text_instance: 0
bbox: [80, 155, 205, 129]
bezier_pts: [80.0, 253.0, 142.48, 211.27, 207.97, 178.64, 280.0, 155.0, 284.0, 188.0, 221.0, 219.67, 158.0, 251.33, 95.0, 283.0]
rec: SELAMAT..................
text_instance: 1
bbox: [304, 77, 199, 99]
bezier_pts: [304.0, 141.0, 367.18, 111.4, 433.98, 90.77, 498.0, 77.0, 502.0, 117.0, 439.67, 136.33, 377.33, 155.67, 315.0, 175.0]
rec: DATANG...................
text_instance: 2
bbox: [521, 60, 63, 58]
bezier_pts: [521.0, 69.0, 540.51, 63.59, 558.73, 63.01, 578.0, 60.0, 583.0, 106.0, 563.24, 110.42, 543.33, 114.27, 524.0, 117.0]
rec: DI.......................
text_instance: 3
bbox: [615, 49, 142, 56]
bezier_pts: [615.0, 56.0, 659.56, 49.78, 709.89, 53.1, 756.0, 49.0, 754.0, 92.0, 709.88, 96.74, 663.77, 99.98, 619.0, 104.0]
rec: OBJEK....................
text_instance: 4
bbox: [797, 44, 204, 72]
bezier_pts: [797.0, 44.0, 862.82, 47.25, 928.99, 48.27, 991.0, 67.0, 1000.0, 115.0, 934.0, 106.67, 868.0, 98.33, 802.0, 90.0]
rec: WISATA...................
text_instance: 5
bbox: [1016, 72, 206, 106]
bezier_pts: [1034.0, 72.0, 1096.49, 80.36, 1162.73, 101.76, 1221.0, 124.0, 1198.0, 177.0, 1136.09, 156.64, 1075.06, 133.43, 1016.0, 108.0]
rec: KAWAH....................
text_instance: 6
bbox: [1221, 139, 159, 106]
bezier_pts: [1233.0, 139.0, 1280.15, 163.94, 1332.43, 184.53, 1379.0, 211.0, 1357.0, 244.0, 1309.85, 223.14, 1265.19, 200.79, 1221.0, 176.0]
rec: PUTIH....................
text_instance: 7
bbox: [333, 128, 235, 91]
bezier_pts: [333.0, 188.0, 407.24, 160.72, 486.23, 136.5, 567.0, 128.0, 566.0, 155.0, 491.33, 176.0, 416.67, 197.0, 342.0, 218.0]
rec: WELCOME..................
text_instance: 8
bbox: [601, 104, 79, 53]
bezier_pts: [601.0, 113.0, 623.67, 110.0, 646.33, 107.0, 669.0, 104.0, 679.0, 151.0, 655.33, 152.67, 631.67, 154.33, 608.0, 156.0]
rec: TO.......................
text_instance: 9
bbox: [699, 103, 206, 59]
bezier_pts: [699.0, 104.0, 767.93, 101.68, 833.91, 102.16, 904.0, 115.0, 900.0, 161.0, 835.33, 158.67, 770.67, 156.33, 706.0, 154.0]
rec: KAWAH....................
text_instance: 10
bbox: [935, 124, 158, 73]
bezier_pts: [941.0, 124.0, 993.14, 136.48, 1042.81, 143.85, 1092.0, 164.0, 1084.0, 196.0, 1034.33, 183.0, 984.67, 170.0, 935.0, 157.0]
rec: PUTIH....................
text_instance: 11
bbox: [1449, 252, 69, 37]
bezier_pts: [1449.0, 252.0, 1471.0, 254.33, 1493.0, 256.67, 1515.0, 259.0, 1517.0, 288.0, 1495.67, 287.33, 1474.33, 286.67, 1453.0, 286.0]
rec: Jawa.....................
text_instance: 12
bbox: [1451, 300, 72, 30]
bezier_pts: [1451.0, 300.0, 1474.67, 301.33, 1498.33, 302.67, 1522.0, 304.0, 1517.0, 329.0, 1497.33, 328.33, 1477.67, 327.67, 1458.0, 327.0]
rec: Barat....................
