text_instance: 0
bbox: [744, 91, 229, 157]
bezier_pts: [744.0, 117.0, 817.33, 108.33, 890.67, 99.67, 964.0, 91.0, 972.0, 225.0, 897.27, 235.28, 821.5, 242.66, 746.0, 247.0]
rec: BUTIK....................
text_instance: 1
bbox: [300, 667, 577, 313]
bezier_pts: [430.0, 667.0, 517.34, 842.34, 702.87, 814.08, 862.0, 834.0, 876.0, 979.0, 638.86, 994.89, 424.6, 946.23, 300.0, 734.0]
rec: Oriental.................
text_instance: 2
bbox: [898, 635, 433, 366]
bezier_pts: [898.0, 814.0, 1015.75, 781.74, 1128.31, 743.26, 1194.0, 635.0, 1330.0, 635.0, 1284.83, 858.03, 1107.46, 909.73, 928.0, 1000.0]
rec: Noble....................
