text_instance: 0
bbox: [221, 244, 277, 169]
bezier_pts: [221.0, 256.0, 312.49, 243.61, 401.51, 248.39, 493.0, 244.0, 497.0, 325.0, 408.66, 333.11, 327.01, 405.89, 239.0, 412.0]
rec: Sanrio...................
text_instance: 1
bbox: [494, 187, 280, 229]
bezier_pts: [494.0, 187.0, 596.39, 185.75, 686.55, 234.96, 773.0, 291.0, 766.0, 415.0, 680.33, 384.67, 594.67, 354.33, 509.0, 324.0]
rec: Gallery..................
text_instance: 2
bbox: [1085, 703, 57, 19]
bezier_pts: [1086.0, 704.0, 1105.06, 702.28, 1122.26, 701.83, 1141.0, 706.0, 1141.0, 721.0, 1122.33, 720.33, 1103.67, 719.67, 1085.0, 719.0]
rec: HELLO....................
text_instance: 3
bbox: [1143, 705, 53, 17]
bezier_pts: [1144.0, 707.0, 1160.34, 703.65, 1177.42, 703.32, 1194.0, 707.0, 1195.0, 720.0, 1177.67, 720.82, 1160.33, 720.48, 1143.0, 719.0]
rec: KITTY....................
text_instance: 4
bbox: [1195, 705, 38, 20]
bezier_pts: [1196.0, 706.0, 1207.91, 706.38, 1220.27, 704.74, 1232.0, 707.0, 1232.0, 724.0, 1219.67, 722.67, 1207.33, 721.33, 1195.0, 720.0]
rec: MEN......................
text_instance: 5
bbox: [3, 675, 47, 19]
bezier_pts: [3.0, 676.0, 18.33, 675.67, 33.67, 675.33, 49.0, 675.0, 46.0, 692.0, 31.91, 692.33, 17.54, 694.03, 3.0, 692.0]
rec: VENIRS...................
text_instance: 6
bbox: [2, 857, 38, 20]
bezier_pts: [3.0, 862.0, 14.34, 859.37, 25.07, 855.36, 37.0, 858.0, 39.0, 871.0, 26.7, 873.67, 14.37, 875.32, 2.0, 876.0]
rec: RLD......................
