text_instance: 0
bbox: [368, 745, 403, 262]
bezier_pts: [371.0, 826.0, 498.0, 799.0, 625.0, 772.0, 752.0, 745.0, 770.0, 940.0, 636.49, 964.89, 502.71, 986.92, 368.0, 1006.0]
rec: ZUM......................
text_instance: 1
bbox: [831, 655, 1413, 315]
bezier_pts: [835.0, 722.0, 1304.58, 565.38, 1772.95, 707.97, 2243.0, 790.0, 2238.0, 969.0, 1778.83, 904.6, 1290.2, 747.43, 831.0, 911.0]
rec: FRANZISKANER.............
text_instance: 2
bbox: [890, 1048, 262, 166]
bezier_pts: [890.0, 1138.0, 976.0, 1100.89, 1058.45, 1074.44, 1148.0, 1048.0, 1151.0, 1120.0, 1077.0, 1151.0, 1003.0, 1182.0, 929.0, 1213.0]
rec: FALCON...................
text_instance: 3
bbox: [1412, 1033, 286, 130]
bezier_pts: [1424.0, 1033.0, 1518.71, 1043.51, 1610.11, 1068.79, 1697.0, 1108.0, 1676.0, 1162.0, 1588.0, 1144.0, 1500.0, 1126.0, 1412.0, 1108.0]
rec: FALCON...................
text_instance: 4
bbox: [2487, 664, 101, 75]
bezier_pts: [2498.0, 664.0, 2527.0, 665.33, 2556.0, 666.67, 2585.0, 668.0, 2587.0, 738.0, 2553.67, 735.67, 2520.33, 733.33, 2487.0, 731.0]
rec: Re.......................
text_instance: 5
bbox: [2506, 925, 85, 169]
bezier_pts: [2578.0, 940.0, 2573.83, 978.47, 2558.84, 1014.69, 2590.0, 1045.0, 2578.0, 1093.0, 2515.12, 1055.52, 2489.48, 991.8, 2516.0, 925.0]
rec: Tran.....................
