text_instance: 0
bbox: [54, 722, 62, 77]
bezier_pts: [71.0, 722.0, 104.97, 727.0, 86.7, 764.1, 115.0, 773.0, 109.0, 798.0, 76.2, 791.88, 76.67, 754.16, 54.0, 737.0]
rec: lean.....................
text_instance: 1
bbox: [120, 758, 69, 57]
bezier_pts: [120.0, 777.0, 138.39, 813.21, 159.43, 784.89, 171.0, 758.0, 188.0, 790.0, 165.73, 801.1, 146.98, 822.11, 120.0, 811.0]
rec: wayof....................
text_instance: 2
bbox: [175, 741, 28, 40]
bezier_pts: [175.0, 763.0, 180.4, 755.07, 186.27, 747.61, 193.0, 741.0, 202.0, 754.0, 202.41, 759.19, 202.01, 775.31, 194.0, 780.0]
rec: lif......................
