text_instance: 0
bbox: [41, 129, 318, 89]
bezier_pts: [41.0, 129.0, 145.33, 138.0, 249.67, 147.0, 354.0, 156.0, 358.0, 217.0, 253.67, 209.33, 149.33, 201.67, 45.0, 194.0]
rec: RESTORAN.................
text_instance: 1
bbox: [432, 176, 68, 52]
bezier_pts: [432.0, 220.0, 444.18, 150.52, 494.62, 165.24, 499.0, 227.0, 482.0, 224.0, 485.93, 187.96, 443.22, 182.23, 449.0, 223.0]
rec: MALAYSIA.................
text_instance: 2
bbox: [550, 169, 244, 61]
bezier_pts: [553.0, 169.0, 628.16, 171.38, 710.49, 167.28, 783.0, 175.0, 793.0, 229.0, 712.0, 226.33, 631.0, 223.67, 550.0, 221.0]
rec: MALAYSIA.................
