text_instance: 0
bbox: [206, 359, 120, 42]
bezier_pts: [206.0, 359.0, 245.67, 359.0, 285.33, 359.0, 325.0, 359.0, 325.0, 400.0, 285.33, 400.0, 245.67, 400.0, 206.0, 400.0]
rec: FIRST....................
text_instance: 1
bbox: [78, 405, 284, 46]
bezier_pts: [78.0, 405.0, 172.33, 405.0, 266.67, 405.0, 361.0, 405.0, 361.0, 450.0, 266.67, 450.0, 172.33, 450.0, 78.0, 450.0]
rec: COFFESHOP................
text_instance: 2
bbox: [99, 359, 81, 41]
bezier_pts: [99.0, 359.0, 125.67, 359.0, 152.33, 359.0, 179.0, 359.0, 179.0, 399.0, 152.33, 399.0, 125.67, 399.0, 99.0, 399.0]
rec: THE......................
text_instance: 3
bbox: [30, 60, 120, 88]
bezier_pts: [30.0, 129.0, 46.44, 93.5, 84.41, 73.65, 119.0, 60.0, 149.0, 96.0, 121.51, 105.5, 97.86, 126.64, 77.0, 147.0]
rec: THE......................
text_instance: 4
bbox: [141, 38, 252, 105]
bezier_pts: [141.0, 52.0, 234.18, 17.65, 330.98, 45.26, 392.0, 118.0, 350.0, 142.0, 294.13, 79.91, 224.44, 74.82, 152.0, 92.0]
rec: BULLDOG..................
text_instance: 5
bbox: [65, 468, 60, 30]
bezier_pts: [65.0, 468.0, 84.67, 468.0, 104.33, 468.0, 124.0, 468.0, 123.0, 494.0, 105.33, 495.0, 87.67, 496.0, 70.0, 497.0]
rec: 13.......................
text_instance: 6
bbox: [156, 472, 57, 22]
bezier_pts: [156.0, 472.0, 174.0, 472.0, 192.0, 472.0, 210.0, 472.0, 212.0, 493.0, 195.33, 493.0, 178.67, 493.0, 162.0, 493.0]
rec: 41.......................
text_instance: 7
bbox: [250, 469, 63, 26]
bezier_pts: [250.0, 471.0, 270.67, 470.33, 291.33, 469.67, 312.0, 469.0, 311.0, 493.0, 292.33, 493.0, 273.67, 493.0, 255.0, 493.0]
rec: 07.......................
