text_instance: 0
bbox: [190, 324, 90, 115]
bezier_pts: [190.0, 412.0, 199.18, 369.31, 230.73, 344.67, 267.0, 324.0, 279.0, 364.0, 236.66, 368.18, 223.84, 403.35, 213.0, 438.0]
rec: FOREIGN..................
text_instance: 1
bbox: [277, 326, 120, 57]
bezier_pts: [277.0, 327.0, 319.34, 322.58, 357.23, 329.92, 396.0, 349.0, 385.0, 382.0, 354.95, 366.53, 322.28, 352.53, 286.0, 360.0]
rec: EXTRA....................
text_instance: 2
bbox: [379, 363, 72, 94]
bezier_pts: [405.0, 363.0, 438.17, 382.64, 437.33, 416.24, 450.0, 447.0, 418.0, 456.0, 414.79, 429.26, 409.84, 402.45, 379.0, 393.0]
rec: STOUT....................
text_instance: 3
bbox: [192, 460, 254, 83]
bezier_pts: [192.0, 460.0, 271.65, 497.93, 359.21, 499.6, 444.0, 481.0, 445.0, 529.0, 363.18, 551.09, 269.95, 549.31, 192.0, 513.0]
rec: GUINNESS.................
text_instance: 4
bbox: [201, 561, 83, 109]
bezier_pts: [226.0, 561.0, 233.18, 595.76, 255.1, 623.17, 283.0, 642.0, 280.0, 669.0, 234.46, 649.33, 223.6, 600.37, 201.0, 564.0]
rec: JAMESS...................
text_instance: 5
bbox: [292, 634, 81, 45]
bezier_pts: [292.0, 648.0, 311.0, 643.33, 330.0, 638.67, 349.0, 634.0, 372.0, 661.0, 346.99, 668.16, 320.67, 674.86, 294.0, 678.0]
rec: GATE.....................
text_instance: 6
bbox: [357, 546, 80, 110]
bezier_pts: [357.0, 627.0, 396.2, 614.19, 396.81, 578.26, 409.0, 546.0, 436.0, 550.0, 424.31, 587.55, 410.19, 628.05, 376.0, 655.0]
rec: DUBLIN...................
text_instance: 7
bbox: [250, 430, 36, 32]
bezier_pts: [251.0, 430.0, 262.0, 430.33, 273.0, 430.67, 284.0, 431.0, 285.0, 460.0, 273.57, 460.21, 261.14, 460.86, 250.0, 459.0]
rec: 17.......................
text_instance: 8
bbox: [342, 436, 40, 32]
bezier_pts: [343.0, 439.0, 355.67, 438.67, 368.33, 438.33, 381.0, 438.0, 381.0, 467.0, 367.74, 467.14, 355.14, 467.53, 342.0, 465.0]
rec: 59.......................
text_instance: 9
bbox: [201, 527, 25, 36]
bezier_pts: [216.0, 527.0, 218.23, 538.76, 223.02, 547.94, 225.0, 560.0, 206.0, 562.0, 207.89, 548.09, 197.27, 538.17, 202.0, 527.0]
rec: ST.......................
