text_instance: 0
bbox: [182, 282, 166, 284]
bezier_pts: [182.0, 554.0, 181.0, 450.93, 191.05, 323.19, 327.0, 282.0, 347.0, 331.0, 233.77, 367.57, 240.29, 474.82, 235.0, 565.0]
rec: COOPERS..................
text_instance: 1
bbox: [363, 273, 196, 285]
bezier_pts: [379.0, 273.0, 541.94, 296.21, 562.26, 433.82, 558.0, 557.0, 511.0, 557.0, 497.39, 459.15, 494.5, 342.3, 363.0, 324.0]
rec: ALEHOUSE.................
text_instance: 2
bbox: [287, 359, 71, 65]
bezier_pts: [287.0, 408.0, 309.27, 387.73, 328.86, 370.35, 357.0, 359.0, 357.0, 386.0, 335.1, 387.44, 319.07, 402.83, 310.0, 423.0]
rec: BREWERS..................
text_instance: 3
bbox: [371, 361, 75, 62]
bezier_pts: [374.0, 361.0, 404.18, 360.33, 424.72, 384.2, 445.0, 403.0, 428.0, 422.0, 421.36, 392.31, 396.05, 387.05, 371.0, 380.0]
rec: BOTTLERS.................
text_instance: 4
bbox: [268, 481, 203, 108]
bezier_pts: [273.0, 487.0, 338.67, 485.0, 404.33, 483.0, 470.0, 481.0, 469.0, 553.0, 402.0, 564.67, 335.0, 576.33, 268.0, 588.0]
rec: Coopers..................
text_instance: 5
bbox: [203, 611, 98, 131]
bezier_pts: [245.0, 611.0, 254.93, 647.47, 273.14, 679.89, 300.0, 706.0, 267.0, 741.0, 234.3, 710.05, 197.96, 669.86, 203.0, 619.0]
rec: ADL......................
text_instance: 6
bbox: [305, 652, 95, 45]
bezier_pts: [318.0, 652.0, 340.73, 669.47, 364.76, 690.84, 394.0, 674.0, 399.0, 693.0, 363.25, 704.85, 333.78, 680.03, 305.0, 666.0]
rec: ESTABLISHED..............
text_instance: 7
bbox: [399, 648, 46, 47]
bezier_pts: [399.0, 672.0, 405.67, 664.0, 412.33, 656.0, 419.0, 648.0, 444.0, 660.0, 431.33, 671.33, 418.67, 682.67, 406.0, 694.0]
rec: 1862.....................
text_instance: 8
bbox: [310, 612, 247, 170]
bezier_pts: [324.0, 716.0, 419.38, 751.99, 469.86, 702.13, 494.0, 612.0, 556.0, 633.0, 512.08, 736.08, 423.12, 814.13, 310.0, 767.0]
rec: AIRPORT..................
