text_instance: 0
bbox: [233, 160, 92, 36]
bezier_pts: [233.0, 185.0, 257.28, 160.73, 306.44, 137.45, 324.0, 181.0, 309.0, 190.0, 290.09, 156.64, 259.02, 178.7, 240.0, 195.0]
rec: FOREST...................
text_instance: 1
bbox: [202, 213, 117, 61]
bezier_pts: [222.0, 218.0, 224.3, 288.51, 284.38, 245.59, 304.0, 213.0, 318.0, 221.0, 294.27, 273.18, 204.95, 316.08, 202.0, 227.0]
rec: ESSENTIALS...............
text_instance: 2
bbox: [160, 325, 98, 28]
bezier_pts: [169.0, 325.0, 198.33, 325.67, 227.67, 326.33, 257.0, 327.0, 253.0, 352.0, 221.97, 351.3, 190.8, 351.94, 160.0, 350.0]
rec: Luxurious................
text_instance: 3
bbox: [258, 323, 107, 39]
bezier_pts: [263.0, 323.0, 296.67, 323.0, 330.33, 323.0, 364.0, 323.0, 363.0, 361.0, 328.0, 359.33, 293.0, 357.67, 258.0, 356.0]
rec: Ayurveda.................
text_instance: 4
bbox: [43, 324, 79, 26]
bezier_pts: [121.0, 325.0, 98.33, 324.67, 75.67, 324.33, 53.0, 324.0, 43.0, 348.0, 66.0, 348.33, 89.0, 348.67, 112.0, 349.0]
rec: Luxurious................
text_instance: 5
bbox: [67, 226, 88, 53]
bezier_pts: [142.0, 226.0, 127.69, 253.88, 78.17, 290.22, 81.0, 234.0, 67.0, 240.0, 69.3, 315.13, 134.89, 267.28, 154.0, 231.0]
rec: ESSENTIALS...............
text_instance: 6
bbox: [426, 12, 60, 70]
bezier_pts: [442.0, 12.0, 450.14, 27.48, 451.9, 74.73, 479.0, 49.0, 485.0, 68.0, 446.81, 108.33, 443.95, 38.35, 426.0, 20.0]
rec: ENTIALS..................
text_instance: 7
bbox: [497, 105, 55, 108]
bezier_pts: [509.0, 105.0, 527.48, 129.93, 527.44, 163.65, 551.0, 185.0, 544.0, 212.0, 521.05, 188.95, 519.07, 154.94, 497.0, 132.0]
rec: Forest...................
text_instance: 8
bbox: [513, 283, 49, 89]
bezier_pts: [523.0, 283.0, 533.31, 306.05, 547.88, 326.41, 561.0, 349.0, 556.0, 371.0, 538.11, 353.93, 526.65, 331.07, 513.0, 310.0]
rec: Luxurious................
text_instance: 9
bbox: [587, 354, 70, 162]
bezier_pts: [595.0, 354.0, 623.03, 392.04, 640.12, 435.25, 656.0, 482.0, 644.0, 515.0, 625.0, 479.67, 606.0, 444.33, 587.0, 409.0]
rec: WOODLAND.................
text_instance: 10
bbox: [3, 325, 49, 26]
bezier_pts: [51.0, 325.0, 35.33, 325.33, 19.67, 325.67, 4.0, 326.0, 3.0, 349.0, 16.89, 350.56, 31.6, 350.53, 46.0, 349.0]
rec: Ayunve...................
