text_instance: 0
bbox: [264, 135, 64, 36]
bezier_pts: [264.0, 155.0, 281.19, 142.87, 303.86, 131.04, 326.0, 136.0, 327.0, 152.0, 308.67, 158.0, 290.33, 164.0, 272.0, 170.0]
rec: QUAN.....................
text_instance: 1
bbox: [224, 189, 48, 22]
bezier_pts: [224.0, 193.0, 239.67, 191.67, 255.33, 190.33, 271.0, 189.0, 269.0, 203.0, 258.97, 217.68, 239.84, 207.78, 227.0, 210.0]
rec: THE......................
text_instance: 2
bbox: [272, 177, 89, 34]
bezier_pts: [274.0, 184.0, 300.39, 178.54, 330.84, 180.7, 358.0, 177.0, 360.0, 196.0, 335.37, 218.08, 302.63, 208.93, 272.0, 209.0]
rec: SUSHI....................
text_instance: 3
bbox: [260, 220, 68, 31]
bezier_pts: [264.0, 220.0, 285.0, 223.33, 306.0, 226.67, 327.0, 230.0, 327.0, 249.0, 304.3, 248.65, 281.78, 245.12, 260.0, 239.0]
rec: THIEN....................
text_instance: 4
bbox: [327, 209, 57, 41]
bezier_pts: [327.0, 229.0, 337.17, 216.64, 354.26, 213.63, 368.0, 209.0, 383.0, 224.0, 368.8, 237.08, 348.64, 241.47, 332.0, 249.0]
rec: OUE......................
text_instance: 5
bbox: [204, 297, 59, 31]
bezier_pts: [204.0, 302.0, 222.3, 294.85, 240.76, 299.89, 260.0, 297.0, 262.0, 321.0, 245.13, 325.87, 227.97, 327.78, 210.0, 327.0]
rec: THE......................
text_instance: 6
bbox: [267, 288, 87, 36]
bezier_pts: [267.0, 298.0, 294.67, 294.67, 322.33, 291.33, 350.0, 288.0, 353.0, 312.0, 329.02, 329.16, 298.91, 321.4, 273.0, 323.0]
rec: SUSHI....................
text_instance: 7
bbox: [360, 282, 63, 34]
bezier_pts: [360.0, 286.0, 379.0, 284.67, 398.0, 283.33, 417.0, 282.0, 422.0, 310.0, 402.54, 312.85, 382.14, 314.6, 362.0, 315.0]
rec: BAR......................
text_instance: 8
bbox: [330, 134, 41, 29]
bezier_pts: [332.0, 134.0, 345.9, 134.23, 357.19, 139.29, 370.0, 144.0, 364.0, 162.0, 352.67, 158.33, 341.33, 154.67, 330.0, 151.0]
rec: AN.......................
text_instance: 9
bbox: [365, 174, 49, 22]
bezier_pts: [365.0, 180.0, 380.0, 178.0, 395.0, 176.0, 410.0, 174.0, 413.0, 189.0, 397.0, 191.0, 381.0, 193.0, 365.0, 195.0]
rec: BAR......................
text_instance: 10
bbox: [416, 281, 33, 26]
bezier_pts: [416.0, 284.0, 425.24, 280.33, 434.84, 281.1, 445.0, 281.0, 448.0, 304.0, 438.53, 306.18, 429.36, 305.19, 420.0, 305.0]
rec: 4........................
text_instance: 11
bbox: [572, 337, 26, 17]
bezier_pts: [573.0, 339.0, 580.01, 337.35, 587.09, 336.75, 594.0, 337.0, 597.0, 352.0, 588.67, 352.33, 580.33, 352.67, 572.0, 353.0]
rec: EL.......................
