text_instance: 0
bbox: [53, 64, 86, 124]
bezier_pts: [53.0, 187.0, 46.05, 134.63, 70.19, 91.71, 111.0, 64.0, 138.0, 81.0, 109.0, 106.46, 78.31, 136.43, 92.0, 184.0]
rec: Patok....................
text_instance: 1
bbox: [215, 35, 107, 127]
bezier_pts: [229.0, 35.0, 298.51, 41.93, 327.11, 98.67, 321.0, 161.0, 281.0, 160.0, 294.36, 106.91, 261.77, 74.53, 215.0, 64.0]
rec: Manok....................
text_instance: 2
bbox: [145, 44, 60, 32]
bezier_pts: [145.0, 55.0, 161.55, 48.52, 181.65, 40.21, 200.0, 46.0, 204.0, 65.0, 185.67, 68.33, 167.33, 71.67, 149.0, 75.0]
rec: sa.......................
