text_instance: 0
bbox: [353, 576, 56, 62]
bezier_pts: [353.0, 631.0, 357.45, 611.37, 366.67, 591.54, 379.0, 576.0, 408.0, 583.0, 396.54, 600.21, 388.55, 618.22, 384.0, 637.0]
rec: CASE.....................
text_instance: 1
bbox: [424, 501, 61, 55]
bezier_pts: [424.0, 532.0, 437.78, 517.64, 457.82, 510.42, 476.0, 501.0, 484.0, 530.0, 470.0, 538.33, 456.0, 546.67, 442.0, 555.0]
rec: FIRE.....................
text_instance: 2
bbox: [524, 485, 50, 36]
bezier_pts: [530.0, 485.0, 544.33, 487.33, 558.67, 489.67, 573.0, 492.0, 563.0, 520.0, 550.0, 519.0, 537.0, 518.0, 524.0, 517.0]
rec: NOT......................
text_instance: 3
bbox: [563, 489, 55, 50]
bezier_pts: [579.0, 489.0, 590.94, 499.14, 606.54, 503.24, 617.0, 516.0, 590.0, 538.0, 581.0, 532.33, 572.0, 526.67, 563.0, 521.0]
rec: USE......................
text_instance: 4
bbox: [587, 514, 43, 50]
bezier_pts: [614.0, 514.0, 623.81, 516.36, 633.17, 537.15, 627.0, 549.0, 605.0, 563.0, 604.32, 550.54, 597.14, 537.05, 587.0, 537.0]
rec: THE......................
text_instance: 5
bbox: [605, 554, 27, 43]
bezier_pts: [629.0, 554.0, 636.74, 568.11, 620.63, 581.71, 628.0, 596.0, 605.0, 596.0, 611.76, 586.11, 604.02, 568.89, 608.0, 559.0]
rec: LIFT.....................
text_instance: 6
bbox: [30, 489, 114, 153]
bezier_pts: [30.0, 489.0, 63.86, 502.44, 93.18, 537.46, 134.0, 538.0, 143.0, 641.0, 97.2, 647.95, 79.21, 597.0, 34.0, 596.0]
rec: 24.......................
text_instance: 7
bbox: [486, 492, 36, 33]
bezier_pts: [486.0, 502.0, 497.76, 498.62, 507.99, 493.01, 520.0, 492.0, 521.0, 516.0, 510.0, 518.67, 499.0, 521.33, 488.0, 524.0]
rec: DO.......................
text_instance: 8
bbox: [393, 542, 40, 40]
bezier_pts: [393.0, 570.0, 397.24, 558.12, 406.13, 548.81, 417.0, 542.0, 432.0, 556.0, 425.54, 564.82, 418.23, 573.09, 410.0, 581.0]
rec: OF.......................
text_instance: 9
bbox: [352, 636, 32, 31]
bezier_pts: [355.0, 666.0, 353.21, 660.74, 350.42, 648.33, 353.0, 639.0, 382.0, 636.0, 384.16, 646.2, 382.23, 654.48, 383.0, 664.0]
rec: IN.......................
