text_instance: 0
bbox: [744, 231, 1499, 425]
bezier_pts: [744.0, 483.0, 1199.51, 209.33, 1737.07, 146.17, 2242.0, 413.0, 2168.0, 558.0, 1707.88, 381.14, 1228.36, 523.19, 776.0, 655.0]
rec: Skargardskatten..........
text_instance: 1
bbox: [677, 1054, 688, 343]
bezier_pts: [776.0, 1054.0, 955.74, 1193.24, 1160.16, 1168.62, 1364.0, 1213.0, 1340.0, 1396.0, 1098.07, 1400.85, 861.47, 1354.99, 677.0, 1207.0]
rec: Svenskt..................
text_instance: 2
bbox: [1421, 952, 796, 451]
bezier_pts: [1427.0, 1198.0, 1668.04, 1180.9, 1920.63, 1053.99, 2132.0, 952.0, 2216.0, 1090.0, 2010.49, 1310.69, 1706.11, 1395.28, 1421.0, 1402.0]
rec: Hantverk.................
text_instance: 3
bbox: [497, 1713, 263, 228]
bezier_pts: [507.0, 1713.0, 590.67, 1717.67, 674.33, 1722.33, 758.0, 1727.0, 759.0, 1940.0, 671.67, 1939.33, 584.33, 1938.67, 497.0, 1938.0]
rec: 21.......................
