text_instance: 0
bbox: [171, 443, 74, 25]
bezier_pts: [171.0, 443.0, 195.33, 443.0, 219.67, 443.0, 244.0, 443.0, 244.0, 467.0, 219.67, 467.0, 195.33, 467.0, 171.0, 467.0]
rec: SAINT....................
text_instance: 1
bbox: [221, 166, 112, 67]
bezier_pts: [221.0, 191.0, 254.53, 175.01, 289.42, 169.42, 327.0, 166.0, 332.0, 211.0, 298.34, 205.54, 267.86, 210.82, 241.0, 232.0]
rec: GOD......................
text_instance: 2
bbox: [354, 173, 120, 103]
bezier_pts: [356.0, 173.0, 401.73, 187.24, 441.84, 210.46, 473.0, 248.0, 464.0, 275.0, 429.58, 252.45, 394.46, 221.4, 354.0, 212.0]
rec: BLESS....................
text_instance: 3
bbox: [444, 459, 88, 31]
bezier_pts: [444.0, 459.0, 471.0, 461.0, 498.0, 463.0, 525.0, 465.0, 531.0, 489.0, 503.33, 488.33, 475.67, 487.67, 448.0, 487.0]
rec: GERMAIn..................
text_instance: 4
bbox: [222, 709, 253, 95]
bezier_pts: [238.0, 724.0, 309.39, 752.82, 378.05, 738.91, 444.0, 709.0, 474.0, 756.0, 400.93, 805.77, 302.28, 817.01, 222.0, 778.0]
rec: PIZZA....................
