text_instance: 0
bbox: [206, 193, 103, 66]
bezier_pts: [206.0, 250.0, 223.37, 207.36, 260.64, 188.63, 307.0, 193.0, 308.0, 213.0, 273.29, 207.58, 243.09, 222.0, 232.0, 258.0]
rec: MAINE....................
text_instance: 1
bbox: [355, 209, 92, 100]
bezier_pts: [366.0, 209.0, 405.17, 228.93, 439.08, 259.24, 446.0, 308.0, 419.0, 306.0, 418.15, 265.93, 389.35, 240.53, 355.0, 224.0]
rec: CRAFT....................
text_instance: 2
bbox: [243, 285, 34, 22]
bezier_pts: [245.0, 285.0, 255.53, 288.01, 265.92, 286.71, 276.0, 292.0, 274.0, 306.0, 263.2, 305.26, 252.64, 303.27, 243.0, 298.0]
rec: EST......................
text_instance: 3
bbox: [370, 314, 38, 25]
bezier_pts: [371.0, 314.0, 383.48, 314.39, 394.49, 318.04, 406.0, 322.0, 407.0, 338.0, 394.8, 335.09, 381.92, 332.81, 370.0, 327.0]
rec: 2012.....................
text_instance: 4
bbox: [268, 328, 85, 42]
bezier_pts: [273.0, 328.0, 293.71, 350.1, 324.25, 357.12, 352.0, 359.0, 351.0, 369.0, 318.57, 372.33, 290.88, 359.87, 268.0, 336.0]
rec: PORTLAND.................
text_instance: 5
bbox: [216, 313, 216, 88]
bezier_pts: [238.0, 313.0, 283.54, 374.69, 345.53, 404.13, 410.0, 349.0, 431.0, 370.0, 348.5, 436.29, 268.43, 399.97, 216.0, 324.0]
rec: DISTILLING...............
text_instance: 6
bbox: [362, 351, 23, 17]
bezier_pts: [362.0, 358.0, 367.49, 355.21, 373.08, 349.63, 380.0, 351.0, 384.0, 362.0, 377.0, 363.67, 370.0, 365.33, 363.0, 367.0]
rec: ME.......................
