text_instance: 0
bbox: [324, 8, 179, 94]
bezier_pts: [324.0, 94.0, 339.82, -7.65, 442.08, -20.93, 502.0, 45.0, 483.0, 67.0, 432.25, 10.76, 373.97, 28.92, 356.0, 101.0]
rec: CLARKSTON................
text_instance: 1
bbox: [296, 120, 48, 40]
bezier_pts: [296.0, 131.0, 306.77, 122.83, 320.4, 122.47, 333.0, 120.0, 343.0, 147.0, 337.63, 161.4, 319.37, 156.07, 307.0, 159.0]
rec: BAR......................
text_instance: 2
bbox: [487, 56, 76, 49]
bezier_pts: [487.0, 76.0, 507.99, 64.19, 531.87, 60.04, 554.0, 56.0, 562.0, 87.0, 541.28, 95.58, 520.01, 101.36, 498.0, 104.0]
rec: KITCHEn..................
text_instance: 3
bbox: [350, 117, 178, 100]
bezier_pts: [371.0, 144.0, 414.36, 186.22, 473.74, 179.34, 490.0, 117.0, 527.0, 134.0, 511.18, 231.56, 417.4, 260.03, 350.0, 184.0]
rec: UNION....................
