text_instance: 0
bbox: [197, 129, 95, 62]
bezier_pts: [197.0, 178.0, 210.92, 135.96, 250.74, 121.98, 291.0, 132.0, 288.0, 154.0, 253.41, 140.82, 231.76, 161.45, 216.0, 190.0]
rec: STREET...................
text_instance: 1
bbox: [307, 145, 56, 73]
bezier_pts: [313.0, 145.0, 341.0, 159.41, 353.23, 187.48, 362.0, 214.0, 344.0, 217.0, 332.0, 198.14, 324.67, 175.01, 307.0, 161.0]
rec: CAFE.....................
text_instance: 2
bbox: [200, 240, 35, 56]
bezier_pts: [215.0, 240.0, 219.26, 255.12, 233.3, 264.9, 234.0, 280.0, 230.0, 295.0, 214.09, 280.8, 200.1, 263.76, 200.0, 242.0]
rec: ALWAYS...................
text_instance: 3
bbox: [234, 284, 38, 34]
bezier_pts: [240.0, 284.0, 250.16, 290.35, 261.6, 294.14, 271.0, 302.0, 271.0, 317.0, 254.3, 319.67, 242.41, 308.6, 234.0, 296.0]
rec: FRESH....................
text_instance: 4
bbox: [275, 307, 27, 17]
bezier_pts: [277.0, 307.0, 284.0, 307.33, 291.0, 307.67, 298.0, 308.0, 301.0, 323.0, 292.33, 322.33, 283.67, 321.67, 275.0, 321.0]
rec: AND......................
text_instance: 5
bbox: [301, 291, 35, 32]
bezier_pts: [301.0, 308.0, 310.67, 302.33, 320.33, 296.67, 330.0, 291.0, 335.0, 306.0, 327.13, 313.74, 317.86, 319.51, 307.0, 322.0]
rec: TASTY....................
text_instance: 6
bbox: [331, 266, 27, 36]
bezier_pts: [331.0, 286.0, 334.67, 279.33, 338.33, 272.67, 342.0, 266.0, 357.0, 272.0, 356.45, 281.12, 349.45, 300.74, 338.0, 301.0]
rec: FOOD.....................
text_instance: 7
bbox: [185, 202, 36, 21]
bezier_pts: [185.0, 202.0, 197.26, 201.2, 208.43, 203.61, 219.0, 209.0, 220.0, 221.0, 207.87, 221.7, 196.34, 218.86, 185.0, 216.0]
rec: ESTB.....................
text_instance: 8
bbox: [343, 235, 32, 21]
bezier_pts: [344.0, 235.0, 354.0, 236.67, 364.0, 238.33, 374.0, 240.0, 373.0, 255.0, 362.94, 254.59, 352.56, 252.0, 343.0, 248.0]
rec: 1988.....................
