text_instance: 0
bbox: [173, 56, 50, 98]
bezier_pts: [184.0, 56.0, 220.49, 77.23, 224.58, 115.58, 221.0, 150.0, 200.0, 153.0, 203.37, 125.52, 199.0, 93.25, 173.0, 76.0]
rec: LITTER...................
text_instance: 1
bbox: [66, 176, 93, 20]
bezier_pts: [68.0, 177.0, 98.0, 176.67, 128.0, 176.33, 158.0, 176.0, 157.0, 191.0, 126.11, 192.76, 97.1, 193.61, 66.0, 195.0]
rec: LITTERING................
text_instance: 2
bbox: [71, 222, 82, 19]
bezier_pts: [71.0, 225.0, 98.0, 224.0, 125.0, 223.0, 152.0, 222.0, 150.0, 238.0, 124.33, 238.67, 98.67, 239.33, 73.0, 240.0]
rec: OFFENCE..................
text_instance: 3
bbox: [122, 36, 51, 29]
bezier_pts: [124.0, 36.0, 140.69, 36.4, 158.54, 41.21, 172.0, 51.0, 166.0, 64.0, 151.33, 61.33, 136.67, 58.67, 122.0, 56.0]
rec: NOT......................
text_instance: 4
bbox: [74, 39, 42, 29]
bezier_pts: [74.0, 51.0, 84.32, 43.78, 97.19, 41.71, 109.0, 39.0, 115.0, 56.0, 103.88, 60.22, 91.87, 64.69, 80.0, 67.0]
rec: DO.......................
text_instance: 5
bbox: [88, 199, 25, 17]
bezier_pts: [89.0, 201.0, 95.67, 198.92, 102.33, 200.25, 109.0, 200.0, 112.0, 215.0, 104.0, 215.0, 96.0, 215.0, 88.0, 215.0]
rec: IS.......................
text_instance: 6
bbox: [112, 198, 29, 17]
bezier_pts: [113.0, 200.0, 121.25, 196.46, 130.13, 196.86, 138.0, 200.0, 140.0, 213.0, 130.64, 214.87, 121.41, 214.62, 112.0, 212.0]
rec: AN.......................
text_instance: 7
bbox: [12, 121, 26, 31]
bezier_pts: [12.0, 151.0, 15.68, 143.29, 14.08, 132.37, 16.0, 122.0, 37.0, 121.0, 34.27, 131.42, 33.76, 141.05, 34.0, 151.0]
rec: PL.......................
