text_instance: 0
bbox: [64, 197, 50, 47]
bezier_pts: [64.0, 235.0, 72.5, 213.56, 92.88, 203.5, 112.0, 197.0, 113.0, 215.0, 97.19, 217.11, 85.19, 229.93, 77.0, 243.0]
rec: HEINEKEN.................
text_instance: 1
bbox: [117, 197, 30, 19]
bezier_pts: [118.0, 197.0, 127.33, 199.33, 136.67, 201.67, 146.0, 204.0, 141.0, 215.0, 133.0, 213.67, 125.0, 212.33, 117.0, 211.0]
rec: BEER.....................
text_instance: 2
bbox: [64, 220, 107, 57]
bezier_pts: [64.0, 257.0, 95.67, 244.67, 127.33, 232.33, 159.0, 220.0, 170.0, 236.0, 138.58, 251.85, 106.81, 265.2, 73.0, 276.0]
rec: Heineken.................
text_instance: 3
bbox: [84, 282, 55, 23]
bezier_pts: [89.0, 282.0, 103.16, 289.0, 118.83, 294.12, 134.0, 284.0, 138.0, 297.0, 119.14, 303.94, 100.42, 309.49, 84.0, 293.0]
rec: PREMIUM..................
text_instance: 4
bbox: [137, 250, 36, 47]
bezier_pts: [137.0, 282.0, 149.0, 278.73, 162.12, 263.98, 158.0, 250.0, 172.0, 254.0, 172.73, 273.07, 160.01, 287.25, 142.0, 296.0]
rec: QUALITY..................
text_instance: 5
bbox: [304, 230, 64, 32]
bezier_pts: [304.0, 247.0, 321.95, 229.56, 344.38, 232.29, 366.0, 230.0, 367.0, 243.0, 347.23, 241.02, 327.35, 247.11, 314.0, 261.0]
rec: HEINEKEN.................
text_instance: 6
bbox: [371, 234, 34, 32]
bezier_pts: [375.0, 234.0, 386.75, 238.48, 400.2, 246.69, 404.0, 257.0, 395.0, 265.0, 387.0, 259.0, 379.0, 253.0, 371.0, 247.0]
rec: BEER.....................
text_instance: 7
bbox: [294, 272, 122, 31]
bezier_pts: [296.0, 272.0, 334.65, 276.3, 376.64, 278.16, 415.0, 284.0, 412.0, 301.0, 372.63, 301.37, 333.01, 298.63, 294.0, 293.0]
rec: Heineken.................
text_instance: 8
bbox: [299, 307, 56, 44]
bezier_pts: [308.0, 307.0, 317.26, 324.24, 333.23, 328.37, 351.0, 335.0, 354.0, 350.0, 329.72, 348.71, 311.38, 335.24, 299.0, 317.0]
rec: PREMIUM..................
text_instance: 9
bbox: [358, 311, 49, 39]
bezier_pts: [358.0, 335.0, 372.73, 332.33, 388.63, 329.95, 395.0, 311.0, 406.0, 325.0, 395.08, 341.16, 380.07, 352.12, 359.0, 349.0]
rec: QUALITY..................
