text_instance: 0
bbox: [392, 422, 90, 26]
bezier_pts: [392.0, 424.0, 421.57, 420.5, 449.88, 421.51, 481.0, 423.0, 481.0, 447.0, 451.33, 446.0, 421.67, 445.0, 392.0, 444.0]
rec: ENTER....................
text_instance: 1
bbox: [174, 418, 68, 25]
bezier_pts: [174.0, 418.0, 196.0, 418.0, 218.0, 418.0, 240.0, 418.0, 241.0, 440.0, 218.17, 441.72, 196.29, 441.55, 174.0, 440.0]
rec: JOIN.....................
text_instance: 2
bbox: [272, 418, 86, 26]
bezier_pts: [272.0, 418.0, 300.33, 418.0, 328.67, 418.0, 357.0, 418.0, 357.0, 443.0, 328.67, 443.0, 300.33, 443.0, 272.0, 443.0]
rec: SCAN.....................
text_instance: 3
bbox: [145, 98, 120, 62]
bezier_pts: [145.0, 126.0, 176.21, 108.26, 213.69, 103.35, 250.0, 98.0, 264.0, 129.0, 228.67, 139.0, 193.33, 149.0, 158.0, 159.0]
rec: 1000s....................
text_instance: 4
bbox: [287, 93, 37, 41]
bezier_pts: [287.0, 96.0, 299.0, 95.0, 311.0, 94.0, 323.0, 93.0, 322.0, 130.0, 310.57, 131.44, 298.59, 133.33, 287.0, 132.0]
rec: of.......................
text_instance: 5
bbox: [333, 91, 193, 71]
bezier_pts: [337.0, 91.0, 403.94, 95.66, 466.09, 102.12, 525.0, 132.0, 511.0, 161.0, 455.2, 150.09, 392.31, 126.53, 333.0, 133.0]
rec: REASONS..................
text_instance: 6
bbox: [154, 158, 68, 56]
bezier_pts: [154.0, 172.0, 169.67, 167.33, 185.33, 162.67, 201.0, 158.0, 221.0, 195.0, 206.33, 201.0, 191.67, 207.0, 177.0, 213.0]
rec: to.......................
text_instance: 7
bbox: [223, 139, 280, 79]
bezier_pts: [223.0, 144.0, 313.3, 132.34, 411.64, 141.12, 502.0, 165.0, 488.0, 217.0, 409.07, 175.32, 313.8, 179.49, 231.0, 195.0]
rec: CELEBRATE................
text_instance: 8
bbox: [170, 218, 326, 100]
bezier_pts: [170.0, 232.0, 278.53, 211.81, 385.08, 213.03, 495.0, 241.0, 461.0, 316.0, 371.7, 287.87, 281.6, 279.31, 196.0, 317.0]
rec: 1000s....................
text_instance: 9
bbox: [158, 320, 54, 47]
bezier_pts: [158.0, 332.0, 169.65, 324.06, 183.28, 324.06, 196.0, 320.0, 211.0, 358.0, 200.0, 360.67, 189.0, 363.33, 178.0, 366.0]
rec: of.......................
text_instance: 10
bbox: [214, 304, 136, 53]
bezier_pts: [214.0, 315.0, 257.86, 306.83, 302.1, 305.17, 349.0, 304.0, 346.0, 345.0, 304.67, 334.58, 263.33, 340.08, 222.0, 356.0]
rec: PRIZES...................
text_instance: 11
bbox: [358, 305, 46, 43]
bezier_pts: [358.0, 305.0, 373.0, 307.0, 388.0, 309.0, 403.0, 311.0, 396.0, 347.0, 384.0, 346.0, 372.0, 345.0, 360.0, 344.0]
rec: to.......................
text_instance: 12
bbox: [410, 310, 84, 64]
bezier_pts: [410.0, 310.0, 437.5, 319.33, 467.17, 322.55, 493.0, 337.0, 478.0, 373.0, 455.67, 365.67, 433.33, 358.33, 411.0, 351.0]
rec: WIN......................
text_instance: 13
bbox: [356, 420, 37, 29]
bezier_pts: [357.0, 420.0, 368.0, 420.67, 379.0, 421.33, 390.0, 422.0, 392.0, 447.0, 380.0, 447.0, 368.0, 447.0, 356.0, 447.0]
rec: to.......................
