text_instance: 0
bbox: [27, 18, 68, 58]
bezier_pts: [27.0, 67.0, 35.26, 39.17, 61.16, 25.78, 86.0, 18.0, 94.0, 37.0, 73.67, 42.46, 57.51, 57.68, 47.0, 75.0]
rec: KING.....................
text_instance: 1
bbox: [98, 12, 105, 69]
bezier_pts: [98.0, 12.0, 140.16, 15.46, 181.35, 24.04, 202.0, 70.0, 188.0, 80.0, 166.11, 52.33, 134.96, 41.39, 101.0, 34.0]
rec: PALACE...................
text_instance: 2
bbox: [28, 131, 174, 64]
bezier_pts: [45.0, 131.0, 87.83, 185.08, 143.66, 188.74, 188.0, 131.0, 201.0, 143.0, 155.92, 216.49, 75.52, 212.48, 28.0, 143.0]
rec: RESTAURANT...............
text_instance: 3
bbox: [89, 233, 58, 28]
bezier_pts: [89.0, 236.0, 106.95, 233.64, 128.27, 229.55, 146.0, 237.0, 144.0, 258.0, 126.81, 260.64, 109.84, 260.09, 92.0, 258.0]
rec: 820......................
