text_instance: 0
bbox: [529, 670, 667, 187]
bezier_pts: [529.0, 730.0, 749.25, 640.06, 974.8, 652.28, 1195.0, 724.0, 1168.0, 856.0, 974.85, 786.3, 760.63, 773.89, 577.0, 853.0]
rec: RALLI....................
text_instance: 1
bbox: [595, 844, 526, 80]
bezier_pts: [607.0, 844.0, 777.0, 844.0, 947.0, 844.0, 1117.0, 844.0, 1120.0, 922.0, 945.0, 920.0, 770.0, 918.0, 595.0, 916.0]
rec: APARTIMANI...............
text_instance: 2
bbox: [773, 937, 178, 78]
bezier_pts: [777.0, 937.0, 834.67, 938.0, 892.33, 939.0, 950.0, 940.0, 944.0, 1014.0, 887.0, 1013.33, 830.0, 1012.67, 773.0, 1012.0]
rec: 59.......................
