text_instance: 0
bbox: [323, 654, 95, 27]
bezier_pts: [323.0, 654.0, 354.33, 654.0, 385.67, 654.0, 417.0, 654.0, 417.0, 679.0, 386.06, 679.75, 353.44, 680.9, 323.0, 679.0]
rec: URBAN....................
text_instance: 1
bbox: [420, 648, 134, 29]
bezier_pts: [420.0, 648.0, 464.33, 648.0, 508.67, 648.0, 553.0, 648.0, 553.0, 675.0, 508.67, 675.0, 464.33, 675.0, 420.0, 675.0]
rec: RESEARCH.................
text_instance: 2
bbox: [402, 675, 77, 23]
bezier_pts: [402.0, 675.0, 427.33, 675.0, 452.67, 675.0, 478.0, 675.0, 478.0, 694.0, 452.74, 696.75, 427.38, 696.72, 402.0, 694.0]
rec: KYOTO....................
text_instance: 3
bbox: [349, 489, 180, 60]
bezier_pts: [349.0, 527.0, 401.31, 478.2, 469.44, 475.35, 528.0, 515.0, 511.0, 538.0, 462.62, 505.39, 411.55, 505.35, 369.0, 548.0]
rec: TERAMACHI................
text_instance: 4
bbox: [379, 576, 124, 81]
bezier_pts: [382.0, 582.0, 418.71, 576.13, 457.51, 575.8, 496.0, 576.0, 502.0, 650.0, 461.37, 653.14, 420.47, 654.81, 379.0, 656.0]
rec: UR.......................
