text_instance: 0
bbox: [223, 2, 236, 87]
bezier_pts: [223.0, 18.0, 299.55, -5.81, 386.77, -26.02, 458.0, 32.0, 450.0, 85.0, 385.05, 56.31, 318.59, 90.07, 256.0, 88.0]
rec: GLASGOW..................
text_instance: 1
bbox: [470, 44, 90, 97]
bezier_pts: [473.0, 44.0, 506.55, 56.93, 534.6, 74.3, 559.0, 99.0, 547.0, 140.0, 521.33, 124.33, 495.67, 108.67, 470.0, 93.0]
rec: CITY.....................
text_instance: 2
bbox: [563, 117, 153, 156]
bezier_pts: [574.0, 117.0, 611.55, 167.45, 660.29, 212.86, 715.0, 242.0, 707.0, 272.0, 651.99, 243.82, 605.45, 199.6, 563.0, 154.0]
rec: BRANCH...................
text_instance: 3
bbox: [421, 110, 157, 123]
bezier_pts: [421.0, 110.0, 479.28, 117.71, 538.2, 139.84, 577.0, 189.0, 576.0, 232.0, 529.33, 210.33, 482.67, 188.67, 436.0, 167.0]
rec: UNISON...................
text_instance: 4
bbox: [239, 460, 231, 104]
bezier_pts: [266.0, 460.0, 333.67, 480.0, 401.33, 500.0, 469.0, 520.0, 468.0, 563.0, 389.67, 550.69, 308.72, 587.91, 239.0, 541.0]
rec: UNITY....................
text_instance: 5
bbox: [494, 522, 82, 42]
bezier_pts: [494.0, 524.0, 514.33, 523.33, 534.67, 522.67, 555.0, 522.0, 575.0, 563.0, 553.33, 563.0, 531.67, 563.0, 510.0, 563.0]
rec: IS.......................
text_instance: 6
bbox: [579, 439, 242, 126]
bezier_pts: [579.0, 524.0, 657.82, 522.2, 729.46, 487.65, 787.0, 439.0, 820.0, 486.0, 763.03, 547.54, 687.07, 569.26, 609.0, 564.0]
rec: STRENGTH.................
text_instance: 7
bbox: [910, 315, 88, 63]
bezier_pts: [916.0, 315.0, 943.0, 327.67, 970.0, 340.33, 997.0, 353.0, 990.0, 377.0, 963.03, 364.01, 935.15, 351.26, 910.0, 336.0]
rec: UNISON...................
text_instance: 8
bbox: [899, 339, 94, 61]
bezier_pts: [908.0, 339.0, 936.0, 352.0, 964.0, 365.0, 992.0, 378.0, 989.0, 399.0, 959.0, 384.67, 929.0, 370.33, 899.0, 356.0]
rec: SPEAKING.................
text_instance: 9
bbox: [887, 361, 46, 38]
bezier_pts: [898.0, 361.0, 910.74, 362.13, 930.78, 363.62, 932.0, 377.0, 924.0, 398.0, 911.67, 394.0, 899.33, 390.0, 887.0, 386.0]
rec: UP.......................
text_instance: 10
bbox: [932, 376, 54, 49]
bezier_pts: [932.0, 376.0, 952.32, 377.9, 969.89, 386.38, 985.0, 399.0, 982.0, 424.0, 963.97, 418.81, 947.35, 410.43, 932.0, 400.0]
rec: FOR......................
text_instance: 11
bbox: [919, 396, 60, 53]
bezier_pts: [923.0, 396.0, 944.08, 399.04, 963.52, 409.45, 978.0, 424.0, 965.0, 448.0, 948.97, 441.75, 933.05, 433.57, 919.0, 424.0]
rec: BLIC.....................
text_instance: 12
bbox: [35, 531, 52, 23]
bezier_pts: [35.0, 538.0, 51.67, 535.67, 68.33, 533.33, 85.0, 531.0, 86.0, 546.0, 69.0, 548.33, 52.0, 550.67, 35.0, 553.0]
rec: LIVING...................
text_instance: 13
bbox: [37, 550, 49, 14]
bezier_pts: [37.0, 552.0, 53.0, 551.33, 69.0, 550.67, 85.0, 550.0, 83.0, 561.0, 68.93, 562.44, 54.35, 562.85, 40.0, 562.0]
rec: WAGE.....................
