text_instance: 0
bbox: [28, 236, 197, 275]
bezier_pts: [28.0, 304.0, 43.75, 259.53, 91.34, 252.07, 126.0, 236.0, 224.0, 340.0, 229.8, 418.97, 170.52, 489.37, 99.0, 510.0]
rec: Le.......................
text_instance: 1
bbox: [188, 118, 441, 197]
bezier_pts: [188.0, 179.0, 329.33, 94.57, 483.11, 94.57, 628.0, 147.0, 611.0, 277.0, 494.5, 224.24, 373.61, 288.13, 259.0, 314.0]
rec: Train....................
text_instance: 2
bbox: [623, 158, 354, 316]
bezier_pts: [772.0, 158.0, 867.76, 213.68, 996.92, 261.49, 976.0, 398.0, 910.0, 473.0, 801.49, 420.1, 702.7, 380.04, 623.0, 287.0]
rec: Bleu.....................
text_instance: 3
bbox: [222, 356, 574, 104]
bezier_pts: [222.0, 361.0, 404.0, 359.33, 586.0, 357.67, 768.0, 356.0, 795.0, 449.0, 607.67, 472.03, 418.47, 443.41, 222.0, 459.0]
rec: Restaurant...............
