text_instance: 0
bbox: [362, 335, 167, 106]
bezier_pts: [362.0, 430.0, 408.02, 382.36, 463.13, 340.12, 528.0, 335.0, 522.0, 358.0, 464.88, 369.52, 409.97, 395.24, 373.0, 440.0]
rec: UNIVERSITY...............
text_instance: 1
bbox: [533, 333, 122, 88]
bezier_pts: [539.0, 333.0, 588.73, 333.95, 625.51, 369.47, 654.0, 408.0, 626.0, 420.0, 603.48, 388.74, 575.34, 355.42, 533.0, 355.0]
rec: COLLEGE..................
text_instance: 2
bbox: [494, 460, 170, 151]
bezier_pts: [663.0, 460.0, 652.81, 553.72, 558.18, 577.44, 494.0, 610.0, 495.0, 578.0, 557.1, 558.95, 620.29, 527.73, 637.0, 460.0]
rec: TECHNOLOGY...............
text_instance: 3
bbox: [327, 487, 81, 111]
bezier_pts: [350.0, 487.0, 347.77, 525.2, 374.55, 556.25, 407.0, 575.0, 395.0, 597.0, 351.42, 578.69, 315.8, 538.9, 329.0, 489.0]
rec: SARAWAK..................
text_instance: 4
bbox: [92, 465, 47, 92]
bezier_pts: [120.0, 465.0, 123.5, 487.76, 129.49, 510.42, 138.0, 533.0, 105.0, 556.0, 103.94, 532.87, 100.65, 507.15, 92.0, 485.0]
rec: WWW......................
text_instance: 5
bbox: [106, 541, 74, 97]
bezier_pts: [141.0, 541.0, 155.38, 563.76, 171.57, 585.69, 179.0, 612.0, 137.0, 637.0, 120.16, 614.43, 119.92, 585.44, 106.0, 561.0]
rec: ucts.....................
text_instance: 6
bbox: [140, 627, 100, 116]
bezier_pts: [192.0, 627.0, 218.61, 651.94, 213.28, 689.71, 239.0, 715.0, 178.0, 742.0, 164.44, 712.67, 151.03, 682.5, 140.0, 652.0]
rec: edu......................
text_instance: 7
bbox: [635, 416, 34, 39]
bezier_pts: [658.0, 416.0, 663.58, 429.82, 663.53, 441.63, 668.0, 453.0, 640.0, 454.0, 638.12, 441.42, 638.97, 436.23, 635.0, 419.0]
rec: OF.......................
text_instance: 8
bbox: [187, 742, 59, 68]
bezier_pts: [218.0, 742.0, 231.22, 757.1, 232.66, 776.36, 245.0, 792.0, 204.0, 809.0, 193.18, 794.55, 186.5, 775.56, 187.0, 758.0]
rec: m........................
