text_instance: 0
bbox: [235, 569, 43, 33]
bezier_pts: [235.0, 594.0, 244.49, 580.93, 262.27, 576.53, 276.0, 569.0, 277.0, 586.0, 267.33, 591.0, 257.67, 596.0, 248.0, 601.0]
rec: GHEE.....................
text_instance: 1
bbox: [275, 570, 44, 43]
bezier_pts: [277.0, 570.0, 290.46, 577.78, 312.01, 582.37, 318.0, 602.0, 304.0, 612.0, 299.78, 592.04, 283.76, 595.33, 275.0, 585.0]
rec: HIANG....................
text_instance: 2
bbox: [238, 637, 64, 32]
bezier_pts: [245.0, 637.0, 258.95, 648.63, 272.66, 656.0, 288.0, 644.0, 301.0, 655.0, 280.54, 671.86, 255.81, 669.2, 238.0, 650.0]
rec: PENANG...................
