text_instance: 0
bbox: [263, 332, 64, 36]
bezier_pts: [264.0, 333.0, 288.48, 328.47, 311.01, 337.28, 326.0, 359.0, 319.0, 367.0, 304.29, 353.12, 285.39, 341.13, 263.0, 346.0]
rec: ARCADE...................
text_instance: 1
bbox: [224, 336, 35, 32]
bezier_pts: [224.0, 354.0, 231.46, 344.68, 243.11, 338.28, 254.0, 336.0, 258.0, 348.0, 249.67, 354.33, 241.33, 360.67, 233.0, 367.0]
rec: ART......................
text_instance: 2
bbox: [220, 407, 33, 15]
bezier_pts: [223.0, 407.0, 232.67, 407.67, 242.33, 408.33, 252.0, 409.0, 249.0, 421.0, 239.33, 420.67, 229.67, 420.33, 220.0, 420.0]
rec: Art......................
text_instance: 3
bbox: [261, 409, 67, 16]
bezier_pts: [264.0, 409.0, 285.0, 410.33, 306.0, 411.67, 327.0, 413.0, 324.0, 424.0, 303.0, 423.0, 282.0, 422.0, 261.0, 421.0]
rec: Arcade...................
