text_instance: 0
bbox: [387, 160, 80, 38]
bezier_pts: [387.0, 179.0, 410.09, 166.57, 437.49, 153.01, 466.0, 164.0, 462.0, 182.0, 436.22, 172.93, 414.03, 186.07, 394.0, 197.0]
rec: Beverley.................
text_instance: 1
bbox: [474, 156, 89, 46]
bezier_pts: [474.0, 156.0, 504.55, 160.23, 537.27, 169.72, 562.0, 191.0, 553.0, 201.0, 527.61, 186.21, 503.13, 176.75, 474.0, 176.0]
rec: Grammar..................
text_instance: 2
bbox: [391, 212, 58, 16]
bezier_pts: [391.0, 212.0, 409.67, 212.67, 428.33, 213.33, 447.0, 214.0, 448.0, 227.0, 429.8, 226.88, 410.35, 227.55, 392.0, 226.0]
rec: FOUNDED..................
text_instance: 3
bbox: [442, 234, 62, 21]
bezier_pts: [444.0, 234.0, 463.67, 234.0, 483.33, 234.0, 503.0, 234.0, 503.0, 254.0, 482.67, 253.67, 462.33, 253.33, 442.0, 253.0]
rec: School...................
text_instance: 4
bbox: [388, 261, 168, 15]
bezier_pts: [388.0, 261.0, 443.67, 261.67, 499.33, 262.33, 555.0, 263.0, 555.0, 274.0, 500.33, 274.33, 445.67, 274.67, 391.0, 275.0]
rec: wwbeverleygrammarcouk....
text_instance: 5
bbox: [502, 215, 19, 14]
bezier_pts: [502.0, 215.0, 508.0, 216.0, 514.0, 217.0, 520.0, 218.0, 520.0, 228.0, 513.97, 227.85, 507.77, 228.53, 502.0, 227.0]
rec: 700......................
text_instance: 6
bbox: [520, 217, 22, 13]
bezier_pts: [522.0, 218.0, 528.03, 215.87, 535.43, 216.32, 541.0, 220.0, 540.0, 227.0, 533.33, 227.67, 526.67, 228.33, 520.0, 229.0]
rec: AD.......................
