text_instance: 0
bbox: [251, 774, 167, 78]
bezier_pts: [251.0, 815.0, 294.45, 768.93, 358.48, 769.05, 417.0, 785.0, 409.0, 826.0, 358.09, 812.93, 309.28, 808.95, 269.0, 851.0]
rec: BOOK.....................
text_instance: 1
bbox: [265, 960, 193, 85]
bezier_pts: [268.0, 984.0, 327.17, 1015.11, 391.31, 993.15, 443.0, 960.0, 457.0, 999.0, 403.01, 1045.07, 331.61, 1062.17, 265.0, 1028.0]
rec: BEACH....................
text_instance: 2
bbox: [1175, 550, 120, 75]
bezier_pts: [1175.0, 586.0, 1214.0, 574.0, 1253.0, 562.0, 1292.0, 550.0, 1294.0, 589.0, 1257.06, 603.51, 1218.92, 615.21, 1180.0, 624.0]
rec: catch....................
text_instance: 3
bbox: [1298, 541, 60, 52]
bezier_pts: [1298.0, 552.0, 1315.89, 548.33, 1331.11, 542.88, 1349.0, 541.0, 1357.0, 580.0, 1340.75, 586.37, 1323.78, 590.15, 1306.0, 591.0]
rec: the......................
text_instance: 4
bbox: [1168, 583, 181, 88]
bezier_pts: [1168.0, 622.0, 1227.32, 602.85, 1284.45, 591.05, 1346.0, 583.0, 1348.0, 621.0, 1293.16, 640.06, 1237.05, 656.47, 1180.0, 670.0]
rec: READING..................
text_instance: 5
bbox: [1186, 633, 122, 79]
bezier_pts: [1186.0, 667.0, 1224.19, 650.09, 1264.31, 643.29, 1306.0, 633.0, 1307.0, 673.0, 1274.69, 686.19, 1242.45, 698.85, 1210.0, 711.0]
rec: WAVE.....................
