text_instance: 0
bbox: [344, 394, 111, 60]
bezier_pts: [347.0, 397.0, 382.67, 396.0, 418.33, 395.0, 454.0, 394.0, 445.0, 447.0, 411.36, 451.11, 377.32, 451.4, 344.0, 453.0]
rec: hogan....................
text_instance: 1
bbox: [45, 397, 104, 66]
bezier_pts: [141.0, 397.0, 113.67, 397.0, 86.33, 397.0, 59.0, 397.0, 45.0, 462.0, 79.33, 462.0, 113.67, 462.0, 148.0, 462.0]
rec: Hogan....................
text_instance: 2
bbox: [285, 496, 69, 68]
bezier_pts: [285.0, 540.0, 307.97, 525.07, 328.18, 507.25, 353.0, 496.0, 349.0, 526.0, 322.64, 520.58, 310.17, 541.36, 302.0, 563.0]
rec: MONEY....................
text_instance: 3
bbox: [360, 496, 95, 70]
bezier_pts: [360.0, 496.0, 395.73, 505.46, 434.87, 511.81, 454.0, 549.0, 433.0, 565.0, 422.02, 530.26, 397.31, 514.83, 361.0, 518.0]
rec: CHANGER..................
text_instance: 4
bbox: [280, 581, 119, 85]
bezier_pts: [297.0, 581.0, 307.02, 641.58, 347.66, 650.38, 397.0, 639.0, 398.0, 660.0, 338.47, 676.82, 290.63, 652.97, 280.0, 582.0]
rec: MHDINSDNBHD..............
text_instance: 5
bbox: [400, 574, 57, 87]
bezier_pts: [400.0, 635.0, 425.03, 626.04, 438.59, 604.6, 436.0, 577.0, 456.0, 574.0, 454.21, 609.28, 429.37, 632.72, 411.0, 660.0]
rec: 666325H..................
text_instance: 6
bbox: [20, 514, 59, 63]
bezier_pts: [68.0, 514.0, 52.0, 529.0, 36.0, 544.0, 20.0, 559.0, 40.0, 576.0, 48.53, 561.63, 52.47, 532.63, 78.0, 535.0]
rec: NGER.....................
text_instance: 7
bbox: [112, 503, 76, 66]
bezier_pts: [117.0, 503.0, 143.21, 514.34, 166.26, 524.96, 187.0, 546.0, 173.0, 568.0, 155.74, 552.64, 143.67, 522.28, 112.0, 528.0]
rec: MONEY....................
text_instance: 8
bbox: [14, 585, 66, 87]
bezier_pts: [79.0, 648.0, 53.99, 634.52, 40.71, 612.74, 39.0, 585.0, 14.0, 591.0, 23.32, 620.33, 36.72, 652.45, 65.0, 671.0]
rec: 666325H..................
text_instance: 9
bbox: [347, 797, 42, 18]
bezier_pts: [347.0, 797.0, 360.0, 797.0, 373.0, 797.0, 386.0, 797.0, 388.0, 813.0, 375.28, 814.57, 362.74, 813.84, 350.0, 814.0]
rec: JUICY....................
