text_instance: 0
bbox: [70, 135, 176, 77]
bezier_pts: [70.0, 145.0, 126.96, 139.23, 185.74, 125.67, 241.0, 147.0, 245.0, 207.0, 188.82, 190.44, 132.82, 191.77, 77.0, 211.0]
rec: KILOHANA.................
text_instance: 1
bbox: [149, 218, 50, 20]
bezier_pts: [149.0, 221.0, 164.67, 220.0, 180.33, 219.0, 196.0, 218.0, 198.0, 235.0, 182.0, 235.33, 166.0, 235.67, 150.0, 236.0]
rec: Kalamaku.................
text_instance: 2
bbox: [101, 249, 32, 17]
bezier_pts: [101.0, 250.0, 110.67, 249.67, 120.33, 249.33, 130.0, 249.0, 132.0, 263.0, 122.21, 264.38, 111.85, 264.74, 102.0, 264.0]
rec: Kauai....................
text_instance: 3
bbox: [131, 245, 51, 18]
bezier_pts: [131.0, 248.0, 146.33, 247.0, 161.67, 246.0, 177.0, 245.0, 181.0, 259.0, 164.36, 262.42, 147.8, 263.01, 131.0, 261.0]
rec: Plantation...............
text_instance: 4
bbox: [182, 243, 35, 20]
bezier_pts: [183.0, 245.0, 193.33, 244.33, 203.67, 243.67, 214.0, 243.0, 216.0, 260.0, 204.38, 260.12, 193.62, 262.21, 182.0, 261.0]
rec: Railway..................
text_instance: 5
bbox: [126, 273, 31, 20]
bezier_pts: [126.0, 274.0, 135.33, 273.67, 144.67, 273.33, 154.0, 273.0, 156.0, 288.0, 146.2, 290.75, 137.0, 292.29, 127.0, 292.0]
rec: North....................
text_instance: 6
bbox: [156, 269, 52, 22]
bezier_pts: [156.0, 272.0, 173.0, 271.0, 190.0, 270.0, 207.0, 269.0, 206.0, 284.0, 190.61, 288.45, 175.11, 290.53, 159.0, 290.0]
rec: Restaurant...............
text_instance: 7
bbox: [127, 300, 28, 20]
bezier_pts: [127.0, 301.0, 135.67, 300.67, 144.33, 300.33, 153.0, 300.0, 154.0, 314.0, 146.01, 316.7, 137.25, 317.08, 129.0, 319.0]
rec: Koloa....................
text_instance: 8
bbox: [156, 298, 25, 18]
bezier_pts: [156.0, 300.0, 163.0, 299.33, 170.0, 298.67, 177.0, 298.0, 180.0, 313.0, 172.23, 315.63, 163.77, 315.04, 156.0, 315.0]
rec: Rum......................
text_instance: 9
bbox: [127, 326, 31, 23]
bezier_pts: [127.0, 329.0, 136.33, 328.0, 145.67, 327.0, 155.0, 326.0, 157.0, 344.0, 148.02, 347.52, 139.58, 348.49, 130.0, 348.0]
rec: Shops....................
text_instance: 10
bbox: [170, 320, 40, 22]
bezier_pts: [170.0, 325.0, 183.0, 323.33, 196.0, 321.67, 209.0, 320.0, 209.0, 336.0, 196.95, 339.58, 184.69, 341.37, 172.0, 341.0]
rec: Kilohana.................
text_instance: 11
bbox: [132, 203, 27, 12]
bezier_pts: [135.0, 205.0, 142.27, 203.76, 149.54, 202.33, 157.0, 204.0, 158.0, 213.0, 149.74, 214.56, 140.26, 213.8, 132.0, 214.0]
rec: OPEN.....................
text_instance: 12
bbox: [162, 202, 24, 14]
bezier_pts: [162.0, 204.0, 169.53, 200.22, 177.47, 201.61, 185.0, 203.0, 185.0, 213.0, 177.35, 215.21, 169.51, 215.9, 162.0, 214.0]
rec: DAILY....................
text_instance: 13
bbox: [122, 222, 28, 16]
bezier_pts: [122.0, 222.0, 130.91, 221.93, 139.79, 221.95, 148.0, 224.0, 149.0, 236.0, 140.05, 236.0, 131.43, 236.0, 123.0, 236.0]
rec: LUAR.....................
text_instance: 14
bbox: [108, 278, 17, 15]
bezier_pts: [108.0, 279.0, 113.0, 278.67, 118.0, 278.33, 123.0, 278.0, 124.0, 291.0, 119.43, 292.59, 114.57, 291.82, 110.0, 292.0]
rec: 29.......................
text_instance: 15
bbox: [178, 297, 19, 17]
bezier_pts: [178.0, 298.0, 184.0, 298.0, 190.0, 298.0, 196.0, 298.0, 196.0, 312.0, 190.0, 312.0, 184.0, 312.0, 178.0, 312.0]
rec: Co.......................
text_instance: 16
bbox: [106, 331, 24, 17]
bezier_pts: [106.0, 335.0, 111.66, 329.92, 119.28, 330.55, 126.0, 332.0, 129.0, 346.0, 122.67, 346.33, 116.33, 346.67, 110.0, 347.0]
rec: The......................
text_instance: 17
bbox: [160, 328, 11, 15]
bezier_pts: [160.0, 331.0, 163.0, 330.0, 166.0, 329.0, 169.0, 328.0, 170.0, 340.0, 166.71, 341.29, 163.59, 342.72, 160.0, 342.0]
rec: at.......................
