text_instance: 0
bbox: [556, 480, 28, 19]
bezier_pts: [556.0, 480.0, 565.0, 480.0, 574.0, 480.0, 583.0, 480.0, 583.0, 496.0, 573.96, 498.79, 564.74, 498.86, 556.0, 496.0]
rec: 8PM......................
text_instance: 1
bbox: [460, 481, 28, 18]
bezier_pts: [460.0, 481.0, 469.0, 481.0, 478.0, 481.0, 487.0, 481.0, 487.0, 497.0, 478.0, 497.0, 469.0, 497.0, 460.0, 497.0]
rec: MON......................
text_instance: 2
bbox: [520, 480, 29, 19]
bezier_pts: [520.0, 480.0, 529.33, 480.0, 538.67, 480.0, 548.0, 480.0, 548.0, 496.0, 538.83, 497.58, 529.22, 497.75, 520.0, 496.0]
rec: 6pm......................
text_instance: 3
bbox: [7, 327, 124, 33]
bezier_pts: [7.0, 327.0, 47.33, 332.0, 87.67, 337.0, 128.0, 342.0, 130.0, 359.0, 89.67, 355.67, 49.33, 352.33, 9.0, 349.0]
rec: TEDBOY...................
text_instance: 4
bbox: [29, 356, 84, 24]
bezier_pts: [29.0, 356.0, 56.8, 358.99, 85.71, 360.25, 112.0, 365.0, 111.0, 379.0, 84.28, 378.33, 56.34, 375.7, 30.0, 371.0]
rec: BAKERY...................
text_instance: 5
bbox: [224, 291, 67, 30]
bezier_pts: [225.0, 291.0, 246.67, 294.33, 268.33, 297.67, 290.0, 301.0, 290.0, 320.0, 268.0, 318.67, 246.0, 317.33, 224.0, 316.0]
rec: olesome..................
text_instance: 6
bbox: [293, 299, 59, 33]
bezier_pts: [293.0, 299.0, 312.0, 300.33, 331.0, 301.67, 350.0, 303.0, 351.0, 331.0, 331.67, 330.33, 312.33, 329.67, 293.0, 329.0]
rec: goodness.................
text_instance: 7
bbox: [456, 389, 47, 56]
bezier_pts: [456.0, 432.0, 467.67, 417.67, 479.33, 403.33, 491.0, 389.0, 502.0, 412.0, 488.27, 420.03, 479.19, 429.52, 470.0, 444.0]
rec: VALUE....................
text_instance: 8
bbox: [501, 383, 30, 25]
bezier_pts: [501.0, 386.0, 510.67, 385.0, 520.33, 384.0, 530.0, 383.0, 529.0, 405.0, 521.0, 405.67, 513.0, 406.33, 505.0, 407.0]
rec: SET......................
text_instance: 9
bbox: [529, 384, 62, 58]
bezier_pts: [536.0, 384.0, 556.56, 392.26, 579.07, 402.35, 590.0, 424.0, 574.0, 441.0, 564.13, 423.27, 547.84, 411.49, 529.0, 404.0]
rec: DINNER...................
text_instance: 10
bbox: [385, 388, 52, 15]
bezier_pts: [436.0, 392.0, 419.0, 390.67, 402.0, 389.33, 385.0, 388.0, 387.0, 401.0, 403.33, 401.33, 419.67, 401.67, 436.0, 402.0]
rec: BAKERY...................
text_instance: 11
bbox: [479, 436, 28, 28]
bezier_pts: [479.0, 439.0, 488.0, 438.0, 497.0, 437.0, 506.0, 436.0, 506.0, 463.0, 497.33, 463.0, 488.67, 463.0, 480.0, 463.0]
rec: RM.......................
text_instance: 12
bbox: [503, 417, 49, 59]
bezier_pts: [503.0, 418.0, 518.0, 417.67, 533.0, 417.33, 548.0, 417.0, 551.0, 473.0, 536.7, 474.82, 522.2, 474.45, 508.0, 472.0]
rec: 15.......................
text_instance: 13
bbox: [669, 424, 49, 26]
bezier_pts: [672.0, 424.0, 685.67, 424.33, 699.33, 424.67, 713.0, 425.0, 717.0, 449.0, 701.0, 449.0, 685.0, 449.0, 669.0, 449.0]
rec: STREET...................
