text_instance: 0
bbox: [459, 113, 391, 173]
bezier_pts: [459.0, 138.0, 603.95, 88.57, 754.27, 87.74, 849.0, 223.0, 808.0, 285.0, 724.61, 168.01, 579.83, 148.18, 465.0, 219.0]
rec: SMOKLAHOMA...............
text_instance: 1
bbox: [434, 239, 89, 58]
bezier_pts: [442.0, 239.0, 468.67, 243.33, 495.33, 247.67, 522.0, 252.0, 517.0, 296.0, 488.66, 293.6, 461.06, 289.91, 434.0, 283.0]
rec: HOUR.....................
text_instance: 2
bbox: [522, 254, 119, 60]
bezier_pts: [531.0, 254.0, 567.33, 259.67, 603.67, 265.33, 640.0, 271.0, 631.0, 313.0, 594.02, 308.73, 557.74, 302.74, 522.0, 295.0]
rec: SMOKED...................
text_instance: 3
bbox: [640, 270, 105, 61]
bezier_pts: [650.0, 270.0, 681.33, 276.0, 712.67, 282.0, 744.0, 288.0, 735.0, 330.0, 703.25, 325.48, 671.14, 319.88, 640.0, 311.0]
rec: PULLED...................
text_instance: 4
bbox: [740, 285, 83, 59]
bezier_pts: [754.0, 285.0, 776.67, 289.0, 799.33, 293.0, 822.0, 297.0, 819.0, 343.0, 792.16, 339.0, 765.46, 335.74, 740.0, 329.0]
rec: PORK.....................
text_instance: 5
bbox: [425, 303, 126, 52]
bezier_pts: [432.0, 303.0, 472.63, 306.22, 510.32, 312.77, 550.0, 320.0, 543.0, 354.0, 503.57, 350.13, 464.65, 345.01, 425.0, 339.0]
rec: BRIOCHE..................
text_instance: 6
bbox: [552, 321, 56, 41]
bezier_pts: [555.0, 321.0, 572.33, 323.33, 589.67, 325.67, 607.0, 328.0, 599.0, 361.0, 583.69, 360.97, 567.55, 357.58, 552.0, 356.0]
rec: BUN......................
text_instance: 7
bbox: [633, 333, 74, 42]
bezier_pts: [643.0, 333.0, 664.0, 335.67, 685.0, 338.33, 706.0, 341.0, 700.0, 374.0, 677.45, 374.29, 655.13, 371.58, 633.0, 366.0]
rec: 400......................
text_instance: 8
bbox: [422, 347, 123, 53]
bezier_pts: [429.0, 347.0, 467.33, 352.33, 505.67, 357.67, 544.0, 363.0, 540.0, 399.0, 500.67, 397.0, 461.33, 395.0, 422.0, 393.0]
rec: SMOKLA...................
text_instance: 9
bbox: [555, 366, 61, 40]
bezier_pts: [560.0, 366.0, 578.33, 369.0, 596.67, 372.0, 615.0, 375.0, 612.0, 404.0, 592.86, 404.22, 574.04, 403.18, 555.0, 401.0]
rec: DOG......................
text_instance: 10
bbox: [721, 388, 66, 42]
bezier_pts: [731.0, 388.0, 749.33, 390.67, 767.67, 393.33, 786.0, 396.0, 781.0, 428.0, 761.38, 429.83, 740.98, 428.36, 721.0, 425.0]
rec: 400......................
text_instance: 11
bbox: [708, 434, 75, 38]
bezier_pts: [718.0, 434.0, 739.33, 434.67, 760.67, 435.33, 782.0, 436.0, 779.0, 470.0, 754.87, 471.77, 731.81, 470.49, 708.0, 467.0]
rec: 500......................
text_instance: 12
bbox: [389, 397, 76, 45]
bezier_pts: [403.0, 397.0, 423.33, 399.33, 443.67, 401.67, 464.0, 404.0, 458.0, 441.0, 435.3, 438.31, 411.96, 436.82, 389.0, 432.0]
rec: ADD......................
text_instance: 13
bbox: [472, 403, 119, 53]
bezier_pts: [477.0, 403.0, 513.41, 405.78, 554.33, 414.11, 590.0, 420.0, 582.0, 455.0, 544.5, 452.0, 507.98, 445.87, 472.0, 437.0]
rec: PULLED...................
text_instance: 14
bbox: [593, 414, 87, 43]
bezier_pts: [597.0, 414.0, 624.33, 414.0, 651.67, 414.0, 679.0, 414.0, 666.0, 456.0, 641.67, 455.67, 617.33, 455.33, 593.0, 455.0]
rec: PORK.....................
text_instance: 15
bbox: [410, 446, 118, 39]
bezier_pts: [410.0, 446.0, 449.0, 450.33, 488.0, 454.67, 527.0, 459.0, 518.0, 484.0, 482.33, 481.67, 446.67, 479.33, 411.0, 477.0]
rec: TOPPINGS.................
text_instance: 16
bbox: [637, 473, 92, 29]
bezier_pts: [639.0, 473.0, 668.67, 475.67, 698.33, 478.33, 728.0, 481.0, 727.0, 500.0, 696.9, 499.46, 666.33, 497.37, 637.0, 494.0]
rec: HOMEMADE.................
text_instance: 17
bbox: [400, 233, 40, 50]
bezier_pts: [404.0, 233.0, 415.16, 232.5, 428.25, 233.71, 439.0, 237.0, 436.0, 281.0, 424.0, 282.27, 412.0, 279.71, 400.0, 278.0]
rec: 16.......................
text_instance: 18
bbox: [388, 299, 41, 42]
bezier_pts: [395.0, 299.0, 405.98, 300.13, 416.62, 301.61, 428.0, 303.0, 425.0, 340.0, 412.23, 338.87, 399.95, 336.76, 388.0, 334.0]
rec: IN.......................
text_instance: 19
bbox: [388, 345, 25, 41]
bezier_pts: [390.0, 345.0, 397.33, 345.67, 404.67, 346.33, 412.0, 347.0, 407.0, 384.0, 400.67, 384.33, 394.33, 384.67, 388.0, 385.0]
rec: 8........................
