text_instance: 0
bbox: [127, 208, 144, 138]
bezier_pts: [127.0, 340.0, 119.22, 252.24, 197.07, 205.42, 268.0, 208.0, 270.0, 250.0, 207.07, 240.62, 165.35, 280.26, 170.0, 345.0]
rec: NEALS....................
text_instance: 1
bbox: [297, 216, 88, 145]
bezier_pts: [307.0, 216.0, 370.35, 241.45, 389.12, 293.75, 384.0, 360.0, 348.0, 358.0, 342.56, 317.69, 337.85, 277.61, 297.0, 256.0]
rec: YARD.....................
text_instance: 2
bbox: [152, 462, 214, 93]
bezier_pts: [182.0, 466.0, 233.44, 509.97, 287.55, 497.99, 339.0, 462.0, 365.0, 510.0, 300.36, 561.69, 218.05, 562.27, 152.0, 507.0]
rec: DAIRY....................
