text_instance: 0
bbox: [158, 82, 79, 32]
bezier_pts: [158.0, 100.0, 183.02, 87.58, 209.07, 82.33, 236.0, 82.0, 236.0, 98.0, 213.0, 103.0, 190.0, 108.0, 167.0, 113.0]
rec: PENANG...................
text_instance: 1
bbox: [240, 78, 52, 20]
bezier_pts: [240.0, 78.0, 257.0, 79.0, 274.0, 80.0, 291.0, 81.0, 288.0, 97.0, 273.33, 97.0, 258.67, 97.0, 244.0, 97.0]
rec: FREE.....................
text_instance: 2
bbox: [297, 80, 74, 35]
bezier_pts: [299.0, 80.0, 322.93, 83.3, 347.98, 88.15, 370.0, 99.0, 367.0, 114.0, 343.67, 108.33, 320.33, 102.67, 297.0, 97.0]
rec: SCHOOL...................
