text_instance: 0
bbox: [27, 38, 45, 75]
bezier_pts: [27.0, 104.0, 30.36, 79.12, 33.1, 50.45, 61.0, 38.0, 71.0, 57.0, 62.07, 74.58, 55.23, 94.79, 44.0, 112.0]
rec: BEIJING..................
text_instance: 1
bbox: [67, 33, 71, 42]
bezier_pts: [67.0, 35.0, 92.69, 33.27, 124.65, 21.16, 137.0, 54.0, 127.0, 74.0, 111.33, 59.78, 92.16, 50.68, 71.0, 55.0]
rec: NOODLE...................
text_instance: 2
bbox: [131, 66, 27, 39]
bezier_pts: [145.0, 66.0, 152.06, 76.28, 149.33, 89.09, 157.0, 100.0, 137.0, 104.0, 131.64, 93.58, 133.3, 90.87, 131.0, 76.0]
rec: NO.......................
