text_instance: 0
bbox: [416, 167, 171, 79]
bezier_pts: [416.0, 167.0, 472.67, 167.0, 529.33, 167.0, 586.0, 167.0, 586.0, 244.0, 529.33, 244.0, 472.67, 244.0, 416.0, 244.0]
rec: Cour.....................
text_instance: 1
bbox: [14, 145, 377, 100]
bezier_pts: [14.0, 145.0, 140.27, 148.69, 262.04, 148.66, 390.0, 145.0, 390.0, 243.0, 264.67, 243.0, 139.33, 243.0, 14.0, 243.0]
rec: Shopping.................
text_instance: 2
bbox: [230, 114, 91, 41]
bezier_pts: [230.0, 114.0, 260.0, 114.0, 290.0, 114.0, 320.0, 114.0, 320.0, 153.0, 290.0, 153.0, 260.0, 153.0, 230.0, 153.0]
rec: TRICT....................
text_instance: 3
bbox: [206, 257, 15, 53]
bezier_pts: [206.0, 257.0, 207.3, 275.83, 209.25, 292.24, 207.0, 308.0, 220.0, 309.0, 220.0, 291.67, 220.0, 274.33, 220.0, 257.0]
rec: FELD.....................
text_instance: 4
bbox: [411, 272, 15, 71]
bezier_pts: [413.0, 272.0, 413.94, 296.7, 410.05, 317.91, 411.0, 342.0, 422.0, 342.0, 425.02, 319.86, 426.94, 295.55, 423.0, 273.0]
rec: COBS.....................
text_instance: 5
bbox: [581, 135, 61, 64]
bezier_pts: [584.0, 176.0, 611.82, 180.87, 618.88, 154.36, 625.0, 135.0, 641.0, 156.0, 625.59, 176.08, 610.05, 201.25, 581.0, 198.0]
rec: STANDING.................
text_instance: 6
bbox: [58, 38, 59, 97]
bezier_pts: [59.0, 38.0, 76.5, 41.03, 95.39, 41.54, 112.0, 47.0, 116.0, 134.0, 96.67, 127.67, 77.33, 121.33, 58.0, 115.0]
rec: 8........................
text_instance: 7
bbox: [150, 61, 54, 48]
bezier_pts: [156.0, 61.0, 172.26, 63.37, 187.32, 66.65, 203.0, 74.0, 202.0, 108.0, 184.75, 108.04, 166.8, 104.86, 150.0, 100.0]
rec: AV.......................
text_instance: 8
bbox: [559, 157, 25, 33]
bezier_pts: [572.0, 157.0, 575.67, 162.0, 579.33, 167.0, 583.0, 172.0, 580.0, 189.0, 563.6, 189.95, 570.14, 170.26, 559.0, 171.0]
rec: NO.......................
