text_instance: 0
bbox: [359, 159, 86, 26]
bezier_pts: [359.0, 159.0, 387.33, 159.0, 415.67, 159.0, 444.0, 159.0, 444.0, 182.0, 415.7, 183.47, 386.69, 183.79, 359.0, 182.0]
rec: ADVENTURE................
text_instance: 1
bbox: [282, 157, 72, 29]
bezier_pts: [282.0, 157.0, 305.67, 157.0, 329.33, 157.0, 353.0, 157.0, 353.0, 182.0, 329.72, 182.79, 306.17, 182.72, 282.0, 182.0]
rec: TROPICAL.................
text_instance: 2
bbox: [564, 365, 108, 62]
bezier_pts: [564.0, 365.0, 599.67, 365.0, 635.33, 365.0, 671.0, 365.0, 671.0, 425.0, 635.33, 425.0, 599.67, 425.0, 564.0, 425.0]
rec: blog.....................
text_instance: 3
bbox: [450, 159, 42, 24]
bezier_pts: [450.0, 159.0, 463.67, 159.0, 477.33, 159.0, 491.0, 159.0, 491.0, 180.0, 477.23, 182.55, 463.3, 182.12, 450.0, 180.0]
rec: TEAM.....................
text_instance: 4
bbox: [88, 88, 125, 35]
bezier_pts: [88.0, 88.0, 129.33, 88.0, 170.67, 88.0, 212.0, 88.0, 212.0, 120.0, 170.11, 121.79, 128.81, 121.79, 88.0, 120.0]
rec: TOYOTA...................
text_instance: 5
bbox: [270, 183, 63, 18]
bezier_pts: [270.0, 183.0, 290.67, 183.0, 311.33, 183.0, 332.0, 183.0, 332.0, 198.0, 311.63, 200.64, 291.29, 199.86, 270.0, 198.0]
rec: Malaysia.................
text_instance: 6
bbox: [78, 241, 95, 106]
bezier_pts: [80.0, 346.0, 65.41, 283.33, 110.55, 250.9, 164.0, 241.0, 172.0, 263.0, 134.69, 268.3, 81.14, 289.12, 103.0, 341.0]
rec: TROPICAL.................
text_instance: 7
bbox: [177, 241, 134, 89]
bezier_pts: [178.0, 242.0, 238.1, 231.2, 312.7, 253.7, 310.0, 327.0, 288.0, 329.0, 282.65, 264.16, 228.23, 256.47, 177.0, 260.0]
rec: ADVENTURE................
text_instance: 8
bbox: [177, 369, 77, 35]
bezier_pts: [177.0, 379.0, 199.67, 375.67, 222.33, 372.33, 245.0, 369.0, 253.0, 389.0, 229.5, 404.91, 204.05, 404.07, 177.0, 402.0]
rec: TEAM.....................
text_instance: 9
bbox: [255, 392, 130, 38]
bezier_pts: [255.0, 395.0, 298.0, 394.0, 341.0, 393.0, 384.0, 392.0, 376.0, 426.0, 336.67, 427.0, 297.33, 428.0, 258.0, 429.0]
rec: WWW......................
text_instance: 10
bbox: [331, 182, 56, 18]
bezier_pts: [333.0, 184.0, 350.33, 183.33, 367.67, 182.67, 385.0, 182.0, 386.0, 198.0, 367.0, 199.54, 349.59, 199.37, 331.0, 198.0]
rec: Thailand.................
text_instance: 11
bbox: [384, 183, 37, 18]
bezier_pts: [384.0, 183.0, 396.0, 183.33, 408.0, 183.67, 420.0, 184.0, 420.0, 198.0, 408.91, 199.35, 398.23, 199.91, 387.0, 200.0]
rec: Laos.....................
text_instance: 12
bbox: [423, 184, 39, 18]
bezier_pts: [423.0, 184.0, 435.67, 184.0, 448.33, 184.0, 461.0, 184.0, 461.0, 201.0, 448.33, 200.67, 435.67, 200.33, 423.0, 200.0]
rec: China....................
text_instance: 13
bbox: [395, 376, 156, 52]
bezier_pts: [395.0, 379.0, 444.67, 378.0, 494.33, 377.0, 544.0, 376.0, 550.0, 426.0, 499.33, 426.33, 448.67, 426.67, 398.0, 427.0]
rec: 1a14x4...................
text_instance: 14
bbox: [464, 184, 36, 18]
bezier_pts: [464.0, 185.0, 475.3, 185.41, 487.13, 183.73, 499.0, 186.0, 498.0, 201.0, 487.13, 201.09, 476.12, 200.88, 465.0, 200.0]
rec: 2013.....................
