text_instance: 0
bbox: [245, 387, 195, 143]
bezier_pts: [245.0, 482.0, 290.48, 428.48, 352.52, 404.45, 417.0, 387.0, 439.0, 436.0, 393.73, 475.82, 335.91, 509.8, 277.0, 529.0]
rec: TAMAN....................
text_instance: 1
bbox: [453, 320, 289, 96]
bezier_pts: [453.0, 372.0, 548.26, 337.49, 639.93, 317.66, 740.0, 320.0, 741.0, 357.0, 650.67, 376.33, 560.33, 395.67, 470.0, 415.0]
rec: NASIONAL.................
text_instance: 2
bbox: [780, 314, 225, 74]
bezier_pts: [780.0, 314.0, 854.03, 317.71, 932.64, 322.29, 1004.0, 342.0, 995.0, 387.0, 923.67, 377.67, 852.33, 368.33, 781.0, 359.0]
rec: GUNUNG...................
text_instance: 3
bbox: [1029, 354, 209, 135]
bezier_pts: [1045.0, 354.0, 1112.75, 379.56, 1175.78, 409.83, 1237.0, 449.0, 1217.0, 488.0, 1154.33, 457.0, 1091.67, 426.0, 1029.0, 395.0]
rec: RINJANI..................
text_instance: 4
bbox: [541, 452, 191, 62]
bezier_pts: [541.0, 454.0, 602.67, 453.33, 664.33, 452.67, 726.0, 452.0, 731.0, 501.0, 669.32, 506.95, 607.28, 509.95, 545.0, 510.0]
rec: PINTU....................
text_instance: 5
bbox: [750, 439, 232, 64]
bezier_pts: [750.0, 449.0, 823.33, 445.67, 896.67, 442.33, 970.0, 439.0, 981.0, 488.0, 905.54, 494.65, 829.93, 498.29, 754.0, 499.0]
rec: SENARU...................
