text_instance: 0
bbox: [48, 93, 28, 58]
bezier_pts: [48.0, 147.0, 54.63, 129.53, 53.35, 110.38, 63.0, 93.0, 75.0, 101.0, 65.05, 115.25, 64.98, 134.21, 62.0, 150.0]
rec: UNITED...................
text_instance: 1
bbox: [64, 68, 35, 33]
bezier_pts: [64.0, 86.0, 72.31, 77.32, 86.68, 74.67, 96.0, 68.0, 98.0, 85.0, 90.33, 90.0, 82.67, 95.0, 75.0, 100.0]
rec: STATES...................
text_instance: 2
bbox: [122, 90, 32, 71]
bezier_pts: [134.0, 90.0, 150.51, 108.96, 147.16, 135.89, 153.0, 159.0, 140.0, 160.0, 137.3, 138.34, 142.24, 115.01, 122.0, 98.0]
rec: COMMAND..................
text_instance: 3
bbox: [55, 303, 96, 35]
bezier_pts: [55.0, 304.0, 85.33, 303.67, 115.67, 303.33, 146.0, 303.0, 150.0, 332.0, 119.0, 335.99, 88.17, 336.65, 56.0, 336.0]
rec: CYBER....................
text_instance: 4
bbox: [24, 342, 152, 47]
bezier_pts: [24.0, 352.0, 72.74, 347.24, 124.45, 346.05, 172.0, 342.0, 175.0, 374.0, 126.71, 381.57, 77.91, 386.27, 29.0, 388.0]
rec: COMMAND..................
text_instance: 5
bbox: [194, 94, 32, 70]
bezier_pts: [194.0, 161.0, 196.47, 137.62, 198.69, 111.07, 219.0, 94.0, 225.0, 110.0, 207.02, 123.25, 211.14, 145.79, 207.0, 163.0]
rec: NATIONAL.................
text_instance: 6
bbox: [220, 90, 48, 32]
bezier_pts: [220.0, 90.0, 239.55, 90.81, 256.85, 94.23, 267.0, 111.0, 261.0, 121.0, 251.5, 109.3, 238.38, 101.07, 224.0, 107.0]
rec: SECURITY.................
text_instance: 7
bbox: [259, 118, 21, 60]
bezier_pts: [268.0, 118.0, 273.36, 138.07, 280.86, 156.1, 279.0, 177.0, 265.0, 170.0, 275.18, 154.89, 271.65, 138.24, 259.0, 125.0]
rec: AGENCY...................
text_instance: 8
bbox: [200, 177, 25, 41]
bezier_pts: [209.0, 177.0, 209.97, 186.36, 221.09, 192.68, 224.0, 206.0, 220.0, 217.0, 211.56, 206.55, 204.89, 195.22, 200.0, 183.0]
rec: UNITED...................
text_instance: 9
bbox: [217, 206, 29, 20]
bezier_pts: [225.0, 206.0, 231.0, 207.67, 237.0, 209.33, 243.0, 211.0, 245.0, 225.0, 234.9, 224.35, 225.42, 221.46, 217.0, 216.0]
rec: STATES...................
text_instance: 10
bbox: [177, 257, 115, 32]
bezier_pts: [177.0, 257.0, 214.0, 257.67, 251.0, 258.33, 288.0, 259.0, 291.0, 286.0, 253.85, 288.46, 217.41, 288.3, 180.0, 288.0]
rec: NATIONAL.................
text_instance: 11
bbox: [179, 297, 114, 36]
bezier_pts: [181.0, 302.0, 218.0, 300.33, 255.0, 298.67, 292.0, 297.0, 290.0, 326.0, 253.0, 328.0, 216.0, 330.0, 179.0, 332.0]
rec: SECURITY.................
text_instance: 12
bbox: [191, 336, 93, 37]
bezier_pts: [194.0, 344.0, 223.33, 341.33, 252.67, 338.67, 282.0, 336.0, 283.0, 363.0, 252.32, 367.24, 221.67, 369.18, 191.0, 372.0]
rec: AGENCY...................
text_instance: 13
bbox: [298, 261, 91, 30]
bezier_pts: [298.0, 262.0, 327.67, 261.67, 357.33, 261.33, 387.0, 261.0, 388.0, 287.0, 359.0, 288.0, 330.0, 289.0, 301.0, 290.0]
rec: CENTRAL..................
text_instance: 14
bbox: [299, 294, 88, 32]
bezier_pts: [300.0, 298.0, 328.33, 296.67, 356.67, 295.33, 385.0, 294.0, 386.0, 319.0, 357.0, 321.0, 328.0, 323.0, 299.0, 325.0]
rec: SECURITY.................
text_instance: 15
bbox: [306, 330, 76, 34]
bezier_pts: [306.0, 336.0, 331.0, 334.0, 356.0, 332.0, 381.0, 330.0, 381.0, 354.0, 357.45, 358.93, 334.26, 362.29, 310.0, 363.0]
rec: SERVICE..................
text_instance: 16
bbox: [98, 71, 32, 25]
bezier_pts: [98.0, 71.0, 111.12, 69.06, 120.33, 80.05, 129.0, 87.0, 125.0, 95.0, 116.33, 91.67, 107.67, 88.33, 99.0, 85.0]
rec: CYBER....................
text_instance: 17
bbox: [79, 256, 54, 36]
bezier_pts: [79.0, 258.0, 96.67, 257.33, 114.33, 256.67, 132.0, 256.0, 132.0, 288.0, 114.49, 291.12, 96.73, 290.82, 80.0, 289.0]
rec: U.S......................
