text_instance: 0
bbox: [557, 544, 78, 81]
bezier_pts: [557.0, 606.0, 570.73, 574.66, 595.79, 557.96, 625.0, 544.0, 634.0, 567.0, 597.26, 569.29, 580.29, 587.44, 580.0, 624.0]
rec: ASSUNTA..................
text_instance: 1
bbox: [632, 544, 82, 87]
bezier_pts: [646.0, 544.0, 684.62, 555.79, 704.64, 590.93, 713.0, 627.0, 689.0, 630.0, 688.88, 595.83, 675.28, 566.49, 632.0, 570.0]
rec: HOSPITAL.................
text_instance: 2
bbox: [590, 654, 91, 32]
bezier_pts: [598.0, 654.0, 619.06, 672.22, 647.99, 674.33, 671.0, 657.0, 680.0, 676.0, 650.01, 679.09, 619.92, 678.94, 590.0, 676.0]
rec: FIDELITY.................
text_instance: 3
bbox: [1020, 147, 21, 79]
bezier_pts: [1020.0, 225.0, 1025.24, 200.8, 1017.99, 171.16, 1027.0, 147.0, 1040.0, 148.0, 1033.16, 172.84, 1040.35, 200.56, 1033.0, 225.0]
rec: 7ELEVEN..................
