text_instance: 0
bbox: [223, 348, 230, 319]
bezier_pts: [223.0, 643.0, 246.3, 523.05, 282.56, 420.27, 388.0, 348.0, 452.0, 420.0, 366.39, 469.37, 328.2, 577.1, 301.0, 666.0]
rec: PUSAT....................
text_instance: 1
bbox: [417, 166, 279, 201]
bezier_pts: [417.0, 322.0, 487.84, 248.19, 579.98, 192.09, 676.0, 166.0, 695.0, 233.0, 605.26, 252.85, 534.04, 304.59, 463.0, 366.0]
rec: PRIM.....................
text_instance: 2
bbox: [779, 134, 146, 87]
bezier_pts: [779.0, 144.0, 824.34, 129.86, 870.83, 130.68, 917.0, 146.0, 924.0, 216.0, 876.33, 217.33, 828.67, 218.67, 781.0, 220.0]
rec: TA.......................
text_instance: 3
bbox: [972, 151, 554, 488]
bezier_pts: [978.0, 151.0, 1227.87, 185.61, 1428.77, 386.72, 1525.0, 600.0, 1451.0, 638.0, 1361.12, 416.66, 1204.95, 268.91, 972.0, 226.0]
rec: SCHMUTZER................
