text_instance: 0
bbox: [95, 16, 88, 62]
bezier_pts: [98.0, 44.0, 125.33, 34.67, 152.67, 25.33, 180.0, 16.0, 182.0, 44.0, 153.0, 55.0, 124.0, 66.0, 95.0, 77.0]
rec: RESTORAN.................
text_instance: 1
bbox: [112, 49, 158, 123]
bezier_pts: [112.0, 99.0, 164.0, 82.33, 216.0, 65.67, 268.0, 49.0, 269.0, 124.0, 218.0, 139.67, 167.0, 155.33, 116.0, 171.0]
rec: KOREAN...................
text_instance: 2
bbox: [287, 8, 127, 112]
bezier_pts: [287.0, 43.0, 324.67, 31.33, 362.33, 19.67, 400.0, 8.0, 413.0, 85.0, 372.0, 96.33, 331.0, 107.67, 290.0, 119.0]
rec: BBQ......................
text_instance: 3
bbox: [431, 10, 54, 49]
bezier_pts: [431.0, 26.0, 448.33, 20.67, 465.67, 15.33, 483.0, 10.0, 484.0, 39.0, 467.75, 47.24, 450.44, 52.97, 433.0, 58.0]
rec: SEOUL....................
text_instance: 4
bbox: [488, 4, 68, 38]
bezier_pts: [488.0, 11.0, 508.84, 2.05, 533.02, 4.15, 555.0, 4.0, 555.0, 24.0, 533.67, 29.67, 512.33, 35.33, 491.0, 41.0]
rec: GARDEN...................
text_instance: 5
bbox: [354, 99, 45, 35]
bezier_pts: [355.0, 110.0, 368.33, 106.33, 381.67, 102.67, 395.0, 99.0, 398.0, 118.0, 383.33, 123.0, 368.67, 128.0, 354.0, 133.0]
rec: 2100.....................
text_instance: 6
bbox: [304, 113, 46, 33]
bezier_pts: [304.0, 124.0, 318.0, 120.33, 332.0, 116.67, 346.0, 113.0, 349.0, 135.0, 336.33, 138.33, 323.67, 141.67, 311.0, 145.0]
rec: 7984.....................
text_instance: 7
bbox: [279, 126, 25, 27]
bezier_pts: [279.0, 132.0, 286.0, 130.0, 293.0, 128.0, 300.0, 126.0, 303.0, 145.0, 296.67, 147.33, 290.33, 149.67, 284.0, 152.0]
rec: 03.......................
text_instance: 8
bbox: [237, 137, 30, 24]
bezier_pts: [237.0, 144.0, 246.33, 141.67, 255.67, 139.33, 265.0, 137.0, 266.0, 153.0, 257.0, 155.33, 248.0, 157.67, 239.0, 160.0]
rec: TEL......................
text_instance: 9
bbox: [87, 229, 47, 64]
bezier_pts: [87.0, 292.0, 81.25, 257.35, 87.55, 218.0, 133.0, 230.0, 133.0, 242.0, 98.48, 236.6, 93.22, 263.56, 100.0, 292.0]
rec: KOREAN...................
text_instance: 10
bbox: [138, 236, 30, 77]
bezier_pts: [148.0, 236.0, 165.83, 257.41, 165.64, 285.67, 167.0, 312.0, 148.0, 304.0, 161.18, 286.77, 159.13, 261.83, 138.0, 251.0]
rec: BBQ......................
text_instance: 11
bbox: [233, 436, 170, 57]
bezier_pts: [233.0, 448.0, 289.66, 448.04, 343.24, 448.55, 400.0, 436.0, 402.0, 484.0, 346.0, 486.67, 290.0, 489.33, 234.0, 492.0]
rec: RESTORAN.................
text_instance: 12
bbox: [412, 421, 142, 63]
bezier_pts: [412.0, 434.0, 459.0, 429.67, 506.0, 425.33, 553.0, 421.0, 553.0, 474.0, 506.44, 479.26, 459.98, 480.75, 415.0, 483.0]
rec: KUCHAI...................
