text_instance: 0
bbox: [1018, 201, 129, 65]
bezier_pts: [1018.0, 238.0, 1059.73, 180.7, 1117.05, 188.12, 1146.0, 249.0, 1130.0, 265.0, 1106.1, 217.61, 1066.4, 219.29, 1034.0, 256.0]
rec: OHAKUNE..................
text_instance: 1
bbox: [1001, 321, 40, 55]
bezier_pts: [1019.0, 321.0, 1026.82, 333.97, 1028.5, 348.74, 1040.0, 360.0, 1025.0, 375.0, 1017.0, 361.33, 1009.0, 347.67, 1001.0, 334.0]
rec: OLD......................
text_instance: 2
bbox: [1028, 364, 73, 36]
bezier_pts: [1037.0, 364.0, 1056.0, 367.0, 1075.0, 370.0, 1094.0, 373.0, 1100.0, 394.0, 1075.63, 393.69, 1051.58, 390.28, 1028.0, 384.0]
rec: COACH....................
text_instance: 3
bbox: [1093, 327, 53, 65]
bezier_pts: [1093.0, 370.0, 1106.33, 355.67, 1119.67, 341.33, 1133.0, 327.0, 1145.0, 336.0, 1137.95, 360.13, 1121.98, 373.71, 1105.0, 391.0]
rec: ROAD.....................
