text_instance: 0
bbox: [495, 272, 559, 188]
bezier_pts: [495.0, 363.0, 673.92, 226.05, 877.7, 248.05, 1053.0, 365.0, 997.0, 459.0, 866.48, 357.02, 701.32, 333.55, 551.0, 448.0]
rec: FRESH....................
text_instance: 1
bbox: [386, 623, 757, 158]
bezier_pts: [394.0, 623.0, 624.0, 623.37, 864.89, 625.47, 1098.0, 637.0, 1142.0, 780.0, 890.42, 780.23, 637.8, 778.23, 386.0, 776.0]
rec: PIZZA....................
text_instance: 2
bbox: [481, 986, 302, 149]
bezier_pts: [524.0, 986.0, 599.78, 1043.3, 686.75, 1067.52, 782.0, 1068.0, 776.0, 1134.0, 665.99, 1141.0, 570.83, 1105.57, 481.0, 1042.0]
rec: ITALIAN..................
text_instance: 3
bbox: [796, 987, 233, 154]
bezier_pts: [798.0, 1068.0, 867.71, 1053.27, 935.24, 1036.47, 987.0, 987.0, 1028.0, 1032.0, 973.77, 1103.76, 881.0, 1119.09, 796.0, 1140.0]
rec: STYLE....................
