text_instance: 0
bbox: [480, 154, 210, 285]
bezier_pts: [480.0, 424.0, 489.37, 285.44, 559.32, 204.37, 681.0, 154.0, 689.0, 206.0, 577.07, 241.74, 531.22, 332.39, 514.0, 438.0]
rec: KENTUCKY.................
text_instance: 1
bbox: [738, 152, 200, 103]
bezier_pts: [738.0, 152.0, 810.97, 157.88, 878.13, 179.53, 937.0, 225.0, 922.0, 254.0, 865.5, 216.76, 806.12, 187.83, 740.0, 189.0]
rec: HORSE....................
text_instance: 2
bbox: [937, 265, 88, 165]
bezier_pts: [965.0, 265.0, 1005.44, 308.94, 1021.21, 365.78, 1024.0, 426.0, 992.0, 429.0, 989.25, 377.36, 967.49, 330.33, 937.0, 288.0]
rec: PARk.....................
