text_instance: 0
bbox: [333, 107, 301, 113]
bezier_pts: [338.0, 107.0, 439.05, 131.3, 548.75, 114.42, 633.0, 177.0, 615.0, 219.0, 522.8, 168.94, 425.24, 197.27, 333.0, 160.0]
rec: WRIGLEY..................
text_instance: 1
bbox: [647, 192, 150, 168]
bezier_pts: [663.0, 192.0, 709.45, 231.64, 751.55, 271.49, 796.0, 315.0, 792.0, 359.0, 731.96, 336.93, 698.71, 276.83, 647.0, 240.0]
rec: FIELD....................
text_instance: 2
bbox: [471, 189, 137, 87]
bezier_pts: [481.0, 189.0, 523.0, 206.0, 565.0, 223.0, 607.0, 240.0, 595.0, 275.0, 553.67, 257.33, 512.33, 239.67, 471.0, 222.0]
rec: HOME.....................
text_instance: 3
bbox: [298, 182, 316, 177]
bezier_pts: [320.0, 182.0, 414.83, 223.42, 519.5, 260.91, 613.0, 309.0, 603.0, 358.0, 499.72, 319.74, 397.28, 279.13, 298.0, 238.0]
rec: CHICAGO..................
text_instance: 4
bbox: [631, 319, 160, 115]
bezier_pts: [640.0, 319.0, 688.22, 339.29, 743.86, 360.0, 790.0, 386.0, 786.0, 433.0, 733.89, 414.9, 681.59, 393.61, 631.0, 370.0]
rec: CUBS.....................
text_instance: 5
bbox: [292, 268, 186, 100]
bezier_pts: [298.0, 268.0, 357.67, 290.0, 417.33, 312.0, 477.0, 334.0, 471.0, 367.0, 411.33, 345.67, 351.67, 324.33, 292.0, 303.0]
rec: PIRATES..................
text_instance: 6
bbox: [523, 355, 115, 76]
bezier_pts: [529.0, 355.0, 565.0, 369.33, 601.0, 383.67, 637.0, 398.0, 632.0, 430.0, 595.67, 416.67, 559.33, 403.33, 523.0, 390.0]
rec: FINAL....................
text_instance: 7
bbox: [681, 418, 91, 64]
bezier_pts: [687.0, 418.0, 715.0, 428.0, 743.0, 438.0, 771.0, 448.0, 765.0, 481.0, 736.79, 470.79, 707.67, 460.76, 681.0, 448.0]
rec: CUBS.....................
text_instance: 8
bbox: [633, 264, 56, 48]
bezier_pts: [641.0, 264.0, 656.69, 267.86, 672.71, 275.98, 688.0, 281.0, 677.0, 311.0, 661.24, 303.31, 646.19, 293.3, 633.0, 281.0]
rec: OF.......................
text_instance: 9
bbox: [358, 342, 44, 46]
bezier_pts: [367.0, 342.0, 378.33, 346.0, 389.67, 350.0, 401.0, 354.0, 396.0, 387.0, 383.33, 383.0, 370.67, 379.0, 358.0, 375.0]
rec: 3........................
text_instance: 10
bbox: [709, 477, 36, 35]
bezier_pts: [715.0, 477.0, 724.93, 477.55, 734.36, 482.17, 744.0, 485.0, 744.0, 511.0, 731.92, 509.63, 721.01, 507.69, 709.0, 506.0]
rec: 4........................
