text_instance: 0
bbox: [208, 103, 226, 49]
bezier_pts: [208.0, 118.0, 280.41, 94.41, 357.19, 97.3, 433.0, 116.0, 425.0, 151.0, 357.84, 131.43, 284.23, 133.82, 216.0, 151.0]
rec: SHEFFIELD................
text_instance: 1
bbox: [123, 153, 399, 99]
bezier_pts: [123.0, 213.0, 241.45, 130.01, 399.04, 131.8, 521.0, 213.0, 485.0, 250.0, 385.25, 192.33, 259.93, 175.79, 153.0, 251.0]
rec: WEDNESDAY................
text_instance: 2
bbox: [157, 320, 322, 46]
bezier_pts: [157.0, 320.0, 263.0, 320.67, 369.0, 321.33, 475.0, 322.0, 478.0, 365.0, 371.0, 364.33, 264.0, 363.67, 157.0, 363.0]
rec: Hillsborough.............
