text_instance: 0
bbox: [258, 399, 538, 84]
bezier_pts: [258.0, 413.0, 442.14, 394.27, 612.25, 398.72, 795.0, 405.0, 794.0, 475.0, 618.0, 459.59, 442.0, 463.75, 266.0, 482.0]
rec: LIVERPOOL................
text_instance: 1
bbox: [442, 83, 167, 79]
bezier_pts: [442.0, 87.0, 497.33, 85.67, 552.67, 84.33, 608.0, 83.0, 608.0, 161.0, 555.67, 158.67, 503.33, 156.33, 451.0, 154.0]
rec: THE......................
text_instance: 2
bbox: [803, 45, 78, 50]
bezier_pts: [803.0, 79.0, 823.36, 61.45, 848.01, 57.21, 872.0, 45.0, 880.0, 59.0, 856.53, 73.31, 832.08, 84.98, 807.0, 94.0]
rec: cavern...................
text_instance: 3
bbox: [46, 162, 951, 312]
bezier_pts: [46.0, 320.0, 356.29, 115.3, 687.59, 95.68, 996.0, 314.0, 920.0, 455.0, 662.77, 238.56, 358.84, 277.57, 115.0, 473.0]
rec: CAVERN...................
text_instance: 4
bbox: [211, 59, 37, 16]
bezier_pts: [211.0, 60.0, 222.51, 60.54, 234.37, 58.53, 246.0, 61.0, 247.0, 72.0, 235.13, 73.88, 223.1, 73.51, 211.0, 71.0]
rec: ON.......................
text_instance: 5
bbox: [294, 68, 60, 17]
bezier_pts: [302.0, 68.0, 319.0, 68.0, 336.0, 68.0, 353.0, 68.0, 351.0, 83.0, 332.24, 84.84, 313.34, 82.9, 294.0, 81.0]
rec: JOVI.....................
text_instance: 6
bbox: [314, 98, 38, 19]
bezier_pts: [318.0, 100.0, 328.64, 96.4, 340.49, 97.34, 351.0, 100.0, 349.0, 116.0, 337.33, 115.67, 325.67, 115.33, 314.0, 115.0]
rec: MBE......................
text_instance: 7
bbox: [270, 96, 32, 20]
bezier_pts: [270.0, 97.0, 280.58, 97.57, 289.2, 95.28, 300.0, 98.0, 301.0, 114.0, 291.25, 115.54, 281.18, 115.58, 271.0, 114.0]
rec: No.......................
text_instance: 8
bbox: [190, 88, 23, 18]
bezier_pts: [191.0, 88.0, 197.33, 89.0, 203.67, 90.0, 210.0, 91.0, 212.0, 105.0, 204.67, 104.67, 197.33, 104.33, 190.0, 104.0]
rec: TH.......................
