text_instance: 0
bbox: [156, 304, 200, 87]
bezier_pts: [156.0, 372.0, 201.95, 305.62, 279.78, 291.95, 355.0, 312.0, 349.0, 337.0, 285.68, 309.92, 218.22, 331.48, 176.0, 390.0]
rec: ESTABLISHED..............
text_instance: 1
bbox: [359, 319, 71, 62]
bezier_pts: [367.0, 319.0, 389.37, 328.4, 408.32, 346.76, 429.0, 360.0, 417.0, 380.0, 397.67, 366.33, 378.33, 352.67, 359.0, 339.0]
rec: 2014.....................
text_instance: 2
bbox: [112, 383, 356, 211]
bezier_pts: [112.0, 404.0, 227.32, 378.53, 346.21, 405.3, 458.0, 383.0, 467.0, 538.0, 361.88, 594.67, 226.83, 575.46, 114.0, 593.0]
rec: Mint.....................
text_instance: 3
bbox: [162, 563, 225, 111]
bezier_pts: [163.0, 601.0, 235.82, 580.42, 303.35, 570.0, 380.0, 563.0, 386.0, 620.0, 321.47, 668.52, 233.39, 648.06, 162.0, 673.0]
rec: FLORAl...................
text_instance: 4
bbox: [389, 562, 57, 53]
bezier_pts: [389.0, 572.0, 406.67, 568.67, 424.33, 565.33, 442.0, 562.0, 445.0, 608.0, 428.33, 610.0, 411.67, 612.0, 395.0, 614.0]
rec: CO.......................
text_instance: 5
bbox: [189, 671, 85, 55]
bezier_pts: [204.0, 671.0, 227.0, 680.67, 250.0, 690.33, 273.0, 700.0, 265.0, 725.0, 237.14, 726.22, 206.28, 722.9, 189.0, 698.0]
rec: MINT.....................
text_instance: 6
bbox: [283, 679, 121, 53]
bezier_pts: [283.0, 704.0, 315.33, 695.67, 347.67, 687.33, 380.0, 679.0, 403.0, 703.0, 370.52, 733.94, 324.54, 731.08, 285.0, 731.0]
rec: FLORAl...................
text_instance: 7
bbox: [386, 641, 57, 67]
bezier_pts: [386.0, 676.0, 396.67, 664.33, 407.33, 652.67, 418.0, 641.0, 442.0, 665.0, 438.67, 682.59, 421.05, 691.72, 413.0, 707.0]
rec: CO.......................
