text_instance: 0
bbox: [412, 246, 140, 46]
bezier_pts: [412.0, 249.0, 455.42, 247.53, 509.86, 232.44, 551.0, 259.0, 548.0, 291.0, 508.19, 260.87, 461.3, 261.64, 418.0, 288.0]
rec: Weihenstephaner..........
text_instance: 1
bbox: [470, 285, 39, 19]
bezier_pts: [471.0, 285.0, 483.33, 285.0, 495.67, 285.0, 508.0, 285.0, 506.0, 301.0, 494.0, 301.67, 482.0, 302.33, 470.0, 303.0]
rec: HEFE.....................
text_instance: 2
bbox: [452, 302, 70, 17]
bezier_pts: [452.0, 302.0, 474.67, 302.0, 497.33, 302.0, 520.0, 302.0, 521.0, 318.0, 500.0, 317.0, 479.0, 316.0, 458.0, 315.0]
rec: WEISSBIER................
text_instance: 3
bbox: [433, 317, 50, 37]
bezier_pts: [442.0, 317.0, 455.33, 323.0, 468.67, 329.0, 482.0, 335.0, 482.0, 353.0, 465.67, 346.0, 449.33, 339.0, 433.0, 332.0]
rec: PREMIUM..................
text_instance: 4
bbox: [484, 319, 57, 34]
bezier_pts: [484.0, 334.0, 499.33, 329.0, 514.67, 324.0, 530.0, 319.0, 540.0, 329.0, 530.56, 351.77, 504.42, 345.08, 487.0, 352.0]
rec: BAVARICUM................
text_instance: 5
bbox: [565, 198, 22, 26]
bezier_pts: [565.0, 218.0, 563.45, 213.89, 575.03, 212.13, 572.0, 198.0, 586.0, 206.0, 589.03, 215.78, 580.05, 215.21, 578.0, 223.0]
rec: THE......................
text_instance: 6
bbox: [322, 188, 41, 43]
bezier_pts: [330.0, 188.0, 346.98, 197.13, 352.57, 216.0, 362.0, 230.0, 350.0, 230.0, 340.67, 219.67, 331.33, 209.33, 322.0, 199.0]
rec: BREWERY..................
text_instance: 7
bbox: [286, 182, 39, 16]
bezier_pts: [286.0, 182.0, 298.66, 182.2, 311.53, 180.82, 324.0, 187.0, 322.0, 197.0, 310.0, 195.0, 298.0, 193.0, 286.0, 191.0]
rec: OLDEST...................
text_instance: 8
bbox: [256, 185, 32, 37]
bezier_pts: [256.0, 216.0, 262.23, 206.08, 271.49, 185.39, 284.0, 185.0, 287.0, 195.0, 275.38, 201.17, 269.67, 205.33, 262.0, 221.0]
rec: WORLD'S..................
text_instance: 9
bbox: [249, 254, 127, 42]
bezier_pts: [253.0, 260.0, 293.78, 254.12, 334.09, 250.11, 375.0, 260.0, 373.0, 295.0, 335.72, 271.52, 288.91, 282.57, 249.0, 294.0]
rec: ihenstephaner............
text_instance: 10
bbox: [260, 299, 72, 22]
bezier_pts: [260.0, 305.0, 282.67, 302.99, 305.34, 297.44, 328.0, 299.0, 331.0, 311.0, 307.33, 314.0, 283.67, 317.0, 260.0, 320.0]
rec: HEFEWEISSBIER............
text_instance: 11
bbox: [268, 314, 47, 16]
bezier_pts: [268.0, 318.0, 282.37, 314.94, 298.11, 313.4, 313.0, 314.0, 314.0, 325.0, 299.0, 326.33, 284.0, 327.67, 269.0, 329.0]
rec: DUNKEL...................
text_instance: 12
bbox: [252, 342, 31, 22]
bezier_pts: [256.0, 342.0, 264.67, 345.67, 273.33, 349.33, 282.0, 353.0, 282.0, 363.0, 272.06, 359.41, 261.19, 356.27, 252.0, 350.0]
rec: REMIUM...................
text_instance: 13
bbox: [282, 326, 65, 38]
bezier_pts: [282.0, 351.0, 301.67, 342.67, 321.33, 334.33, 341.0, 326.0, 346.0, 336.0, 325.85, 347.67, 304.57, 356.94, 282.0, 363.0]
rec: BAVARICUM................
text_instance: 14
bbox: [428, 200, 20, 25]
bezier_pts: [428.0, 222.0, 432.39, 207.17, 433.31, 201.64, 439.0, 200.0, 447.0, 205.0, 442.28, 209.82, 440.43, 217.25, 440.0, 224.0]
rec: THE......................
text_instance: 15
bbox: [438, 174, 42, 31]
bezier_pts: [438.0, 198.0, 446.98, 184.36, 459.25, 175.06, 476.0, 174.0, 479.0, 181.0, 469.33, 188.67, 459.67, 196.33, 450.0, 204.0]
rec: WORLD'S..................
text_instance: 16
bbox: [479, 171, 40, 21]
bezier_pts: [479.0, 171.0, 493.19, 170.08, 506.89, 172.72, 518.0, 183.0, 514.0, 191.0, 502.67, 188.33, 491.33, 185.67, 480.0, 183.0]
rec: OLDEST...................
text_instance: 17
bbox: [579, 172, 36, 31]
bezier_pts: [579.0, 196.0, 587.01, 186.13, 596.55, 176.68, 609.0, 172.0, 614.0, 181.0, 604.67, 188.0, 595.33, 195.0, 586.0, 202.0]
rec: WORLD....................
text_instance: 18
bbox: [622, 168, 39, 21]
bezier_pts: [623.0, 168.0, 635.87, 165.32, 648.05, 174.45, 660.0, 177.0, 655.0, 188.0, 644.0, 184.33, 633.0, 180.67, 622.0, 177.0]
rec: OLDEST...................
text_instance: 19
bbox: [514, 184, 30, 47]
bezier_pts: [520.0, 184.0, 531.13, 196.79, 542.72, 211.53, 543.0, 229.0, 536.0, 230.0, 535.89, 212.73, 520.05, 203.8, 514.0, 190.0]
rec: BREWERY..................
text_instance: 20
bbox: [559, 239, 128, 43]
bezier_pts: [559.0, 249.0, 601.49, 235.15, 645.08, 226.34, 685.0, 254.0, 686.0, 278.0, 644.71, 265.7, 602.61, 257.82, 565.0, 281.0]
rec: Weihenstephaner..........
text_instance: 21
bbox: [604, 279, 63, 19]
bezier_pts: [607.0, 280.0, 624.94, 278.2, 643.94, 278.42, 662.0, 282.0, 666.0, 295.0, 645.33, 295.67, 624.67, 296.33, 604.0, 297.0]
rec: KRISTALL.................
text_instance: 22
bbox: [601, 295, 68, 17]
bezier_pts: [601.0, 298.0, 624.33, 295.33, 644.43, 291.7, 668.0, 299.0, 668.0, 311.0, 646.67, 310.67, 625.33, 310.33, 604.0, 310.0]
rec: WEISSBIER................
text_instance: 23
bbox: [584, 314, 51, 27]
bezier_pts: [589.0, 314.0, 604.0, 319.33, 619.0, 324.67, 634.0, 330.0, 632.0, 340.0, 614.88, 336.24, 598.93, 329.26, 584.0, 320.0]
rec: PREMIUM..................
text_instance: 24
bbox: [639, 314, 46, 29]
bezier_pts: [639.0, 331.0, 652.67, 325.33, 666.33, 319.67, 680.0, 314.0, 684.0, 324.0, 670.02, 332.56, 655.18, 339.02, 639.0, 342.0]
rec: BAVARICUM................
text_instance: 25
bbox: [409, 409, 37, 19]
bezier_pts: [412.0, 409.0, 423.0, 409.67, 434.0, 410.33, 445.0, 411.0, 445.0, 427.0, 433.23, 427.08, 420.69, 425.49, 409.0, 424.0]
rec: basil....................
text_instance: 26
bbox: [445, 418, 37, 17]
bezier_pts: [448.0, 418.0, 458.33, 418.67, 468.67, 419.33, 479.0, 420.0, 481.0, 434.0, 469.01, 434.25, 456.88, 433.21, 445.0, 431.0]
rec: pasta....................
text_instance: 27
bbox: [482, 418, 37, 21]
bezier_pts: [482.0, 418.0, 494.0, 419.67, 506.0, 421.33, 518.0, 423.0, 516.0, 438.0, 504.47, 437.2, 493.01, 435.24, 482.0, 432.0]
rec: house....................
text_instance: 28
bbox: [397, 434, 126, 35]
bezier_pts: [397.0, 434.0, 438.33, 440.33, 479.67, 446.67, 521.0, 453.0, 522.0, 468.0, 480.67, 463.0, 439.33, 458.0, 398.0, 453.0]
rec: WEIHENSTEPHAN............
text_instance: 29
bbox: [386, 458, 32, 15]
bezier_pts: [388.0, 458.0, 397.0, 458.33, 406.0, 458.67, 415.0, 459.0, 417.0, 472.0, 406.59, 472.66, 395.99, 469.57, 386.0, 468.0]
rec: HEFE.....................
text_instance: 30
bbox: [420, 459, 56, 23]
bezier_pts: [421.0, 459.0, 438.67, 461.33, 456.33, 463.67, 474.0, 466.0, 475.0, 481.0, 456.67, 478.33, 438.33, 475.67, 420.0, 473.0]
rec: KRISTALL.................
text_instance: 31
bbox: [479, 470, 45, 16]
bezier_pts: [482.0, 470.0, 495.33, 469.71, 508.67, 470.42, 522.0, 474.0, 523.0, 485.0, 508.42, 484.04, 493.41, 481.43, 479.0, 479.0]
rec: DUNKEL...................
text_instance: 32
bbox: [480, 488, 27, 17]
bezier_pts: [482.0, 488.0, 489.0, 489.0, 496.0, 490.0, 503.0, 491.0, 506.0, 504.0, 497.33, 503.67, 488.67, 503.33, 480.0, 503.0]
rec: RM.......................
text_instance: 33
bbox: [504, 491, 19, 16]
bezier_pts: [506.0, 491.0, 511.18, 491.85, 516.22, 488.92, 521.0, 493.0, 522.0, 506.0, 516.0, 505.67, 510.0, 505.33, 504.0, 505.0]
rec: 28.......................
text_instance: 34
bbox: [524, 494, 19, 15]
bezier_pts: [524.0, 494.0, 529.88, 493.79, 536.63, 494.16, 542.0, 497.0, 542.0, 508.0, 535.46, 508.43, 529.82, 508.02, 524.0, 505.0]
rec: 00.......................
