text_instance: 0
bbox: [174, 250, 114, 144]
bezier_pts: [221.0, 255.0, 212.81, 305.35, 237.58, 346.86, 287.0, 365.0, 257.0, 393.0, 185.14, 377.08, 160.85, 321.71, 180.0, 250.0]
rec: UNIVERSITI...............
text_instance: 1
bbox: [282, 344, 173, 50]
bezier_pts: [299.0, 365.0, 340.05, 371.17, 375.59, 362.59, 411.0, 344.0, 454.0, 358.0, 412.37, 410.22, 338.88, 389.45, 282.0, 392.0]
rec: KUALA....................
text_instance: 2
bbox: [434, 239, 80, 115]
bezier_pts: [434.0, 332.0, 458.68, 310.37, 475.57, 280.05, 475.0, 246.0, 511.0, 239.0, 513.99, 283.76, 522.22, 339.34, 464.0, 353.0]
rec: LUMPUR...................
text_instance: 3
bbox: [199, 229, 46, 15]
bezier_pts: [200.0, 231.0, 214.67, 230.33, 229.33, 229.67, 244.0, 229.0, 241.0, 242.0, 226.95, 243.89, 212.94, 243.49, 199.0, 241.0]
rec: 20.08....................
text_instance: 4
bbox: [460, 224, 44, 14]
bezier_pts: [460.0, 226.0, 473.2, 224.76, 486.94, 222.71, 501.0, 225.0, 503.0, 235.0, 488.79, 237.8, 474.96, 237.02, 461.0, 237.0]
rec: 2002.....................
