text_instance: 0
bbox: [476, 537, 55, 91]
bezier_pts: [476.0, 624.0, 481.53, 590.03, 496.28, 557.94, 523.0, 537.0, 530.0, 547.0, 502.56, 566.33, 491.18, 596.02, 487.0, 627.0]
rec: MILWAUKEE................
text_instance: 1
bbox: [542, 538, 49, 63]
bezier_pts: [546.0, 538.0, 568.64, 550.63, 580.2, 572.38, 590.0, 595.0, 579.0, 600.0, 572.26, 579.68, 557.37, 560.87, 542.0, 546.0]
rec: COFFEE...................
text_instance: 2
bbox: [500, 633, 72, 27]
bezier_pts: [504.0, 636.0, 524.33, 635.0, 544.67, 634.0, 565.0, 633.0, 571.0, 649.0, 549.08, 662.33, 523.63, 659.44, 500.0, 651.0]
rec: BRANO....................
