text_instance: 0
bbox: [95, 125, 64, 68]
bezier_pts: [96.0, 125.0, 118.95, 134.26, 141.16, 149.25, 158.0, 169.0, 151.0, 192.0, 132.33, 180.33, 113.67, 168.67, 95.0, 157.0]
rec: L217.....................
text_instance: 1
bbox: [97, 178, 87, 82]
bezier_pts: [99.0, 178.0, 127.0, 195.67, 155.0, 213.33, 183.0, 231.0, 180.0, 259.0, 151.85, 242.82, 123.39, 226.84, 97.0, 209.0]
rec: BUTIK....................
text_instance: 2
bbox: [389, 359, 154, 146]
bezier_pts: [397.0, 359.0, 447.32, 385.25, 491.71, 413.91, 536.0, 448.0, 542.0, 504.0, 489.45, 478.2, 439.22, 449.35, 389.0, 422.0]
rec: ARMADA...................
text_instance: 3
bbox: [545, 462, 74, 87]
bezier_pts: [545.0, 462.0, 572.98, 472.03, 595.04, 487.14, 616.0, 507.0, 618.0, 548.0, 594.0, 535.33, 570.0, 522.67, 546.0, 510.0]
rec: LANUN....................
text_instance: 4
bbox: [618, 512, 51, 68]
bezier_pts: [619.0, 512.0, 638.4, 515.07, 653.9, 523.46, 668.0, 537.0, 666.0, 579.0, 648.72, 574.08, 632.77, 566.13, 618.0, 556.0]
rec: JOHOR....................
text_instance: 5
bbox: [192, 551, 92, 185]
bezier_pts: [197.0, 730.0, 190.73, 660.87, 168.36, 552.2, 280.0, 551.0, 283.0, 598.0, 207.88, 613.54, 225.73, 684.55, 237.0, 735.0]
rec: ORIGINAL.................
text_instance: 6
bbox: [285, 561, 64, 128]
bezier_pts: [291.0, 561.0, 326.9, 590.8, 352.5, 637.71, 348.0, 687.0, 330.0, 688.0, 323.63, 652.92, 317.09, 617.71, 285.0, 594.0]
rec: LANUN....................
text_instance: 7
bbox: [212, 733, 57, 85]
bezier_pts: [264.0, 817.0, 238.83, 802.5, 225.61, 779.49, 212.0, 754.0, 231.0, 733.0, 239.21, 752.11, 247.8, 771.24, 268.0, 780.0]
rec: THE......................
text_instance: 8
bbox: [293, 698, 55, 110]
bezier_pts: [347.0, 706.0, 342.93, 742.07, 338.9, 784.33, 307.0, 807.0, 293.0, 781.0, 320.14, 760.57, 328.34, 729.73, 328.0, 698.0]
rec: JOHOR....................
