text_instance: 0
bbox: [64, 107, 259, 103]
bezier_pts: [64.0, 171.0, 139.21, 79.29, 235.19, 95.99, 322.0, 155.0, 284.0, 198.0, 228.02, 156.55, 169.46, 144.01, 126.0, 209.0]
rec: flatbread................
text_instance: 1
bbox: [148, 208, 96, 28]
bezier_pts: [148.0, 218.0, 179.09, 207.61, 209.96, 210.3, 243.0, 208.0, 241.0, 225.0, 212.52, 231.35, 183.32, 234.59, 154.0, 235.0]
rec: company..................
text_instance: 2
bbox: [141, 242, 73, 26]
bezier_pts: [148.0, 245.0, 168.33, 244.0, 188.67, 243.0, 209.0, 242.0, 213.0, 261.0, 189.03, 264.08, 165.02, 264.02, 141.0, 261.0]
rec: natural..................
text_instance: 3
bbox: [216, 227, 55, 40]
bezier_pts: [216.0, 241.0, 230.67, 236.33, 245.33, 231.67, 260.0, 227.0, 270.0, 247.0, 254.79, 256.05, 238.5, 262.85, 221.0, 266.0]
rec: pizza....................
text_instance: 4
bbox: [115, 242, 29, 21]
bezier_pts: [122.0, 242.0, 129.0, 243.0, 136.0, 244.0, 143.0, 245.0, 142.0, 262.0, 133.0, 260.0, 124.0, 258.0, 115.0, 256.0]
rec: all......................
