text_instance: 0
bbox: [273, 340, 117, 46]
bezier_pts: [273.0, 353.0, 313.21, 329.99, 356.35, 332.78, 389.0, 365.0, 375.0, 385.0, 347.16, 360.15, 314.21, 360.25, 282.0, 377.0]
rec: GREEN....................
text_instance: 1
bbox: [306, 307, 42, 31]
bezier_pts: [306.0, 310.0, 320.53, 304.74, 332.47, 309.54, 347.0, 310.0, 347.0, 334.0, 333.33, 334.0, 319.67, 334.0, 306.0, 334.0]
rec: GO.......................
text_instance: 2
bbox: [247, 872, 48, 32]
bezier_pts: [256.0, 872.0, 268.67, 877.67, 281.33, 883.33, 294.0, 889.0, 292.0, 903.0, 275.8, 899.28, 260.81, 892.3, 247.0, 883.0]
rec: IMMIGRESEN...............
text_instance: 3
bbox: [295, 864, 49, 38]
bezier_pts: [295.0, 889.0, 307.67, 880.67, 320.33, 872.33, 333.0, 864.0, 343.0, 872.0, 328.93, 884.08, 313.35, 894.11, 296.0, 901.0]
rec: MALAYSIA.................
