text_instance: 0
bbox: [253, 590, 150, 43]
bezier_pts: [253.0, 590.0, 302.67, 590.0, 352.33, 590.0, 402.0, 590.0, 402.0, 630.0, 352.33, 630.0, 302.67, 630.0, 253.0, 630.0]
rec: PiZZA....................
text_instance: 1
bbox: [624, 355, 280, 82]
bezier_pts: [624.0, 355.0, 717.0, 355.0, 810.0, 355.0, 903.0, 355.0, 903.0, 436.0, 810.0, 436.0, 717.0, 436.0, 624.0, 436.0]
rec: PiZZA....................
text_instance: 2
bbox: [250, 529, 165, 49]
bezier_pts: [250.0, 529.0, 304.67, 529.0, 359.33, 529.0, 414.0, 529.0, 414.0, 577.0, 359.33, 577.0, 304.67, 577.0, 250.0, 577.0]
rec: Shakeys..................
text_instance: 3
bbox: [617, 266, 300, 81]
bezier_pts: [617.0, 266.0, 716.67, 266.0, 816.33, 266.0, 916.0, 266.0, 916.0, 346.0, 816.33, 346.0, 716.67, 346.0, 617.0, 346.0]
rec: Shakeys..................
text_instance: 4
bbox: [1134, 274, 142, 23]
bezier_pts: [1134.0, 274.0, 1181.0, 274.0, 1228.0, 274.0, 1275.0, 274.0, 1275.0, 296.0, 1228.0, 296.0, 1181.0, 296.0, 1134.0, 296.0]
rec: ORIGINAL.................
text_instance: 5
bbox: [717, 519, 85, 34]
bezier_pts: [717.0, 519.0, 745.0, 519.0, 773.0, 519.0, 801.0, 519.0, 801.0, 550.0, 773.1, 551.64, 745.23, 551.63, 717.0, 550.0]
rec: 1973.....................
text_instance: 6
bbox: [226, 264, 89, 133]
bezier_pts: [247.0, 264.0, 274.87, 294.8, 282.05, 340.32, 314.0, 367.0, 289.0, 396.0, 265.7, 361.75, 259.05, 318.42, 226.0, 291.0]
rec: KYOTOSAI.................
text_instance: 7
bbox: [538, 211, 125, 154]
bezier_pts: [538.0, 352.0, 549.04, 293.16, 584.4, 246.9, 631.0, 211.0, 662.0, 235.0, 626.66, 277.7, 579.58, 305.73, 571.0, 364.0]
rec: Shakeys..................
text_instance: 8
bbox: [659, 168, 162, 67]
bezier_pts: [659.0, 189.0, 711.29, 169.04, 765.22, 165.11, 820.0, 168.0, 815.0, 219.0, 765.6, 198.49, 717.71, 221.46, 670.0, 234.0]
rec: Original.................
text_instance: 9
bbox: [824, 171, 130, 107]
bezier_pts: [841.0, 171.0, 883.05, 193.6, 928.74, 219.82, 953.0, 262.0, 907.0, 277.0, 884.18, 249.48, 856.36, 224.24, 824.0, 211.0]
rec: Crispy...................
text_instance: 10
bbox: [925, 267, 71, 112]
bezier_pts: [961.0, 267.0, 987.99, 294.71, 975.47, 336.2, 995.0, 367.0, 949.0, 378.0, 955.49, 343.81, 945.83, 309.64, 925.0, 282.0]
rec: Pizza....................
text_instance: 11
bbox: [548, 390, 66, 121]
bezier_pts: [568.0, 510.0, 549.97, 474.02, 553.97, 431.8, 548.0, 394.0, 572.0, 390.0, 590.4, 423.02, 578.47, 467.14, 613.0, 492.0]
rec: Pizza....................
text_instance: 12
bbox: [584, 501, 123, 103]
bezier_pts: [695.0, 603.0, 643.91, 593.18, 609.52, 559.24, 584.0, 517.0, 620.0, 501.0, 648.67, 520.33, 677.33, 539.67, 706.0, 559.0]
rec: Crispy...................
text_instance: 13
bbox: [709, 543, 178, 71]
bezier_pts: [886.0, 582.0, 834.93, 620.17, 768.71, 616.29, 709.0, 607.0, 719.0, 567.0, 765.23, 569.76, 820.47, 575.47, 859.0, 543.0]
rec: Original.................
text_instance: 14
bbox: [875, 409, 121, 168]
bezier_pts: [995.0, 417.0, 981.83, 478.83, 957.99, 538.88, 901.0, 576.0, 875.0, 535.0, 913.5, 498.11, 933.71, 453.58, 956.0, 409.0]
rec: Shakeys..................
