text_instance: 0
bbox: [213, 204, 484, 208]
bezier_pts: [213.0, 348.0, 362.77, 132.16, 566.53, 154.32, 696.0, 365.0, 639.0, 403.0, 514.21, 233.08, 366.39, 243.58, 252.0, 411.0]
rec: CONVERSE.................
text_instance: 1
bbox: [237, 583, 170, 152]
bezier_pts: [283.0, 583.0, 332.5, 595.31, 351.32, 659.61, 406.0, 658.0, 403.0, 734.0, 335.61, 709.42, 279.75, 675.24, 237.0, 616.0]
rec: ALL......................
text_instance: 2
bbox: [435, 656, 113, 80]
bezier_pts: [435.0, 687.0, 466.45, 664.59, 503.64, 658.44, 540.0, 656.0, 547.0, 700.0, 522.03, 713.77, 497.62, 725.65, 471.0, 735.0]
rec: ST.......................
