text_instance: 0
bbox: [133, 387, 64, 34]
bezier_pts: [133.0, 387.0, 154.0, 387.0, 175.0, 387.0, 196.0, 387.0, 196.0, 420.0, 175.0, 420.0, 154.0, 420.0, 133.0, 420.0]
rec: SMOKE....................
text_instance: 1
bbox: [16, 293, 196, 57]
bezier_pts: [16.0, 307.0, 80.0, 302.33, 144.0, 297.67, 208.0, 293.0, 211.0, 347.0, 147.33, 347.67, 83.67, 348.33, 20.0, 349.0]
rec: MAILPUUCH................
text_instance: 2
bbox: [219, 48, 206, 93]
bezier_pts: [219.0, 107.0, 286.65, 84.95, 356.12, 66.68, 422.0, 48.0, 424.0, 93.0, 357.33, 108.67, 290.67, 124.33, 224.0, 140.0]
rec: CAHOUSE..................
text_instance: 3
bbox: [216, 104, 195, 120]
bezier_pts: [216.0, 158.0, 280.37, 144.74, 343.48, 103.95, 410.0, 104.0, 407.0, 149.0, 341.16, 153.69, 269.87, 168.18, 221.0, 223.0]
rec: PIANOS...................
text_instance: 4
bbox: [262, 161, 167, 93]
bezier_pts: [262.0, 207.0, 318.58, 191.06, 370.89, 171.88, 428.0, 161.0, 422.0, 205.0, 366.94, 208.49, 313.61, 238.73, 262.0, 253.0]
rec: ORGANS...................
text_instance: 5
bbox: [216, 223, 212, 51]
bezier_pts: [216.0, 249.0, 285.51, 243.77, 354.84, 245.77, 424.0, 223.0, 427.0, 251.0, 358.33, 258.33, 289.67, 265.67, 221.0, 273.0]
rec: 1324MARKETSTWHEELING.....
text_instance: 6
bbox: [219, 311, 197, 51]
bezier_pts: [219.0, 339.0, 277.87, 304.06, 351.85, 307.03, 415.0, 328.0, 412.0, 348.0, 350.04, 333.97, 277.57, 317.45, 220.0, 361.0]
rec: PHHANESCOS...............
text_instance: 7
bbox: [258, 351, 108, 36]
bezier_pts: [258.0, 358.0, 292.22, 346.99, 328.7, 348.75, 364.0, 356.0, 365.0, 386.0, 330.14, 372.17, 296.56, 364.39, 261.0, 381.0]
rec: NATURAL..................
text_instance: 8
bbox: [225, 66, 54, 33]
bezier_pts: [225.0, 82.0, 243.19, 76.2, 259.18, 69.55, 278.0, 66.0, 276.0, 84.0, 260.8, 91.2, 244.98, 95.76, 228.0, 98.0]
rec: YATES....................
text_instance: 9
bbox: [300, 41, 61, 39]
bezier_pts: [300.0, 60.0, 320.88, 54.6, 337.48, 42.76, 359.0, 41.0, 360.0, 60.0, 340.67, 66.33, 321.33, 72.67, 302.0, 79.0]
rec: FAULEY...................
text_instance: 10
bbox: [361, 19, 68, 42]
bezier_pts: [361.0, 40.0, 382.15, 31.01, 404.21, 26.65, 425.0, 19.0, 428.0, 41.0, 405.05, 47.72, 383.42, 54.29, 361.0, 60.0]
rec: GROCERS..................
text_instance: 11
bbox: [270, 384, 73, 27]
bezier_pts: [273.0, 384.0, 296.0, 384.33, 319.0, 384.67, 342.0, 385.0, 341.0, 408.0, 317.88, 408.88, 294.13, 408.52, 270.0, 407.0]
rec: LEAF.....................
text_instance: 12
bbox: [55, 148, 54, 35]
bezier_pts: [55.0, 161.0, 72.94, 155.53, 90.03, 147.1, 108.0, 148.0, 106.0, 171.0, 89.76, 177.02, 73.29, 180.6, 56.0, 182.0]
rec: FAULEY...................
text_instance: 13
bbox: [125, 126, 56, 41]
bezier_pts: [125.0, 142.0, 143.37, 136.13, 161.06, 131.52, 180.0, 126.0, 180.0, 152.0, 161.67, 156.67, 143.33, 161.33, 125.0, 166.0]
rec: SWAM.....................
text_instance: 14
bbox: [24, 189, 30, 27]
bezier_pts: [24.0, 195.0, 33.23, 192.06, 43.44, 187.71, 53.0, 189.0, 53.0, 209.0, 43.15, 211.47, 34.0, 213.88, 24.0, 215.0]
rec: DRY......................
text_instance: 15
bbox: [51, 175, 56, 35]
bezier_pts: [53.0, 188.0, 69.33, 183.67, 85.67, 179.33, 102.0, 175.0, 106.0, 198.0, 88.05, 203.87, 69.98, 207.59, 51.0, 209.0]
rec: GOODS....................
text_instance: 16
bbox: [106, 148, 110, 51]
bezier_pts: [106.0, 172.0, 142.0, 164.0, 178.0, 156.0, 214.0, 148.0, 215.0, 174.0, 180.24, 183.93, 145.5, 191.89, 109.0, 198.0]
rec: GROCERIES................
text_instance: 17
bbox: [109, 207, 42, 25]
bezier_pts: [109.0, 215.0, 122.17, 211.62, 136.05, 204.7, 150.0, 207.0, 150.0, 223.0, 137.14, 228.11, 123.29, 230.95, 109.0, 231.0]
rec: ALIZED...................
text_instance: 18
bbox: [29, 246, 47, 27]
bezier_pts: [29.0, 255.0, 44.37, 250.27, 59.09, 249.69, 75.0, 246.0, 72.0, 269.0, 58.33, 270.0, 44.67, 271.0, 31.0, 272.0]
rec: BLOC.....................
text_instance: 19
bbox: [108, 238, 43, 28]
bezier_pts: [108.0, 243.0, 120.6, 240.64, 133.56, 237.09, 147.0, 238.0, 150.0, 257.0, 136.33, 259.67, 122.67, 262.33, 109.0, 265.0]
rec: ROS......................
text_instance: 20
bbox: [41, 274, 31, 18]
bezier_pts: [41.0, 277.0, 50.1, 273.34, 60.23, 274.11, 70.0, 274.0, 71.0, 288.0, 61.45, 290.35, 51.25, 291.0, 41.0, 290.0]
rec: WEST.....................
text_instance: 21
bbox: [90, 353, 71, 28]
bezier_pts: [91.0, 355.0, 113.54, 353.76, 136.72, 351.73, 159.0, 354.0, 160.0, 378.0, 136.53, 379.58, 113.9, 379.44, 90.0, 378.0]
rec: ACCO.....................
text_instance: 22
bbox: [48, 388, 24, 25]
bezier_pts: [48.0, 388.0, 55.42, 388.47, 63.78, 386.44, 71.0, 390.0, 71.0, 412.0, 63.02, 411.87, 55.78, 412.55, 48.0, 411.0]
rec: CH.......................
text_instance: 23
bbox: [46, 354, 21, 26]
bezier_pts: [46.0, 356.0, 52.67, 354.78, 59.33, 352.67, 66.0, 355.0, 65.0, 378.0, 58.81, 378.0, 53.19, 378.0, 47.0, 378.0]
rec: T........................
text_instance: 24
bbox: [98, 388, 28, 14]
bezier_pts: [99.0, 390.0, 106.33, 389.67, 113.67, 389.33, 121.0, 389.0, 125.0, 400.0, 116.0, 400.33, 107.0, 400.67, 98.0, 401.0]
rec: COOL.....................
text_instance: 25
bbox: [103, 402, 31, 15]
bezier_pts: [104.0, 402.0, 113.21, 401.3, 122.71, 403.6, 132.0, 403.0, 133.0, 414.0, 122.93, 415.64, 112.75, 415.61, 103.0, 414.0]
rec: SWEET....................
text_instance: 26
bbox: [483, 286, 39, 19]
bezier_pts: [485.0, 286.0, 497.0, 288.0, 509.0, 290.0, 521.0, 292.0, 521.0, 304.0, 508.33, 302.0, 495.67, 300.0, 483.0, 298.0]
rec: BUMPER...................
text_instance: 27
bbox: [484, 302, 38, 14]
bezier_pts: [486.0, 302.0, 497.33, 304.0, 508.67, 306.0, 520.0, 308.0, 521.0, 315.0, 508.39, 315.25, 496.04, 313.95, 484.0, 311.0]
rec: BUMPER...................
text_instance: 28
bbox: [524, 304, 22, 14]
bezier_pts: [525.0, 304.0, 531.67, 304.67, 538.33, 305.33, 545.0, 306.0, 545.0, 317.0, 538.08, 317.25, 531.0, 316.65, 524.0, 315.0]
rec: FREY'S...................
text_instance: 29
bbox: [546, 306, 18, 14]
bezier_pts: [546.0, 306.0, 551.08, 306.86, 557.22, 303.82, 562.0, 308.0, 563.0, 319.0, 557.15, 319.44, 551.5, 318.17, 546.0, 317.0]
rec: AUTO.....................
