text_instance: 0
bbox: [130, 92, 249, 89]
bezier_pts: [130.0, 129.0, 212.58, 56.41, 311.99, 87.47, 378.0, 164.0, 355.0, 180.0, 296.62, 128.64, 227.89, 84.94, 157.0, 153.0]
rec: BREAKING.................
text_instance: 1
bbox: [57, 162, 98, 31]
bezier_pts: [60.0, 162.0, 91.48, 163.24, 121.06, 165.44, 152.0, 170.0, 154.0, 192.0, 121.6, 192.01, 88.64, 188.88, 57.0, 186.0]
rec: Coffee...................
text_instance: 2
bbox: [405, 195, 51, 27]
bezier_pts: [405.0, 195.0, 419.67, 196.33, 434.33, 197.67, 449.0, 199.0, 455.0, 221.0, 440.77, 220.83, 427.05, 219.93, 413.0, 218.0]
rec: Tea......................
text_instance: 3
bbox: [116, 209, 104, 112]
bezier_pts: [146.0, 209.0, 165.26, 242.84, 189.85, 272.53, 219.0, 298.0, 198.0, 320.0, 160.44, 294.1, 132.33, 262.15, 116.0, 219.0]
rec: NEW......................
text_instance: 4
bbox: [226, 234, 199, 120]
bezier_pts: [230.0, 299.0, 296.74, 321.46, 371.8, 334.31, 385.0, 234.0, 424.0, 246.0, 410.03, 356.15, 317.4, 374.31, 226.0, 339.0]
rec: GROUNDS..................
