text_instance: 0
bbox: [404, 123, 276, 76]
bezier_pts: [404.0, 168.0, 486.88, 97.07, 590.69, 111.49, 679.0, 174.0, 649.0, 198.0, 582.41, 149.65, 495.68, 144.2, 424.0, 192.0]
rec: TERAMACHi................
text_instance: 1
bbox: [332, 367, 384, 109]
bezier_pts: [338.0, 367.0, 463.67, 372.33, 589.33, 377.67, 715.0, 383.0, 715.0, 475.0, 587.33, 471.33, 459.67, 467.67, 332.0, 464.0]
rec: Yong.....................
text_instance: 2
bbox: [318, 451, 309, 93]
bezier_pts: [327.0, 451.0, 425.67, 452.67, 524.33, 452.56, 623.0, 456.0, 626.0, 543.0, 523.33, 541.0, 420.67, 539.0, 318.0, 537.0]
rec: Men......................
text_instance: 3
bbox: [321, 753, 400, 191]
bezier_pts: [341.0, 769.0, 465.0, 763.67, 589.0, 758.33, 713.0, 753.0, 720.0, 943.0, 587.0, 942.67, 454.0, 942.33, 321.0, 942.0]
rec: 50th.....................
text_instance: 4
bbox: [312, 973, 404, 63]
bezier_pts: [318.0, 973.0, 450.33, 973.0, 582.67, 973.0, 715.0, 973.0, 715.0, 1035.0, 580.67, 1034.0, 446.33, 1033.0, 312.0, 1032.0]
rec: Anniversary..............
text_instance: 5
bbox: [419, 305, 173, 87]
bezier_pts: [426.0, 306.0, 478.49, 306.45, 528.62, 310.18, 581.0, 320.0, 591.0, 389.0, 534.11, 391.41, 476.44, 390.86, 419.0, 389.0]
rec: Mr.......................
