text_instance: 0
bbox: [444, 1146, 243, 69]
bezier_pts: [444.0, 1146.0, 524.67, 1146.0, 605.33, 1146.0, 686.0, 1146.0, 686.0, 1214.0, 605.33, 1214.0, 524.67, 1214.0, 444.0, 1214.0]
rec: MUSEUM...................
text_instance: 1
bbox: [439, 734, 207, 54]
bezier_pts: [439.0, 734.0, 507.67, 734.0, 576.33, 734.0, 645.0, 734.0, 645.0, 787.0, 576.33, 787.0, 507.67, 787.0, 439.0, 787.0]
rec: Steinbeck................
text_instance: 2
bbox: [301, 1149, 127, 66]
bezier_pts: [301.0, 1149.0, 343.0, 1149.0, 385.0, 1149.0, 427.0, 1149.0, 427.0, 1214.0, 385.0, 1214.0, 343.0, 1214.0, 301.0, 1214.0]
rec: WAX......................
text_instance: 3
bbox: [417, 461, 286, 93]
bezier_pts: [417.0, 461.0, 512.0, 461.0, 607.0, 461.0, 702.0, 461.0, 702.0, 553.0, 607.0, 553.0, 512.0, 553.0, 417.0, 553.0]
rec: SEINBECK.................
text_instance: 4
bbox: [289, 663, 181, 57]
bezier_pts: [289.0, 663.0, 349.0, 663.0, 409.0, 663.0, 469.0, 663.0, 469.0, 719.0, 409.0, 719.0, 349.0, 719.0, 289.0, 719.0]
rec: Spanish..................
text_instance: 5
bbox: [279, 594, 154, 52]
bezier_pts: [279.0, 594.0, 330.0, 594.0, 381.0, 594.0, 432.0, 594.0, 432.0, 645.0, 381.0, 645.0, 330.0, 645.0, 279.0, 645.0]
rec: Journey..................
text_instance: 6
bbox: [265, 466, 146, 90]
bezier_pts: [265.0, 466.0, 313.33, 466.0, 361.67, 466.0, 410.0, 466.0, 410.0, 554.0, 361.67, 554.0, 313.33, 554.0, 265.0, 554.0]
rec: JOHN.....................
text_instance: 7
bbox: [477, 670, 200, 50]
bezier_pts: [477.0, 670.0, 543.33, 670.0, 609.67, 670.0, 676.0, 670.0, 676.0, 717.0, 610.44, 719.06, 542.71, 719.33, 477.0, 717.0]
rec: Discovery................
text_instance: 8
bbox: [328, 735, 104, 54]
bezier_pts: [328.0, 735.0, 362.33, 735.0, 396.67, 735.0, 431.0, 735.0, 431.0, 788.0, 396.67, 788.0, 362.33, 788.0, 328.0, 788.0]
rec: John.....................
text_instance: 9
bbox: [540, 875, 150, 46]
bezier_pts: [540.0, 875.0, 589.67, 875.0, 639.33, 875.0, 689.0, 875.0, 689.0, 920.0, 639.33, 920.0, 589.67, 920.0, 540.0, 920.0]
rec: Turbulent................
text_instance: 10
bbox: [511, 139, 91, 59]
bezier_pts: [511.0, 139.0, 541.0, 139.0, 571.0, 139.0, 601.0, 139.0, 601.0, 194.0, 571.0, 194.0, 541.0, 194.0, 511.0, 194.0]
rec: Come.....................
text_instance: 11
bbox: [532, 827, 117, 52]
bezier_pts: [532.0, 827.0, 570.67, 827.0, 609.33, 827.0, 648.0, 827.0, 648.0, 874.0, 609.78, 876.16, 571.41, 874.55, 532.0, 874.0]
rec: Voyage...................
text_instance: 12
bbox: [364, 878, 157, 45]
bezier_pts: [364.0, 878.0, 416.0, 878.0, 468.0, 878.0, 520.0, 878.0, 520.0, 922.0, 468.0, 922.0, 416.0, 922.0, 364.0, 922.0]
rec: Monterey.................
text_instance: 13
bbox: [569, 277, 141, 71]
bezier_pts: [569.0, 277.0, 615.67, 277.0, 662.33, 277.0, 709.0, 277.0, 709.0, 346.0, 662.23, 346.75, 616.11, 346.98, 569.0, 346.0]
rec: Cannery..................
text_instance: 14
bbox: [617, 136, 86, 64]
bezier_pts: [617.0, 136.0, 645.33, 136.0, 673.67, 136.0, 702.0, 136.0, 702.0, 195.0, 673.74, 196.39, 644.78, 196.82, 617.0, 195.0]
rec: Back.....................
text_instance: 15
bbox: [543, 349, 82, 67]
bezier_pts: [543.0, 349.0, 570.0, 349.0, 597.0, 349.0, 624.0, 349.0, 624.0, 415.0, 597.0, 415.0, 570.0, 415.0, 543.0, 415.0]
rec: Row......................
text_instance: 16
bbox: [608, 590, 95, 51]
bezier_pts: [608.0, 590.0, 639.33, 590.0, 670.67, 590.0, 702.0, 590.0, 702.0, 638.0, 671.7, 639.81, 639.79, 639.74, 608.0, 638.0]
rec: Past.....................
text_instance: 17
bbox: [572, 922, 67, 46]
bezier_pts: [572.0, 922.0, 594.0, 922.0, 616.0, 922.0, 638.0, 922.0, 638.0, 967.0, 616.0, 967.0, 594.0, 967.0, 572.0, 967.0]
rec: Past.....................
text_instance: 18
bbox: [449, 602, 77, 40]
bezier_pts: [449.0, 602.0, 474.33, 602.0, 499.67, 602.0, 525.0, 602.0, 525.0, 641.0, 499.67, 641.0, 474.33, 641.0, 449.0, 641.0]
rec: into.....................
text_instance: 19
bbox: [494, 271, 67, 75]
bezier_pts: [494.0, 271.0, 516.0, 271.0, 538.0, 271.0, 560.0, 271.0, 560.0, 345.0, 538.0, 345.0, 516.0, 345.0, 494.0, 345.0]
rec: The......................
text_instance: 20
bbox: [537, 594, 65, 46]
bezier_pts: [537.0, 594.0, 558.33, 594.0, 579.67, 594.0, 601.0, 594.0, 601.0, 639.0, 579.67, 639.0, 558.33, 639.0, 537.0, 639.0]
rec: the......................
text_instance: 21
bbox: [555, 190, 87, 85]
bezier_pts: [555.0, 190.0, 583.67, 190.0, 612.33, 190.0, 641.0, 190.0, 641.0, 274.0, 612.33, 274.0, 583.67, 274.0, 555.0, 274.0]
rec: Time.....................
text_instance: 22
bbox: [819, 505, 41, 29]
bezier_pts: [819.0, 505.0, 832.33, 505.0, 845.67, 505.0, 859.0, 505.0, 859.0, 532.0, 845.67, 532.0, 832.33, 532.0, 819.0, 532.0]
rec: FIRE.....................
text_instance: 23
bbox: [437, 640, 62, 29]
bezier_pts: [437.0, 640.0, 455.33, 640.0, 473.67, 640.0, 492.0, 640.0, 498.0, 668.0, 479.67, 668.0, 461.33, 668.0, 443.0, 668.0]
rec: from.....................
text_instance: 24
bbox: [493, 643, 46, 27]
bezier_pts: [493.0, 643.0, 508.0, 643.0, 523.0, 643.0, 538.0, 643.0, 537.0, 668.0, 522.33, 668.33, 507.67, 668.67, 493.0, 669.0]
rec: the......................
text_instance: 25
bbox: [417, 827, 110, 41]
bezier_pts: [417.0, 827.0, 453.33, 827.0, 489.67, 827.0, 526.0, 827.0, 526.0, 866.0, 490.62, 865.96, 454.81, 867.37, 420.0, 867.0]
rec: Minute...................
text_instance: 26
bbox: [291, 872, 71, 48]
bezier_pts: [291.0, 873.0, 313.33, 872.67, 335.67, 872.33, 358.0, 872.0, 361.0, 917.0, 340.33, 917.33, 319.67, 917.67, 299.0, 918.0]
rec: into.....................
text_instance: 27
bbox: [345, 922, 53, 44]
bezier_pts: [345.0, 923.0, 362.33, 922.67, 379.67, 922.33, 397.0, 922.0, 397.0, 964.0, 379.52, 965.56, 361.7, 964.83, 345.0, 965.0]
rec: and......................
text_instance: 28
bbox: [406, 918, 165, 53]
bezier_pts: [406.0, 918.0, 459.33, 919.33, 512.67, 920.67, 566.0, 922.0, 570.0, 970.0, 515.33, 970.0, 460.67, 970.0, 406.0, 970.0]
rec: Fascinating..............
text_instance: 29
bbox: [243, 1002, 155, 124]
bezier_pts: [243.0, 1062.0, 294.33, 1042.0, 345.67, 1022.0, 397.0, 1002.0, 395.0, 1058.0, 350.67, 1080.33, 306.33, 1102.67, 262.0, 1125.0]
rec: SPIRIT...................
text_instance: 30
bbox: [480, 974, 260, 147]
bezier_pts: [481.0, 974.0, 581.61, 962.81, 660.94, 1028.29, 739.0, 1080.0, 717.0, 1120.0, 649.02, 1074.62, 567.24, 1025.09, 480.0, 1038.0]
rec: MONTEREY.................
text_instance: 31
bbox: [828, 533, 25, 155]
bezier_pts: [828.0, 533.0, 829.19, 586.03, 831.37, 634.1, 829.0, 687.0, 850.0, 687.0, 853.57, 637.44, 853.34, 582.78, 850.0, 533.0]
rec: EXTINGUISHER.............
text_instance: 32
bbox: [515, 206, 47, 64]
bezier_pts: [516.0, 207.0, 530.94, 204.68, 543.49, 214.36, 557.0, 218.0, 561.0, 269.0, 545.37, 269.08, 530.26, 267.11, 515.0, 266.0]
rec: In.......................
text_instance: 33
bbox: [627, 342, 51, 85]
bezier_pts: [631.0, 342.0, 646.33, 343.0, 661.67, 344.0, 677.0, 345.0, 675.0, 424.0, 658.65, 426.79, 642.84, 426.67, 627.0, 424.0]
rec: of.......................
text_instance: 34
bbox: [334, 829, 35, 41]
bezier_pts: [336.0, 829.0, 346.0, 829.33, 356.0, 829.67, 366.0, 830.0, 368.0, 865.0, 356.82, 868.49, 345.56, 869.04, 334.0, 867.0]
rec: A........................
text_instance: 35
bbox: [373, 829, 39, 42]
bezier_pts: [373.0, 829.0, 385.67, 829.0, 398.33, 829.0, 411.0, 829.0, 410.0, 870.0, 398.0, 869.0, 386.0, 868.0, 374.0, 867.0]
rec: 20.......................
text_instance: 36
bbox: [661, 207, 34, 61]
bezier_pts: [661.0, 208.0, 671.67, 208.33, 682.33, 208.67, 693.0, 209.0, 694.0, 266.0, 683.03, 266.83, 671.6, 266.41, 661.0, 265.0]
rec: to.......................
text_instance: 37
bbox: [415, 986, 57, 62]
bezier_pts: [415.0, 991.0, 432.83, 991.48, 450.32, 983.2, 469.0, 990.0, 471.0, 1042.0, 453.67, 1043.67, 436.33, 1045.33, 419.0, 1047.0]
rec: of.......................
