text_instance: 0
bbox: [463, 231, 37, 20]
bezier_pts: [463.0, 231.0, 475.0, 231.0, 487.0, 231.0, 499.0, 231.0, 499.0, 248.0, 487.08, 250.06, 474.57, 248.74, 463.0, 248.0]
rec: Play.....................
text_instance: 1
bbox: [324, 190, 87, 38]
bezier_pts: [324.0, 196.0, 352.33, 194.0, 380.67, 192.0, 409.0, 190.0, 410.0, 222.0, 385.67, 223.67, 361.33, 225.33, 337.0, 227.0]
rec: VVG......................
text_instance: 2
bbox: [428, 193, 73, 38]
bezier_pts: [428.0, 193.0, 451.7, 199.01, 476.55, 195.04, 500.0, 208.0, 489.0, 230.0, 469.0, 228.0, 449.0, 226.0, 429.0, 224.0]
rec: Play.....................
text_instance: 3
bbox: [512, 202, 73, 49]
bezier_pts: [515.0, 202.0, 538.0, 209.0, 561.0, 216.0, 584.0, 223.0, 568.0, 250.0, 549.33, 244.0, 530.67, 238.0, 512.0, 232.0]
rec: Play.....................
text_instance: 4
bbox: [416, 229, 41, 21]
bezier_pts: [416.0, 229.0, 428.33, 229.67, 440.67, 230.33, 453.0, 231.0, 456.0, 247.0, 443.41, 248.99, 430.6, 249.07, 418.0, 246.0]
rec: Food.....................
text_instance: 5
bbox: [779, 23, 25, 18]
bezier_pts: [781.0, 23.0, 788.33, 24.67, 795.67, 26.33, 803.0, 28.0, 801.0, 39.0, 793.67, 37.67, 786.33, 36.33, 779.0, 35.0]
rec: blog.....................
