text_instance: 0
bbox: [330, 414, 355, 139]
bezier_pts: [330.0, 460.0, 445.01, 432.25, 557.37, 419.56, 676.0, 414.0, 684.0, 516.0, 576.0, 528.0, 468.0, 540.0, 360.0, 552.0]
rec: BLUE.....................
text_instance: 1
bbox: [708, 416, 515, 188]
bezier_pts: [726.0, 416.0, 902.6, 420.67, 1052.85, 439.16, 1222.0, 498.0, 1208.0, 603.0, 1040.18, 528.44, 885.31, 517.74, 708.0, 506.0]
rec: ATRIUM...................
text_instance: 2
bbox: [614, 587, 143, 41]
bezier_pts: [614.0, 587.0, 660.67, 590.33, 707.33, 593.67, 754.0, 597.0, 756.0, 627.0, 709.56, 626.1, 664.17, 625.39, 618.0, 621.0]
rec: LOWER....................
text_instance: 3
bbox: [762, 595, 175, 44]
bezier_pts: [762.0, 595.0, 820.0, 598.33, 878.0, 601.67, 936.0, 605.0, 934.0, 637.0, 877.33, 635.67, 820.67, 634.33, 764.0, 633.0]
rec: GROUND...................
text_instance: 4
bbox: [602, 703, 163, 62]
bezier_pts: [602.0, 703.0, 655.33, 705.67, 708.67, 708.33, 762.0, 711.0, 764.0, 764.0, 710.67, 761.33, 657.33, 758.67, 604.0, 756.0]
rec: Oasis....................
text_instance: 5
bbox: [782, 715, 305, 62]
bezier_pts: [782.0, 715.0, 882.67, 719.0, 983.33, 723.0, 1084.0, 727.0, 1086.0, 776.0, 986.0, 772.67, 886.0, 769.33, 786.0, 766.0]
rec: Boulevard................
text_instance: 6
bbox: [1108, 729, 181, 62]
bezier_pts: [1108.0, 729.0, 1166.67, 733.33, 1225.33, 737.67, 1284.0, 742.0, 1288.0, 790.0, 1229.33, 786.0, 1170.67, 782.0, 1112.0, 778.0]
rec: South....................
text_instance: 7
bbox: [604, 774, 241, 64]
bezier_pts: [604.0, 774.0, 684.0, 778.67, 764.0, 783.33, 844.0, 788.0, 840.0, 837.0, 762.61, 836.25, 683.08, 835.8, 606.0, 834.0]
rec: Sunway...................
text_instance: 8
bbox: [852, 788, 225, 63]
bezier_pts: [852.0, 788.0, 926.67, 792.0, 1001.33, 796.0, 1076.0, 800.0, 1046.0, 850.0, 983.15, 848.06, 918.61, 846.7, 856.0, 842.0]
rec: Lagoon...................
text_instance: 9
bbox: [598, 842, 125, 53]
bezier_pts: [598.0, 842.0, 639.33, 843.0, 680.67, 844.0, 722.0, 845.0, 722.0, 892.0, 682.8, 892.66, 644.0, 891.06, 606.0, 887.0]
rec: Taxi.....................
text_instance: 10
bbox: [768, 850, 267, 63]
bezier_pts: [782.0, 850.0, 866.0, 854.67, 950.0, 859.33, 1034.0, 864.0, 1034.0, 912.0, 945.97, 908.73, 856.38, 906.19, 768.0, 900.0]
rec: Aeroline.................
text_instance: 11
bbox: [1080, 866, 211, 67]
bezier_pts: [1086.0, 866.0, 1155.73, 870.35, 1217.45, 871.11, 1288.0, 878.0, 1290.0, 932.0, 1220.0, 926.67, 1150.0, 921.33, 1080.0, 916.0]
rec: Jockey...................
text_instance: 12
bbox: [596, 914, 117, 51]
bezier_pts: [596.0, 914.0, 634.67, 916.0, 673.33, 918.0, 712.0, 920.0, 708.0, 964.0, 671.78, 964.54, 633.91, 963.26, 598.0, 960.0]
rec: Sun......................
text_instance: 13
bbox: [796, 922, 235, 67]
bezier_pts: [796.0, 922.0, 874.0, 925.33, 952.0, 928.67, 1030.0, 932.0, 1026.0, 987.0, 951.78, 986.13, 877.87, 983.54, 802.0, 979.0]
rec: Canopy...................
text_instance: 14
bbox: [1040, 932, 149, 59]
bezier_pts: [1040.0, 932.0, 1088.67, 935.33, 1137.33, 938.67, 1186.0, 942.0, 1188.0, 990.0, 1139.84, 989.25, 1091.35, 985.58, 1044.0, 979.0]
rec: Walk.....................
text_instance: 15
bbox: [938, 606, 42, 38]
bezier_pts: [941.0, 606.0, 953.71, 605.0, 966.38, 608.2, 979.0, 611.0, 975.0, 643.0, 962.67, 642.0, 950.33, 641.0, 938.0, 640.0]
rec: 2........................
text_instance: 16
bbox: [733, 921, 59, 50]
bezier_pts: [733.0, 921.0, 751.11, 921.34, 769.89, 919.83, 788.0, 922.0, 791.0, 968.0, 771.74, 970.11, 752.67, 970.07, 733.0, 967.0]
rec: U........................
