text_instance: 0
bbox: [764, 666, 603, 228]
bezier_pts: [778.0, 704.0, 965.78, 639.79, 1161.56, 650.9, 1344.0, 748.0, 1366.0, 893.0, 1189.74, 772.59, 955.35, 757.64, 764.0, 848.0]
rec: FLYING...................
text_instance: 1
bbox: [778, 808, 611, 253]
bezier_pts: [778.0, 876.0, 971.54, 752.96, 1176.65, 824.74, 1372.0, 878.0, 1388.0, 1060.0, 1200.12, 942.97, 961.06, 878.46, 786.0, 1054.0]
rec: HORSES...................
text_instance: 2
bbox: [954, 1014, 257, 65]
bezier_pts: [954.0, 1014.0, 1033.33, 1017.0, 1112.67, 1020.0, 1192.0, 1023.0, 1210.0, 1078.0, 1124.67, 1072.67, 1039.33, 1067.33, 954.0, 1062.0]
rec: AMERICAS.................
text_instance: 3
bbox: [990, 1062, 195, 61]
bezier_pts: [990.0, 1062.0, 1053.33, 1064.67, 1116.67, 1067.33, 1180.0, 1070.0, 1184.0, 1122.0, 1119.33, 1120.67, 1054.67, 1119.33, 990.0, 1118.0]
rec: OLDEST...................
text_instance: 4
bbox: [956, 1118, 255, 55]
bezier_pts: [960.0, 1118.0, 1044.48, 1120.48, 1128.19, 1120.19, 1210.0, 1136.0, 1210.0, 1170.0, 1124.18, 1170.16, 1039.66, 1167.46, 956.0, 1162.0]
rec: CAROUSEL.................
