text_instance: 0
bbox: [674, 397, 1458, 392]
bezier_pts: [674.0, 440.0, 1183.16, 353.87, 1654.72, 369.42, 2131.0, 575.0, 2107.0, 788.0, 1625.57, 631.61, 1210.87, 601.21, 707.0, 611.0]
rec: COOKES...................
text_instance: 1
bbox: [827, 614, 111, 103]
bezier_pts: [827.0, 614.0, 863.67, 616.0, 900.33, 618.0, 937.0, 620.0, 935.0, 716.0, 901.67, 713.0, 868.33, 710.0, 835.0, 707.0]
rec: Tel......................
text_instance: 2
bbox: [968, 623, 175, 94]
bezier_pts: [970.0, 623.0, 1027.33, 623.0, 1084.67, 623.0, 1142.0, 623.0, 1139.0, 716.0, 1081.54, 712.71, 1025.13, 710.18, 968.0, 704.0]
rec: 020......................
text_instance: 3
bbox: [1169, 641, 202, 88]
bezier_pts: [1169.0, 641.0, 1235.69, 644.57, 1306.04, 643.81, 1370.0, 653.0, 1370.0, 728.0, 1305.0, 728.0, 1240.0, 728.0, 1175.0, 728.0]
rec: 8743.....................
text_instance: 4
bbox: [1397, 656, 232, 82]
bezier_pts: [1400.0, 656.0, 1472.0, 658.0, 1544.0, 660.0, 1616.0, 662.0, 1628.0, 734.0, 1550.17, 734.36, 1474.2, 732.48, 1397.0, 731.0]
rec: 7630.....................
text_instance: 5
bbox: [713, 788, 1057, 232]
bezier_pts: [800.0, 788.0, 1116.55, 798.89, 1442.31, 814.11, 1769.0, 836.0, 1721.0, 1019.0, 1386.33, 993.53, 1044.92, 1052.09, 713.0, 962.0]
rec: Traditional..............
text_instance: 6
bbox: [290, 962, 250, 154]
bezier_pts: [305.0, 962.0, 383.0, 966.0, 461.0, 970.0, 539.0, 974.0, 530.0, 1115.0, 448.6, 1111.26, 369.12, 1106.33, 290.0, 1100.0]
rec: PIE......................
text_instance: 7
bbox: [578, 974, 457, 160]
bezier_pts: [578.0, 974.0, 729.46, 978.75, 879.76, 990.84, 1034.0, 1010.0, 1034.0, 1133.0, 887.62, 1128.31, 741.21, 1121.45, 593.0, 1112.0]
rec: MASH.....................
text_instance: 8
bbox: [1088, 1010, 600, 161]
bezier_pts: [1099.0, 1010.0, 1292.0, 1027.67, 1485.0, 1045.33, 1678.0, 1063.0, 1687.0, 1170.0, 1488.29, 1160.62, 1288.16, 1152.23, 1088.0, 1140.0]
rec: LIQUOR...................
text_instance: 9
bbox: [1867, 1019, 334, 160]
bezier_pts: [1867.0, 1019.0, 1966.51, 1023.05, 2072.49, 1020.61, 2176.0, 1034.0, 2200.0, 1178.0, 2090.0, 1176.0, 1980.0, 1174.0, 1870.0, 1172.0]
rec: EELS.....................
text_instance: 10
bbox: [1109, 1172, 367, 145]
bezier_pts: [1109.0, 1259.0, 1219.45, 1148.67, 1365.08, 1149.38, 1475.0, 1256.0, 1433.0, 1316.0, 1347.45, 1209.55, 1235.87, 1242.6, 1142.0, 1304.0]
rec: ESTABLISHED..............
text_instance: 11
bbox: [1223, 1256, 148, 79]
bezier_pts: [1223.0, 1259.0, 1271.0, 1258.0, 1319.0, 1257.0, 1367.0, 1256.0, 1370.0, 1334.0, 1321.0, 1332.0, 1272.0, 1330.0, 1223.0, 1328.0]
rec: 1899.....................
text_instance: 12
bbox: [318, 430, 297, 276]
bezier_pts: [318.0, 486.0, 392.33, 467.33, 466.67, 448.67, 541.0, 430.0, 614.0, 633.0, 519.67, 657.0, 425.33, 681.0, 331.0, 705.0]
rec: A........................
