text_instance: 0
bbox: [80, 201, 296, 43]
bezier_pts: [80.0, 215.0, 169.82, 192.84, 273.02, 210.41, 369.0, 201.0, 375.0, 231.0, 273.53, 244.49, 179.08, 245.71, 81.0, 240.0]
rec: EASTCHESTER..............
text_instance: 1
bbox: [106, 237, 241, 69]
bezier_pts: [106.0, 264.0, 182.75, 231.64, 262.28, 224.73, 346.0, 256.0, 325.0, 300.0, 256.61, 271.59, 186.07, 282.04, 123.0, 305.0]
rec: FISH.....................
text_instance: 2
bbox: [70, 319, 309, 88]
bezier_pts: [104.0, 323.0, 179.98, 380.74, 269.37, 345.55, 347.0, 319.0, 378.0, 362.0, 285.23, 436.38, 166.58, 418.7, 70.0, 371.0]
rec: GOURMET..................
text_instance: 3
bbox: [45, 399, 79, 43]
bezier_pts: [54.0, 399.0, 76.65, 399.07, 100.25, 403.82, 123.0, 412.0, 116.0, 441.0, 91.72, 438.5, 67.68, 433.23, 45.0, 425.0]
rec: CLAM.....................
text_instance: 4
bbox: [133, 409, 54, 41]
bezier_pts: [137.0, 409.0, 152.75, 410.25, 168.13, 413.03, 184.0, 417.0, 186.0, 446.0, 167.79, 447.55, 150.76, 446.84, 133.0, 447.0]
rec: BAR......................
text_instance: 5
bbox: [244, 387, 167, 57]
bezier_pts: [244.0, 417.0, 299.97, 413.14, 350.21, 409.12, 401.0, 387.0, 410.0, 413.0, 359.36, 438.46, 303.1, 443.02, 245.0, 443.0]
rec: RESTAURANT...............
text_instance: 6
bbox: [189, 334, 34, 16]
bezier_pts: [189.0, 337.0, 199.55, 336.67, 211.74, 332.05, 222.0, 335.0, 221.0, 347.0, 210.41, 349.64, 199.59, 349.03, 189.0, 349.0]
rec: EST......................
text_instance: 7
bbox: [226, 333, 35, 16]
bezier_pts: [227.0, 335.0, 238.0, 334.33, 249.0, 333.67, 260.0, 333.0, 260.0, 346.0, 248.67, 346.67, 237.33, 347.33, 226.0, 348.0]
rec: 1981.....................
