text_instance: 0
bbox: [24, 127, 56, 61]
bezier_pts: [24.0, 127.0, 39.97, 132.48, 70.42, 146.48, 79.0, 127.0, 79.0, 187.0, 60.67, 187.0, 42.33, 187.0, 24.0, 187.0]
rec: St.......................
text_instance: 1
bbox: [899, 172, 57, 39]
bezier_pts: [899.0, 172.0, 917.67, 172.0, 936.33, 172.0, 955.0, 172.0, 955.0, 210.0, 936.33, 210.0, 917.67, 210.0, 899.0, 210.0]
rec: Whistle..................
text_instance: 2
bbox: [343, 153, 63, 24]
bezier_pts: [343.0, 153.0, 363.67, 153.0, 384.33, 153.0, 405.0, 153.0, 405.0, 173.0, 384.46, 175.88, 363.85, 175.6, 343.0, 173.0]
rec: SEAFOOD..................
text_instance: 3
bbox: [590, 182, 51, 27]
bezier_pts: [590.0, 182.0, 606.67, 182.0, 623.33, 182.0, 640.0, 182.0, 640.0, 207.0, 623.83, 208.56, 606.4, 208.49, 590.0, 207.0]
rec: 144......................
text_instance: 4
bbox: [293, 151, 46, 24]
bezier_pts: [293.0, 151.0, 308.0, 151.0, 323.0, 151.0, 338.0, 151.0, 338.0, 173.0, 322.94, 174.57, 307.52, 174.54, 293.0, 173.0]
rec: STEAK....................
text_instance: 5
bbox: [642, 182, 28, 27]
bezier_pts: [642.0, 182.0, 651.0, 182.0, 660.0, 182.0, 669.0, 182.0, 669.0, 206.0, 660.31, 208.85, 651.05, 208.57, 642.0, 206.0]
rec: W........................
text_instance: 6
bbox: [94, 136, 198, 55]
bezier_pts: [94.0, 136.0, 160.57, 137.83, 223.41, 138.17, 287.0, 142.0, 291.0, 186.0, 225.34, 188.29, 160.34, 187.64, 96.0, 185.0]
rec: ANDREWS..................
text_instance: 7
bbox: [119, 202, 87, 26]
bezier_pts: [119.0, 208.0, 146.67, 206.0, 174.33, 204.0, 202.0, 202.0, 205.0, 220.0, 177.77, 224.84, 150.64, 226.59, 123.0, 226.0]
rec: KITCHEN..................
text_instance: 8
bbox: [207, 200, 47, 25]
bezier_pts: [207.0, 204.0, 221.67, 202.67, 236.33, 201.33, 251.0, 200.0, 253.0, 217.0, 238.79, 222.12, 223.84, 224.18, 209.0, 224.0]
rec: OPEN.....................
text_instance: 9
bbox: [254, 198, 45, 24]
bezier_pts: [254.0, 203.0, 267.33, 201.33, 280.67, 199.67, 294.0, 198.0, 298.0, 217.0, 284.01, 215.78, 269.82, 226.93, 255.0, 219.0]
rec: LATE.....................
text_instance: 10
bbox: [143, 359, 24, 32]
bezier_pts: [143.0, 363.0, 149.67, 361.67, 156.33, 360.33, 163.0, 359.0, 166.0, 383.0, 162.31, 386.4, 158.17, 389.12, 153.0, 389.0]
rec: P........................
text_instance: 11
bbox: [295, 327, 19, 18]
bezier_pts: [296.0, 328.0, 301.67, 327.67, 307.33, 327.33, 313.0, 327.0, 313.0, 344.0, 307.0, 344.0, 301.0, 344.0, 295.0, 344.0]
rec: A........................
text_instance: 12
bbox: [452, 165, 52, 51]
bezier_pts: [452.0, 190.0, 462.88, 179.8, 474.26, 173.8, 486.0, 165.0, 503.0, 193.0, 497.92, 205.43, 484.82, 212.34, 472.0, 215.0]
rec: Pig......................
text_instance: 13
bbox: [492, 151, 24, 30]
bezier_pts: [492.0, 162.0, 496.33, 158.33, 500.67, 154.67, 505.0, 151.0, 515.0, 172.0, 519.64, 173.59, 509.88, 183.09, 501.0, 179.0]
rec: n........................
text_instance: 14
bbox: [506, 111, 97, 57]
bezier_pts: [506.0, 144.0, 532.33, 123.03, 564.94, 106.18, 599.0, 111.0, 602.0, 136.0, 574.67, 146.33, 547.33, 156.67, 520.0, 167.0]
rec: Whistle..................
text_instance: 15
bbox: [602, 104, 53, 33]
bezier_pts: [602.0, 104.0, 617.66, 107.55, 634.1, 100.04, 649.0, 106.0, 654.0, 132.0, 638.32, 134.85, 623.01, 136.07, 607.0, 136.0]
rec: Pub......................
text_instance: 16
bbox: [684, 110, 141, 106]
bezier_pts: [686.0, 110.0, 735.43, 127.39, 784.31, 153.94, 824.0, 191.0, 811.0, 215.0, 776.28, 182.37, 730.13, 152.46, 684.0, 138.0]
rec: Restaurant...............
text_instance: 17
bbox: [553, 258, 87, 41]
bezier_pts: [553.0, 260.0, 580.33, 259.33, 607.67, 258.67, 635.0, 258.0, 639.0, 286.0, 613.27, 292.71, 587.24, 296.32, 561.0, 297.0]
rec: Upstairs.................
text_instance: 18
bbox: [857, 177, 33, 44]
bezier_pts: [857.0, 177.0, 867.67, 177.0, 878.33, 177.0, 889.0, 177.0, 888.0, 220.0, 878.67, 220.0, 869.33, 220.0, 860.0, 220.0]
rec: Pig......................
text_instance: 19
bbox: [887, 181, 19, 32]
bezier_pts: [887.0, 183.0, 893.0, 182.33, 899.0, 181.67, 905.0, 181.0, 904.0, 211.0, 900.0, 211.33, 896.0, 211.67, 892.0, 212.0]
rec: n........................
text_instance: 20
bbox: [957, 174, 29, 35]
bezier_pts: [957.0, 176.0, 967.63, 175.61, 964.6, 178.44, 982.0, 174.0, 985.0, 206.0, 977.46, 208.39, 969.92, 208.22, 962.0, 207.0]
rec: Pub......................
text_instance: 21
bbox: [997, 175, 43, 32]
bezier_pts: [998.0, 175.0, 1011.67, 175.0, 1025.33, 175.0, 1039.0, 175.0, 1036.0, 201.0, 1023.42, 204.57, 1010.45, 203.85, 997.0, 205.0]
rec: Restaur..................
text_instance: 22
bbox: [919, 221, 35, 37]
bezier_pts: [919.0, 224.0, 930.0, 223.0, 941.0, 222.0, 952.0, 221.0, 953.0, 249.0, 943.36, 253.93, 932.88, 255.06, 922.0, 257.0]
rec: Live.....................
text_instance: 23
bbox: [953, 221, 47, 31]
bezier_pts: [953.0, 221.0, 968.33, 221.33, 983.67, 221.67, 999.0, 222.0, 997.0, 246.0, 984.48, 249.88, 971.57, 250.49, 959.0, 250.0]
rec: House....................
text_instance: 24
bbox: [864, 268, 66, 40]
bezier_pts: [867.0, 277.0, 886.67, 274.0, 906.33, 271.0, 926.0, 268.0, 929.0, 297.0, 907.84, 303.45, 886.17, 306.71, 864.0, 307.0]
rec: Kitchen..................
text_instance: 25
bbox: [928, 264, 41, 37]
bezier_pts: [928.0, 265.0, 939.67, 264.67, 951.33, 264.33, 963.0, 264.0, 968.0, 294.0, 956.42, 298.72, 943.79, 300.64, 931.0, 300.0]
rec: Open.....................
text_instance: 26
bbox: [967, 257, 34, 33]
bezier_pts: [967.0, 260.0, 977.67, 259.0, 988.33, 258.0, 999.0, 257.0, 1000.0, 283.0, 989.7, 287.29, 978.62, 287.86, 968.0, 289.0]
rec: Until....................
text_instance: 27
bbox: [996, 253, 29, 33]
bezier_pts: [996.0, 258.0, 1004.67, 256.33, 1013.33, 254.67, 1022.0, 253.0, 1024.0, 281.0, 1015.88, 285.1, 1006.94, 285.48, 998.0, 285.0]
rec: 2am......................
