text_instance: 0
bbox: [79, 667, 52, 38]
bezier_pts: [79.0, 667.0, 96.0, 667.0, 113.0, 667.0, 130.0, 667.0, 130.0, 703.0, 113.05, 704.65, 96.28, 704.53, 79.0, 703.0]
rec: DELIC....................
text_instance: 1
bbox: [105, 68, 105, 76]
bezier_pts: [105.0, 114.0, 139.33, 98.67, 173.67, 83.33, 208.0, 68.0, 209.0, 97.0, 175.31, 115.1, 140.56, 130.55, 105.0, 143.0]
rec: JEMONERIA................
text_instance: 2
bbox: [238, 106, 108, 75]
bezier_pts: [238.0, 153.0, 268.29, 130.83, 303.07, 114.03, 342.0, 106.0, 345.0, 133.0, 311.0, 148.67, 277.0, 164.33, 243.0, 180.0]
rec: VINOTECA.................
text_instance: 3
bbox: [102, 155, 32, 45]
bezier_pts: [102.0, 163.0, 109.78, 157.89, 118.59, 158.14, 127.0, 155.0, 133.0, 193.0, 125.56, 197.43, 117.38, 199.53, 109.0, 199.0]
rec: EL.......................
text_instance: 4
bbox: [133, 29, 216, 171]
bezier_pts: [133.0, 139.0, 200.21, 107.38, 260.53, 37.75, 340.0, 29.0, 348.0, 91.0, 281.33, 127.0, 214.67, 163.0, 148.0, 199.0]
rec: ENSANCHE.................
text_instance: 5
bbox: [81, 495, 101, 55]
bezier_pts: [87.0, 495.0, 117.72, 496.36, 151.09, 493.13, 180.0, 505.0, 181.0, 547.0, 147.73, 548.48, 114.24, 547.07, 81.0, 543.0]
rec: JAMONES..................
text_instance: 6
bbox: [82, 577, 99, 68]
bezier_pts: [82.0, 577.0, 113.84, 579.94, 146.61, 574.74, 177.0, 582.0, 180.0, 637.0, 148.66, 642.06, 116.95, 644.0, 85.0, 643.0]
rec: TOSTAS...................
text_instance: 7
bbox: [201, 430, 76, 52]
bezier_pts: [202.0, 430.0, 227.62, 433.93, 252.43, 436.87, 276.0, 445.0, 273.0, 481.0, 248.94, 479.76, 225.08, 475.74, 201.0, 469.0]
rec: EMBUTIDOS................
text_instance: 8
bbox: [294, 457, 62, 67]
bezier_pts: [294.0, 457.0, 313.32, 460.33, 336.26, 459.67, 354.0, 471.0, 355.0, 523.0, 335.67, 520.0, 316.33, 517.0, 297.0, 514.0]
rec: VINOS....................
text_instance: 9
bbox: [294, 585, 40, 49]
bezier_pts: [294.0, 586.0, 306.33, 585.67, 318.67, 585.33, 331.0, 585.0, 333.0, 628.0, 324.0, 629.67, 315.0, 631.33, 306.0, 633.0]
rec: QUE......................
