text_instance: 0
bbox: [28, 568, 158, 110]
bezier_pts: [28.0, 604.0, 70.7, 552.37, 126.72, 576.68, 176.0, 568.0, 185.0, 616.0, 137.33, 636.33, 89.67, 656.67, 42.0, 677.0]
rec: Chips....................
text_instance: 1
bbox: [50, 615, 153, 132]
bezier_pts: [50.0, 672.0, 93.67, 653.0, 137.33, 634.0, 181.0, 615.0, 202.0, 668.0, 158.76, 697.86, 114.98, 737.5, 61.0, 746.0]
rec: More.....................
text_instance: 2
bbox: [281, 495, 430, 192]
bezier_pts: [281.0, 602.0, 387.71, 467.71, 558.63, 495.71, 710.0, 499.0, 692.0, 571.0, 554.32, 588.88, 436.52, 583.02, 331.0, 686.0]
rec: CHUNKY...................
text_instance: 3
bbox: [430, 676, 153, 39]
bezier_pts: [430.0, 686.0, 479.67, 682.67, 529.33, 679.33, 579.0, 676.0, 582.0, 704.0, 531.67, 707.33, 481.33, 710.67, 431.0, 714.0]
rec: ORIGINAL.................
text_instance: 4
bbox: [51, 550, 45, 26]
bezier_pts: [51.0, 559.0, 65.02, 551.74, 78.78, 554.2, 93.0, 550.0, 95.0, 565.0, 82.0, 568.33, 69.0, 571.67, 56.0, 575.0]
rec: Chunks...................
text_instance: 5
bbox: [97, 549, 31, 17]
bezier_pts: [97.0, 550.0, 107.09, 548.83, 116.78, 547.3, 127.0, 551.0, 126.0, 565.0, 117.0, 565.0, 108.0, 565.0, 99.0, 565.0]
rec: More.....................
text_instance: 6
bbox: [127, 548, 25, 18]
bezier_pts: [128.0, 548.0, 135.67, 550.0, 143.33, 552.0, 151.0, 554.0, 151.0, 565.0, 143.0, 564.67, 135.0, 564.33, 127.0, 564.0]
rec: Yum......................
text_instance: 7
bbox: [254, 635, 25, 36]
bezier_pts: [254.0, 670.0, 257.07, 657.11, 251.58, 646.11, 255.0, 637.0, 276.0, 635.0, 275.71, 646.55, 276.05, 658.07, 278.0, 669.0]
rec: U35......................
text_instance: 8
bbox: [426, 715, 74, 21]
bezier_pts: [426.0, 717.0, 450.35, 713.19, 473.08, 714.32, 497.0, 716.0, 499.0, 729.0, 474.67, 731.0, 450.33, 733.0, 426.0, 735.0]
rec: Chocolate................
text_instance: 9
bbox: [497, 710, 38, 24]
bezier_pts: [497.0, 711.0, 508.58, 712.07, 519.48, 707.97, 531.0, 711.0, 534.0, 730.0, 522.74, 732.43, 510.74, 733.02, 499.0, 732.0]
rec: Chip.....................
text_instance: 10
bbox: [532, 706, 63, 23]
bezier_pts: [533.0, 711.0, 551.33, 709.33, 569.67, 707.67, 588.0, 706.0, 594.0, 724.0, 573.33, 725.33, 552.67, 726.67, 532.0, 728.0]
rec: Cookies..................
