text_instance: 0
bbox: [107, 59, 77, 36]
bezier_pts: [110.0, 65.0, 131.97, 76.13, 157.52, 74.13, 176.0, 59.0, 183.0, 82.0, 159.01, 98.92, 134.15, 90.35, 107.0, 94.0]
rec: DELHI....................
text_instance: 1
bbox: [181, 38, 93, 51]
bezier_pts: [181.0, 60.0, 208.39, 49.32, 238.74, 44.72, 266.0, 38.0, 273.0, 64.0, 244.38, 69.08, 218.06, 68.75, 193.0, 88.0]
rec: PUBLIC...................
text_instance: 2
bbox: [279, 38, 85, 49]
bezier_pts: [280.0, 38.0, 307.67, 44.33, 335.33, 50.67, 363.0, 57.0, 363.0, 86.0, 335.0, 79.0, 307.0, 72.0, 279.0, 65.0]
rec: SCHOOl...................
text_instance: 3
bbox: [371, 56, 74, 33]
bezier_pts: [376.0, 56.0, 398.46, 66.43, 421.66, 66.66, 444.0, 61.0, 439.0, 87.0, 416.51, 88.34, 393.65, 86.2, 371.0, 83.0]
rec: HISAR....................
text_instance: 4
bbox: [346, 330, 19, 17]
bezier_pts: [346.0, 330.0, 352.18, 329.6, 357.84, 330.92, 364.0, 331.0, 364.0, 344.0, 358.12, 345.51, 352.11, 345.91, 346.0, 345.0]
rec: 20.......................
text_instance: 5
bbox: [370, 329, 18, 16]
bezier_pts: [370.0, 330.0, 375.33, 328.23, 380.67, 328.23, 386.0, 330.0, 387.0, 344.0, 381.89, 343.84, 376.9, 344.57, 372.0, 343.0]
rec: 12.......................
text_instance: 6
bbox: [393, 329, 33, 17]
bezier_pts: [393.0, 330.0, 403.33, 329.67, 413.67, 329.33, 424.0, 329.0, 425.0, 345.0, 414.67, 344.67, 404.33, 344.33, 394.0, 344.0]
rec: 2011.....................
text_instance: 7
bbox: [433, 329, 17, 18]
bezier_pts: [433.0, 330.0, 438.33, 330.0, 443.67, 330.0, 449.0, 330.0, 448.0, 344.0, 443.37, 346.96, 438.45, 346.57, 434.0, 344.0]
rec: 16.......................
text_instance: 8
bbox: [455, 330, 18, 16]
bezier_pts: [455.0, 330.0, 460.67, 330.0, 466.33, 330.0, 472.0, 330.0, 472.0, 345.0, 466.67, 344.79, 461.33, 345.61, 456.0, 344.0]
rec: 36.......................
