text_instance: 0
bbox: [412, 762, 108, 44]
bezier_pts: [412.0, 764.0, 448.24, 765.56, 483.38, 759.21, 519.0, 765.0, 511.0, 804.0, 478.79, 804.75, 445.52, 804.77, 412.0, 804.0]
rec: TOWN.....................
text_instance: 1
bbox: [295, 338, 137, 43]
bezier_pts: [295.0, 338.0, 340.33, 338.0, 385.67, 338.0, 431.0, 338.0, 431.0, 380.0, 385.67, 380.0, 340.33, 380.0, 295.0, 380.0]
rec: Delicious................
text_instance: 2
bbox: [262, 761, 87, 49]
bezier_pts: [262.0, 761.0, 290.67, 761.0, 319.33, 761.0, 348.0, 761.0, 348.0, 808.0, 319.33, 808.0, 290.67, 808.0, 262.0, 808.0]
rec: BEST.....................
text_instance: 3
bbox: [468, 291, 63, 23]
bezier_pts: [468.0, 291.0, 488.67, 291.0, 509.33, 291.0, 530.0, 291.0, 530.0, 312.0, 509.23, 312.0, 488.59, 312.0, 468.0, 312.0]
rec: CHOOSE...................
text_instance: 4
bbox: [362, 767, 42, 40]
bezier_pts: [363.0, 769.0, 376.33, 767.78, 389.67, 765.67, 403.0, 768.0, 400.0, 805.0, 387.46, 806.65, 374.68, 806.62, 362.0, 805.0]
rec: IN.......................
text_instance: 5
bbox: [356, 297, 74, 38]
bezier_pts: [356.0, 297.0, 380.33, 297.0, 404.67, 297.0, 429.0, 297.0, 429.0, 333.0, 404.67, 333.0, 380.33, 333.0, 356.0, 333.0]
rec: OUR......................
text_instance: 6
bbox: [236, 303, 115, 35]
bezier_pts: [236.0, 306.0, 274.0, 305.0, 312.0, 304.0, 350.0, 303.0, 349.0, 334.0, 311.13, 336.27, 273.7, 337.09, 236.0, 337.0]
rec: ENJOY....................
text_instance: 7
bbox: [207, 388, 392, 285]
bezier_pts: [207.0, 469.0, 323.89, 354.95, 461.92, 408.56, 598.0, 417.0, 562.0, 553.0, 432.3, 552.7, 294.91, 551.37, 213.0, 672.0]
rec: HotDogs..................
