text_instance: 0
bbox: [35, 225, 485, 447]
bezier_pts: [35.0, 503.0, 134.3, 397.97, 263.75, 343.84, 349.0, 225.0, 519.0, 427.0, 396.33, 477.48, 313.64, 568.29, 241.0, 671.0]
rec: LE.......................
text_instance: 1
bbox: [499, 6, 1666, 783]
bezier_pts: [499.0, 160.0, 1132.91, 1.33, 1696.62, 215.31, 2164.0, 649.0, 1945.0, 788.0, 1591.11, 380.26, 1125.87, 190.32, 597.0, 365.0]
rec: KILIMANJARO..............
text_instance: 2
bbox: [143, 951, 425, 505]
bezier_pts: [289.0, 951.0, 398.36, 1028.96, 459.53, 1180.47, 567.0, 1255.0, 453.0, 1455.0, 313.49, 1404.15, 224.76, 1257.22, 143.0, 1147.0]
rec: Fast.....................
text_instance: 3
bbox: [489, 1243, 863, 398]
bezier_pts: [641.0, 1243.0, 850.99, 1291.38, 1049.83, 1440.91, 1291.0, 1415.0, 1351.0, 1640.0, 1052.1, 1615.96, 749.5, 1656.06, 489.0, 1485.0]
rec: African..................
text_instance: 4
bbox: [1319, 1139, 719, 498]
bezier_pts: [1319.0, 1363.0, 1564.69, 1329.67, 1784.45, 1278.87, 1985.0, 1139.0, 2037.0, 1447.0, 1829.85, 1559.56, 1594.19, 1585.4, 1385.0, 1636.0]
rec: Eatery...................
