text_instance: 0
bbox: [95, 42, 71, 38]
bezier_pts: [95.0, 53.0, 116.67, 49.33, 138.33, 45.67, 160.0, 42.0, 165.0, 68.0, 142.33, 71.67, 119.67, 75.33, 97.0, 79.0]
rec: Offspring................
text_instance: 1
bbox: [262, 180, 153, 50]
bezier_pts: [262.0, 182.0, 312.0, 181.67, 362.0, 181.33, 412.0, 181.0, 414.0, 225.0, 363.92, 227.89, 315.02, 227.51, 264.0, 227.0]
rec: Offspring................
text_instance: 2
bbox: [34, 456, 60, 25]
bezier_pts: [34.0, 458.0, 52.85, 454.15, 72.27, 457.85, 92.0, 457.0, 93.0, 480.0, 73.67, 480.0, 54.33, 480.0, 35.0, 480.0]
rec: TCE......................
text_instance: 3
bbox: [100, 452, 115, 27]
bezier_pts: [100.0, 456.0, 138.21, 453.25, 172.27, 450.38, 210.0, 453.0, 214.0, 472.0, 176.0, 474.0, 138.0, 476.0, 100.0, 478.0]
rec: SPECIAL..................
text_instance: 4
bbox: [274, 275, 18, 19]
bezier_pts: [283.0, 275.0, 285.67, 279.0, 288.33, 283.0, 291.0, 287.0, 286.0, 293.0, 282.0, 289.0, 278.0, 285.0, 274.0, 281.0]
rec: AS.......................
text_instance: 5
bbox: [287, 290, 52, 29]
bezier_pts: [292.0, 290.0, 306.11, 298.76, 319.08, 309.98, 337.0, 305.0, 338.0, 318.0, 318.8, 317.27, 301.07, 313.5, 287.0, 299.0]
rec: NATURAL..................
text_instance: 6
bbox: [342, 299, 18, 19]
bezier_pts: [342.0, 307.0, 346.33, 304.33, 350.67, 301.67, 355.0, 299.0, 359.0, 310.0, 353.42, 312.62, 349.08, 315.59, 343.0, 317.0]
rec: AS.......................
text_instance: 7
bbox: [358, 272, 32, 35]
bezier_pts: [358.0, 298.0, 365.33, 289.33, 372.67, 280.67, 380.0, 272.0, 389.0, 279.0, 382.33, 289.58, 372.74, 298.45, 363.0, 306.0]
rec: LOVE.....................
text_instance: 8
bbox: [217, 377, 35, 11]
bezier_pts: [217.0, 377.0, 228.33, 377.67, 239.67, 378.33, 251.0, 379.0, 251.0, 387.0, 239.76, 386.85, 228.61, 387.57, 217.0, 386.0]
rec: Discover.................
text_instance: 9
bbox: [218, 395, 41, 11]
bezier_pts: [219.0, 395.0, 232.0, 395.0, 245.0, 395.0, 258.0, 395.0, 258.0, 405.0, 244.67, 405.02, 231.33, 405.65, 218.0, 403.0]
rec: ENVIRONT.................
text_instance: 10
bbox: [220, 408, 34, 18]
bezier_pts: [220.0, 408.0, 230.49, 409.97, 241.87, 408.65, 252.0, 413.0, 253.0, 425.0, 242.08, 424.26, 231.25, 422.41, 221.0, 421.0]
rec: Loving...................
text_instance: 11
bbox: [419, 384, 64, 17]
bezier_pts: [420.0, 385.0, 440.0, 382.81, 461.4, 384.49, 482.0, 386.0, 481.0, 400.0, 460.33, 399.0, 439.67, 398.0, 419.0, 397.0]
rec: non-toxic................
text_instance: 12
bbox: [416, 406, 62, 16]
bezier_pts: [417.0, 406.0, 436.12, 406.61, 457.88, 403.87, 477.0, 408.0, 475.0, 421.0, 455.33, 419.67, 435.67, 418.33, 416.0, 417.0]
rec: essentials...............
text_instance: 13
bbox: [416, 424, 54, 18]
bezier_pts: [416.0, 424.0, 433.67, 424.67, 451.33, 425.33, 469.0, 426.0, 469.0, 441.0, 451.67, 439.51, 434.33, 438.91, 417.0, 436.0]
rec: factured.................
