text_instance: 0
bbox: [586, 487, 152, 39]
bezier_pts: [586.0, 489.0, 636.0, 488.67, 686.0, 488.33, 736.0, 488.0, 737.0, 525.0, 686.67, 525.0, 636.33, 525.0, 586.0, 525.0]
rec: 1805.....................
text_instance: 1
bbox: [135, 181, 587, 193]
bezier_pts: [135.0, 307.0, 312.74, 209.5, 517.02, 182.46, 721.0, 181.0, 709.0, 277.0, 523.94, 266.36, 336.05, 312.2, 168.0, 373.0]
rec: TRUEFITT.................
text_instance: 2
bbox: [819, 181, 369, 177]
bezier_pts: [843.0, 181.0, 955.35, 200.23, 1074.65, 220.11, 1187.0, 254.0, 1171.0, 357.0, 1053.67, 332.0, 936.33, 307.0, 819.0, 282.0]
rec: HILL.....................
text_instance: 3
bbox: [307, 366, 593, 65]
bezier_pts: [312.0, 378.0, 505.55, 372.81, 703.45, 368.02, 899.0, 366.0, 898.0, 426.0, 701.27, 428.71, 504.69, 428.54, 307.0, 430.0]
rec: BARBERSHOP...............
text_instance: 4
bbox: [439, 482, 118, 45]
bezier_pts: [439.0, 482.0, 478.0, 482.33, 517.0, 482.67, 556.0, 483.0, 552.0, 526.0, 517.67, 525.67, 483.33, 525.33, 449.0, 525.0]
rec: EST......................
text_instance: 5
bbox: [1062, 483, 32, 20]
bezier_pts: [1062.0, 483.0, 1072.33, 483.33, 1082.67, 483.67, 1093.0, 484.0, 1092.0, 502.0, 1082.33, 501.67, 1072.67, 501.33, 1063.0, 501.0]
rec: TF.......................
