text_instance: 0
bbox: [37, 124, 54, 31]
bezier_pts: [37.0, 131.0, 54.67, 128.67, 72.33, 126.33, 90.0, 124.0, 90.0, 148.0, 74.0, 150.0, 58.0, 152.0, 42.0, 154.0]
rec: FOG......................
text_instance: 1
bbox: [99, 119, 108, 24]
bezier_pts: [99.0, 126.0, 134.67, 123.67, 170.33, 121.33, 206.0, 119.0, 205.0, 136.0, 171.33, 138.0, 137.67, 140.0, 104.0, 142.0]
rec: HARBOUR..................
text_instance: 2
bbox: [212, 115, 71, 26]
bezier_pts: [219.0, 115.0, 240.0, 116.33, 261.0, 117.67, 282.0, 119.0, 278.0, 140.0, 256.0, 138.0, 234.0, 136.0, 212.0, 134.0]
rec: FISh.....................
text_instance: 3
bbox: [287, 124, 89, 36]
bezier_pts: [288.0, 124.0, 316.81, 129.34, 347.31, 126.68, 375.0, 139.0, 374.0, 159.0, 345.0, 153.0, 316.0, 147.0, 287.0, 141.0]
rec: HOUSE....................
