text_instance: 0
bbox: [102, 43, 301, 132]
bezier_pts: [102.0, 143.0, 188.41, 20.11, 315.59, 1.99, 402.0, 143.0, 375.0, 172.0, 308.0, 51.66, 204.86, 63.38, 136.0, 174.0]
rec: MANCHESTER...............
text_instance: 1
bbox: [172, 294, 197, 71]
bezier_pts: [183.0, 310.0, 240.13, 339.6, 299.87, 340.45, 348.0, 294.0, 368.0, 330.0, 305.48, 360.0, 238.67, 381.88, 172.0, 344.0]
rec: UNITED...................
text_instance: 2
bbox: [353, 353, 18, 20]
bezier_pts: [354.0, 354.0, 359.33, 352.12, 364.67, 353.33, 370.0, 353.0, 369.0, 371.0, 363.67, 371.33, 358.33, 371.67, 353.0, 372.0]
rec: R........................
text_instance: 3
bbox: [522, 180, 30, 19]
bezier_pts: [525.0, 180.0, 533.67, 181.67, 542.33, 183.33, 551.0, 185.0, 550.0, 198.0, 540.67, 198.45, 531.33, 197.11, 522.0, 194.0]
rec: AON......................
