text_instance: 0
bbox: [496, 309, 67, 32]
bezier_pts: [496.0, 320.0, 515.36, 309.12, 538.37, 313.21, 559.0, 309.0, 562.0, 331.0, 548.67, 334.0, 535.33, 337.0, 522.0, 340.0]
rec: OLD......................
text_instance: 1
bbox: [572, 312, 68, 50]
bezier_pts: [578.0, 312.0, 599.38, 323.61, 619.25, 333.0, 639.0, 348.0, 635.0, 361.0, 614.0, 353.67, 593.0, 346.33, 572.0, 339.0]
rec: MILL.....................
text_instance: 2
bbox: [464, 323, 196, 75]
bezier_pts: [467.0, 323.0, 530.34, 338.61, 596.97, 356.04, 659.0, 372.0, 654.0, 397.0, 590.67, 383.67, 527.33, 370.33, 464.0, 357.0]
rec: RECEPTIO.................
text_instance: 3
bbox: [500, 375, 70, 51]
bezier_pts: [512.0, 375.0, 531.0, 385.0, 550.0, 395.0, 569.0, 405.0, 569.0, 425.0, 545.07, 415.42, 522.61, 403.79, 500.0, 390.0]
rec: HOTEL....................
text_instance: 4
bbox: [586, 402, 64, 32]
bezier_pts: [586.0, 410.0, 601.67, 407.33, 617.33, 404.67, 633.0, 402.0, 649.0, 412.0, 629.59, 421.51, 609.4, 428.06, 588.0, 433.0]
rec: MOTEL....................
