text_instance: 0
bbox: [331, 349, 40, 19]
bezier_pts: [331.0, 349.0, 344.0, 349.0, 357.0, 349.0, 370.0, 349.0, 370.0, 367.0, 357.0, 367.0, 344.0, 367.0, 331.0, 367.0]
rec: UNDER....................
text_instance: 1
bbox: [360, 276, 49, 17]
bezier_pts: [360.0, 276.0, 376.0, 276.0, 392.0, 276.0, 408.0, 276.0, 408.0, 291.0, 392.0, 291.0, 376.0, 291.0, 360.0, 291.0]
rec: FARES....................
text_instance: 2
bbox: [325, 252, 46, 19]
bezier_pts: [325.0, 252.0, 340.0, 252.0, 355.0, 252.0, 370.0, 252.0, 370.0, 268.0, 354.65, 269.6, 340.56, 269.77, 325.0, 268.0]
rec: SPECIAL..................
text_instance: 3
bbox: [335, 298, 78, 42]
bezier_pts: [335.0, 298.0, 360.67, 298.0, 386.33, 298.0, 412.0, 298.0, 412.0, 338.0, 386.37, 338.41, 360.05, 339.9, 335.0, 338.0]
rec: 250......................
text_instance: 4
bbox: [374, 251, 38, 20]
bezier_pts: [374.0, 251.0, 386.33, 251.0, 398.67, 251.0, 411.0, 251.0, 411.0, 268.0, 398.75, 269.72, 386.19, 269.68, 374.0, 268.0]
rec: OFFER....................
text_instance: 5
bbox: [390, 347, 29, 17]
bezier_pts: [390.0, 347.0, 399.33, 347.0, 408.67, 347.0, 418.0, 347.0, 418.0, 362.0, 408.67, 362.0, 399.33, 362.0, 390.0, 362.0]
rec: FREE.....................
text_instance: 6
bbox: [331, 278, 23, 16]
bezier_pts: [331.0, 278.0, 338.33, 278.0, 345.67, 278.0, 353.0, 278.0, 353.0, 291.0, 345.77, 293.87, 338.35, 293.52, 331.0, 291.0]
rec: ALL......................
text_instance: 7
bbox: [373, 349, 15, 16]
bezier_pts: [373.0, 349.0, 377.67, 349.0, 382.33, 349.0, 387.0, 349.0, 387.0, 363.0, 382.5, 364.72, 377.4, 364.28, 373.0, 363.0]
rec: 5s.......................
text_instance: 8
bbox: [172, 374, 55, 24]
bezier_pts: [172.0, 374.0, 190.6, 373.36, 209.8, 374.49, 226.0, 385.0, 218.0, 397.0, 206.39, 376.94, 190.69, 383.09, 173.0, 386.0]
rec: Arrera...................
text_instance: 9
bbox: [153, 463, 55, 32]
bezier_pts: [156.0, 463.0, 168.28, 481.74, 186.76, 483.37, 204.0, 472.0, 207.0, 488.0, 188.89, 493.76, 169.78, 493.51, 153.0, 483.0]
rec: WHITBY...................
