text_instance: 0
bbox: [269, 367, 235, 140]
bezier_pts: [269.0, 410.0, 334.12, 355.27, 420.57, 364.58, 503.0, 371.0, 498.0, 440.0, 415.89, 403.11, 350.78, 467.56, 289.0, 506.0]
rec: shin.....................
text_instance: 1
bbox: [517, 384, 129, 118]
bezier_pts: [565.0, 384.0, 591.67, 404.0, 618.33, 424.0, 645.0, 444.0, 595.0, 501.0, 568.84, 482.92, 542.88, 464.05, 517.0, 444.0]
rec: ai.......................
text_instance: 2
bbox: [318, 897, 275, 79]
bezier_pts: [318.0, 897.0, 409.33, 902.0, 500.67, 907.0, 592.0, 912.0, 592.0, 975.0, 503.82, 973.63, 413.87, 972.38, 326.0, 968.0]
rec: Since....................
text_instance: 3
bbox: [343, 998, 233, 82]
bezier_pts: [343.0, 998.0, 419.25, 1001.87, 500.95, 999.03, 575.0, 1007.0, 564.0, 1079.0, 491.76, 1076.94, 420.75, 1075.12, 349.0, 1070.0]
rec: 1930.....................
