text_instance: 0
bbox: [276, 365, 260, 47]
bezier_pts: [276.0, 365.0, 359.72, 379.03, 451.38, 371.92, 535.0, 365.0, 535.0, 411.0, 448.67, 411.0, 362.33, 411.0, 276.0, 411.0]
rec: CHEMICAL.................
text_instance: 1
bbox: [350, 323, 104, 45]
bezier_pts: [350.0, 323.0, 384.33, 323.0, 418.67, 323.0, 453.0, 323.0, 453.0, 367.0, 418.67, 367.0, 384.33, 367.0, 350.0, 367.0]
rec: DRY......................
text_instance: 2
bbox: [476, 474, 98, 25]
bezier_pts: [476.0, 474.0, 508.33, 474.0, 540.67, 474.0, 573.0, 474.0, 573.0, 497.0, 540.74, 497.41, 507.62, 498.92, 476.0, 497.0]
rec: PAPER....................
text_instance: 3
bbox: [409, 415, 97, 32]
bezier_pts: [409.0, 415.0, 441.0, 415.0, 473.0, 415.0, 505.0, 415.0, 505.0, 446.0, 473.0, 446.0, 441.0, 446.0, 409.0, 446.0]
rec: CLASS....................
text_instance: 4
bbox: [279, 473, 38, 27]
bezier_pts: [279.0, 473.0, 291.33, 473.0, 303.67, 473.0, 316.0, 473.0, 316.0, 498.0, 303.75, 498.65, 291.44, 498.64, 279.0, 498.0]
rec: BE.......................
text_instance: 5
bbox: [324, 474, 74, 25]
bezier_pts: [324.0, 474.0, 348.33, 474.0, 372.67, 474.0, 397.0, 474.0, 397.0, 497.0, 373.08, 498.78, 348.27, 498.52, 324.0, 497.0]
rec: USED.....................
text_instance: 6
bbox: [234, 470, 38, 28]
bezier_pts: [234.0, 470.0, 246.33, 470.0, 258.67, 470.0, 271.0, 470.0, 271.0, 496.0, 258.67, 496.0, 246.33, 496.0, 234.0, 496.0]
rec: TO.......................
text_instance: 7
bbox: [303, 417, 50, 31]
bezier_pts: [303.0, 417.0, 319.33, 417.0, 335.67, 417.0, 352.0, 417.0, 352.0, 447.0, 335.67, 447.0, 319.33, 447.0, 303.0, 447.0]
rec: AB.......................
text_instance: 8
bbox: [408, 472, 58, 28]
bezier_pts: [408.0, 472.0, 427.0, 472.0, 446.0, 472.0, 465.0, 472.0, 465.0, 498.0, 446.41, 499.36, 427.35, 499.68, 408.0, 498.0]
rec: FOR......................
text_instance: 9
bbox: [360, 417, 44, 34]
bezier_pts: [360.0, 417.0, 374.33, 417.0, 388.67, 417.0, 403.0, 417.0, 403.0, 450.0, 388.67, 450.0, 374.33, 450.0, 360.0, 450.0]
rec: E........................
text_instance: 10
bbox: [256, 267, 68, 60]
bezier_pts: [256.0, 311.0, 268.28, 292.53, 290.15, 280.12, 307.0, 267.0, 323.0, 293.0, 308.0, 304.0, 293.0, 315.0, 278.0, 326.0]
rec: THIS.....................
text_instance: 11
bbox: [322, 246, 226, 77]
bezier_pts: [322.0, 259.0, 399.55, 229.43, 475.92, 250.27, 547.0, 287.0, 520.0, 322.0, 465.26, 270.45, 396.61, 268.0, 331.0, 286.0]
rec: EXTINGUISHER.............
