text_instance: 0
bbox: [209, 263, 87, 37]
bezier_pts: [209.0, 263.0, 237.67, 263.0, 266.33, 263.0, 295.0, 263.0, 295.0, 299.0, 266.33, 299.0, 237.67, 299.0, 209.0, 299.0]
rec: 2018.....................
text_instance: 1
bbox: [134, 266, 58, 36]
bezier_pts: [134.0, 266.0, 153.0, 266.0, 172.0, 266.0, 191.0, 266.0, 191.0, 301.0, 172.0, 301.0, 153.0, 301.0, 134.0, 301.0]
rec: 01.......................
text_instance: 2
bbox: [71, 265, 121, 44]
bezier_pts: [71.0, 265.0, 111.0, 265.0, 151.0, 265.0, 191.0, 265.0, 191.0, 308.0, 151.0, 308.0, 111.0, 308.0, 71.0, 308.0]
rec: 21.......................
text_instance: 3
bbox: [68, 299, 232, 51]
bezier_pts: [68.0, 309.0, 145.0, 305.67, 222.0, 302.33, 299.0, 299.0, 298.0, 331.0, 221.41, 337.79, 146.5, 343.83, 72.0, 349.0]
rec: 620300573p...............
text_instance: 4
bbox: [339, 251, 126, 44]
bezier_pts: [339.0, 261.0, 378.33, 257.67, 417.67, 254.33, 457.0, 251.0, 464.0, 288.0, 422.67, 290.0, 381.33, 292.0, 340.0, 294.0]
rec: 1612.....................
text_instance: 5
bbox: [384, 237, 327, 159]
bezier_pts: [384.0, 354.0, 469.44, 260.95, 586.66, 226.7, 710.0, 237.0, 703.0, 285.0, 592.44, 248.72, 487.65, 317.17, 417.0, 395.0]
rec: Creamylicious............
