text_instance: 0
bbox: [285, 201, 101, 34]
bezier_pts: [285.0, 201.0, 318.33, 201.0, 351.67, 201.0, 385.0, 201.0, 385.0, 231.0, 351.62, 232.62, 318.26, 232.62, 285.0, 231.0]
rec: DATANG...................
text_instance: 1
bbox: [164, 203, 72, 33]
bezier_pts: [164.0, 203.0, 187.67, 203.0, 211.33, 203.0, 235.0, 203.0, 235.0, 233.0, 210.98, 235.59, 187.99, 234.93, 164.0, 233.0]
rec: AMAT.....................
text_instance: 2
bbox: [126, 34, 72, 45]
bezier_pts: [126.0, 49.0, 148.6, 39.97, 172.26, 36.77, 196.0, 34.0, 197.0, 63.0, 176.33, 68.0, 155.67, 73.0, 135.0, 78.0]
rec: PUSAT....................
text_instance: 3
bbox: [202, 33, 52, 30]
bezier_pts: [202.0, 34.0, 219.0, 33.67, 236.0, 33.33, 253.0, 33.0, 252.0, 58.0, 237.59, 61.15, 222.3, 61.06, 207.0, 62.0]
rec: IKAN.....................
text_instance: 4
bbox: [260, 31, 78, 36]
bezier_pts: [260.0, 31.0, 284.89, 32.68, 311.89, 32.4, 337.0, 37.0, 332.0, 66.0, 308.33, 64.33, 284.67, 62.67, 261.0, 61.0]
rec: HIASAN...................
text_instance: 5
bbox: [341, 36, 55, 41]
bezier_pts: [346.0, 36.0, 362.33, 39.0, 378.67, 42.0, 395.0, 45.0, 392.0, 76.0, 374.91, 73.34, 356.97, 69.66, 341.0, 64.0]
rec: PORT.....................
text_instance: 6
bbox: [399, 46, 93, 59]
bezier_pts: [404.0, 46.0, 434.94, 51.41, 465.07, 61.76, 491.0, 78.0, 478.0, 104.0, 451.67, 94.33, 425.33, 84.67, 399.0, 75.0]
rec: DICKSON..................
