text_instance: 0
bbox: [114, 165, 217, 86]
bezier_pts: [114.0, 221.0, 176.43, 130.62, 272.32, 150.51, 330.0, 226.0, 299.0, 250.0, 255.2, 180.15, 191.31, 191.04, 144.0, 247.0]
rec: KOLIND...................
text_instance: 1
bbox: [100, 328, 245, 104]
bezier_pts: [131.0, 328.0, 180.16, 417.52, 265.48, 423.51, 319.0, 333.0, 344.0, 348.0, 286.65, 474.48, 165.54, 460.27, 100.0, 347.0]
rec: KORESKOLE................
text_instance: 2
bbox: [618, 574, 110, 42]
bezier_pts: [621.0, 580.0, 655.33, 578.0, 689.67, 576.0, 724.0, 574.0, 727.0, 607.0, 690.67, 609.67, 654.33, 612.33, 618.0, 615.0]
rec: Koreskole................
