text_instance: 0
bbox: [250, 233, 944, 272]
bezier_pts: [250.0, 402.0, 538.51, 171.69, 893.8, 163.45, 1193.0, 395.0, 1119.0, 497.0, 863.32, 309.51, 558.77, 319.0, 326.0, 504.0]
rec: MAPLES...................
text_instance: 1
bbox: [391, 478, 146, 69]
bezier_pts: [391.0, 478.0, 436.0, 478.0, 481.0, 478.0, 526.0, 478.0, 536.0, 544.0, 488.0, 544.33, 440.0, 544.67, 392.0, 545.0]
rec: EST......................
text_instance: 2
bbox: [889, 478, 176, 70]
bezier_pts: [889.0, 483.0, 948.27, 476.95, 1004.65, 480.37, 1064.0, 478.0, 1063.0, 544.0, 1008.67, 546.71, 952.77, 545.87, 899.0, 545.0]
rec: 2011.....................
text_instance: 3
bbox: [268, 534, 905, 260]
bezier_pts: [336.0, 534.0, 563.1, 708.97, 872.81, 710.98, 1105.0, 543.0, 1172.0, 655.0, 877.57, 841.76, 548.55, 850.67, 268.0, 636.0]
rec: TAVERN...................
