text_instance: 0
bbox: [214, 99, 68, 38]
bezier_pts: [214.0, 99.0, 236.77, 101.09, 257.93, 99.42, 281.0, 105.0, 281.0, 135.0, 259.67, 135.33, 238.33, 135.67, 217.0, 136.0]
rec: THE......................
text_instance: 1
bbox: [109, 167, 265, 149]
bezier_pts: [109.0, 236.0, 187.87, 146.23, 298.34, 136.41, 373.0, 232.0, 367.0, 296.0, 283.48, 216.47, 197.04, 255.17, 119.0, 315.0]
rec: CURIOSITY................
text_instance: 2
bbox: [146, 285, 204, 114]
bezier_pts: [146.0, 311.0, 208.58, 295.3, 276.59, 292.46, 343.0, 285.0, 349.0, 365.0, 287.98, 369.17, 219.2, 369.86, 162.0, 398.0]
rec: SHOPPE...................
