text_instance: 0
bbox: [162, 80, 78, 65]
bezier_pts: [162.0, 110.0, 176.41, 85.02, 209.43, 90.05, 231.0, 80.0, 239.0, 97.0, 230.35, 125.62, 198.57, 131.31, 178.0, 144.0]
rec: Celine...................
text_instance: 1
bbox: [179, 309, 120, 40]
bezier_pts: [189.0, 309.0, 221.08, 328.91, 255.44, 328.55, 292.0, 316.0, 298.0, 342.0, 257.38, 348.31, 216.17, 354.35, 179.0, 329.0]
rec: CELINE...................
text_instance: 2
bbox: [302, 255, 75, 80]
bezier_pts: [302.0, 315.0, 325.34, 298.22, 341.97, 279.56, 354.0, 255.0, 376.0, 266.0, 361.38, 295.18, 339.17, 315.02, 315.0, 334.0]
rec: DION.....................
