text_instance: 0
bbox: [61, 377, 90, 159]
bezier_pts: [61.0, 533.0, 65.7, 477.16, 67.75, 413.19, 119.0, 377.0, 150.0, 400.0, 115.65, 435.5, 94.0, 481.69, 101.0, 535.0]
rec: GRACE....................
text_instance: 1
bbox: [136, 303, 141, 84]
bezier_pts: [136.0, 359.0, 173.08, 316.99, 221.68, 306.38, 273.0, 303.0, 276.0, 339.0, 233.05, 337.22, 191.7, 360.33, 161.0, 386.0]
rec: PLACE....................
text_instance: 2
bbox: [295, 301, 162, 111]
bezier_pts: [297.0, 301.0, 359.6, 302.45, 414.52, 331.15, 456.0, 380.0, 434.0, 411.0, 399.27, 367.65, 349.52, 342.28, 295.0, 340.0]
rec: COFFEE...................
