text_instance: 0
bbox: [301, 9, 56, 17]
bezier_pts: [301.0, 9.0, 319.33, 9.0, 337.67, 9.0, 356.0, 9.0, 356.0, 23.0, 337.95, 25.7, 319.58, 25.75, 301.0, 23.0]
rec: PENALTY..................
text_instance: 1
bbox: [242, 10, 57, 16]
bezier_pts: [242.0, 10.0, 260.67, 10.0, 279.33, 10.0, 298.0, 10.0, 298.0, 25.0, 279.33, 25.0, 260.67, 25.0, 242.0, 25.0]
rec: MAXIMUM..................
text_instance: 2
bbox: [361, 10, 38, 16]
bezier_pts: [361.0, 10.0, 373.33, 10.0, 385.67, 10.0, 398.0, 10.0, 398.0, 23.0, 385.46, 23.5, 373.38, 23.47, 361.0, 23.0]
rec: 5000.....................
text_instance: 3
bbox: [191, 182, 41, 47]
bezier_pts: [191.0, 222.0, 198.33, 208.67, 205.67, 195.33, 213.0, 182.0, 231.0, 194.0, 228.57, 205.72, 216.64, 214.87, 217.0, 228.0]
rec: CASE.....................
text_instance: 4
bbox: [238, 149, 37, 32]
bezier_pts: [238.0, 161.0, 249.57, 156.47, 259.43, 153.53, 271.0, 149.0, 274.0, 169.0, 265.33, 172.67, 256.67, 176.33, 248.0, 180.0]
rec: FIRE.....................
text_instance: 5
bbox: [301, 148, 39, 33]
bezier_pts: [306.0, 148.0, 317.0, 152.0, 328.0, 156.0, 339.0, 160.0, 330.0, 180.0, 320.33, 176.67, 310.67, 173.33, 301.0, 170.0]
rec: NOT......................
text_instance: 6
bbox: [328, 163, 39, 41]
bezier_pts: [343.0, 163.0, 352.46, 167.18, 359.6, 175.14, 366.0, 183.0, 353.0, 203.0, 344.67, 195.33, 336.33, 187.67, 328.0, 180.0]
rec: USE......................
text_instance: 7
bbox: [354, 185, 33, 42]
bezier_pts: [368.0, 185.0, 380.02, 189.76, 384.47, 207.33, 386.0, 218.0, 366.0, 226.0, 366.87, 226.91, 367.16, 207.87, 354.0, 203.0]
rec: THE......................
text_instance: 8
bbox: [365, 222, 26, 36]
bezier_pts: [386.0, 222.0, 386.16, 234.34, 392.42, 244.7, 389.0, 257.0, 369.0, 255.0, 371.59, 249.03, 368.68, 231.72, 365.0, 227.0]
rec: LIFT.....................
text_instance: 9
bbox: [194, 227, 23, 20]
bezier_pts: [194.0, 245.0, 194.76, 243.72, 195.51, 234.17, 197.0, 227.0, 214.0, 228.0, 214.24, 241.03, 212.78, 240.51, 216.0, 246.0]
rec: IN.......................
text_instance: 10
bbox: [216, 163, 31, 33]
bezier_pts: [216.0, 179.0, 223.18, 173.26, 229.52, 168.07, 237.0, 163.0, 246.0, 184.0, 240.67, 187.67, 235.33, 191.33, 230.0, 195.0]
rec: m........................
text_instance: 11
bbox: [275, 147, 30, 23]
bezier_pts: [275.0, 149.0, 284.7, 145.11, 295.09, 146.01, 304.0, 149.0, 304.0, 167.0, 295.0, 167.67, 286.0, 168.33, 277.0, 169.0]
rec: DO.......................
