text_instance: 0
bbox: [274, 119, 36, 21]
bezier_pts: [274.0, 119.0, 285.67, 119.0, 297.33, 119.0, 309.0, 119.0, 309.0, 139.0, 297.33, 139.0, 285.67, 139.0, 274.0, 139.0]
rec: EST......................
text_instance: 1
bbox: [311, 120, 59, 22]
bezier_pts: [311.0, 120.0, 330.33, 120.0, 349.67, 120.0, 369.0, 120.0, 369.0, 140.0, 349.86, 141.66, 329.97, 141.48, 311.0, 140.0]
rec: MMXIII...................
text_instance: 2
bbox: [81, 153, 236, 135]
bezier_pts: [81.0, 187.0, 159.27, 164.81, 232.35, 150.58, 316.0, 153.0, 311.0, 245.0, 247.33, 259.0, 183.67, 273.0, 120.0, 287.0]
rec: QUIET....................
text_instance: 3
bbox: [339, 155, 204, 118]
bezier_pts: [346.0, 155.0, 410.35, 159.63, 479.24, 152.52, 542.0, 187.0, 515.0, 272.0, 456.68, 262.74, 397.35, 252.4, 339.0, 242.0]
rec: FOLK.....................
text_instance: 4
bbox: [173, 305, 118, 35]
bezier_pts: [173.0, 306.0, 211.67, 305.67, 250.33, 305.33, 289.0, 305.0, 290.0, 336.0, 252.0, 337.0, 214.0, 338.0, 176.0, 339.0]
rec: COFFEE...................
text_instance: 5
bbox: [307, 305, 160, 38]
bezier_pts: [307.0, 305.0, 358.67, 305.33, 410.33, 305.67, 462.0, 306.0, 466.0, 341.0, 413.57, 342.63, 360.5, 340.89, 310.0, 339.0]
rec: ROASTERS.................
text_instance: 6
bbox: [261, 351, 80, 25]
bezier_pts: [261.0, 352.0, 287.33, 351.67, 313.67, 351.33, 340.0, 351.0, 340.0, 375.0, 315.14, 377.87, 289.4, 371.65, 264.0, 375.0]
rec: CARLTON..................
