text_instance: 0
bbox: [137, 66, 76, 72]
bezier_pts: [137.0, 126.0, 152.38, 103.02, 177.13, 87.54, 193.0, 66.0, 212.0, 85.0, 198.0, 102.33, 184.0, 119.67, 170.0, 137.0]
rec: THE......................
text_instance: 1
bbox: [214, 34, 70, 44]
bezier_pts: [214.0, 54.0, 233.63, 46.1, 256.34, 39.25, 277.0, 34.0, 283.0, 63.0, 260.95, 55.34, 245.16, 71.38, 227.0, 77.0]
rec: TIP......................
text_instance: 2
bbox: [361, 38, 136, 93]
bezier_pts: [373.0, 38.0, 420.33, 54.01, 468.02, 74.77, 496.0, 119.0, 471.0, 130.0, 447.29, 85.7, 405.97, 70.37, 361.0, 55.0]
rec: BORNEO...................
text_instance: 3
bbox: [169, 72, 83, 93]
bezier_pts: [169.0, 155.0, 178.47, 120.65, 209.84, 95.16, 234.0, 72.0, 251.0, 92.0, 217.59, 102.74, 199.8, 132.35, 195.0, 164.0]
rec: TANJUNG..................
text_instance: 4
bbox: [254, 56, 112, 30]
bezier_pts: [254.0, 67.0, 289.56, 55.27, 326.87, 52.86, 365.0, 61.0, 359.0, 78.0, 325.4, 65.69, 294.04, 72.89, 262.0, 85.0]
rec: SIMPANG..................
text_instance: 5
bbox: [370, 65, 112, 95]
bezier_pts: [380.0, 65.0, 420.66, 80.45, 459.42, 110.61, 481.0, 151.0, 460.0, 159.0, 441.93, 121.5, 413.81, 90.47, 370.0, 82.0]
rec: MENGAYAU.................
text_instance: 6
bbox: [299, 32, 50, 24]
bezier_pts: [300.0, 33.0, 316.0, 31.55, 332.0, 29.93, 348.0, 36.0, 346.0, 55.0, 330.33, 54.67, 314.67, 54.33, 299.0, 54.0]
rec: OF.......................
