text_instance: 0
bbox: [323, 272, 142, 49]
bezier_pts: [326.0, 272.0, 371.0, 276.33, 416.0, 280.67, 461.0, 285.0, 464.0, 320.0, 417.0, 316.67, 370.0, 313.33, 323.0, 310.0]
rec: MARKET...................
text_instance: 1
bbox: [461, 287, 137, 49]
bezier_pts: [470.0, 287.0, 512.33, 291.33, 554.67, 295.67, 597.0, 300.0, 596.0, 335.0, 551.0, 330.0, 506.0, 325.0, 461.0, 320.0]
rec: STREET...................
text_instance: 2
bbox: [599, 303, 171, 58]
bezier_pts: [599.0, 303.0, 653.67, 306.0, 708.33, 313.45, 763.0, 320.0, 769.0, 360.0, 712.33, 352.67, 655.67, 345.33, 599.0, 338.0]
rec: RAILWAYS.................
text_instance: 3
bbox: [311, 338, 126, 67]
bezier_pts: [311.0, 348.0, 352.62, 343.15, 392.71, 342.31, 436.0, 338.0, 428.0, 401.0, 390.33, 402.0, 352.67, 403.0, 315.0, 404.0]
rec: SAN......................
text_instance: 4
bbox: [445, 336, 323, 113]
bezier_pts: [446.0, 336.0, 551.23, 343.64, 663.57, 356.64, 767.0, 391.0, 763.0, 448.0, 657.0, 432.33, 551.0, 416.67, 445.0, 401.0]
rec: FRANCISCO................
text_instance: 5
bbox: [407, 415, 270, 79]
bezier_pts: [410.0, 415.0, 496.12, 422.89, 591.71, 432.67, 676.0, 442.0, 668.0, 493.0, 580.91, 485.51, 493.24, 475.69, 407.0, 463.0]
rec: RAILWAY..................
text_instance: 6
bbox: [299, 455, 481, 169]
bezier_pts: [311.0, 455.0, 465.13, 517.16, 614.23, 519.06, 779.0, 501.0, 778.0, 623.0, 618.67, 611.08, 458.4, 596.57, 299.0, 579.0]
rec: MUSEUM...................
text_instance: 7
bbox: [468, 643, 135, 42]
bezier_pts: [480.0, 643.0, 520.67, 646.67, 561.33, 650.33, 602.0, 654.0, 597.0, 684.0, 553.11, 684.46, 510.56, 682.29, 468.0, 677.0]
rec: AND......................
text_instance: 8
bbox: [292, 648, 230, 153]
bezier_pts: [304.0, 648.0, 376.33, 668.0, 448.67, 688.0, 521.0, 708.0, 512.0, 800.0, 438.96, 795.08, 364.87, 788.07, 292.0, 778.0]
rec: GIFT.....................
text_instance: 9
bbox: [530, 687, 241, 133]
bezier_pts: [540.0, 708.0, 615.67, 701.0, 691.33, 694.0, 767.0, 687.0, 770.0, 819.0, 690.0, 813.24, 610.0, 806.92, 530.0, 800.0]
rec: SHOP.....................
