text_instance: 0
bbox: [220, 166, 206, 146]
bezier_pts: [220.0, 237.0, 277.55, 202.78, 341.69, 178.49, 407.0, 166.0, 425.0, 247.0, 367.67, 268.33, 310.33, 289.67, 253.0, 311.0]
rec: 221b.....................
text_instance: 1
bbox: [430, 141, 256, 101]
bezier_pts: [430.0, 156.0, 515.84, 126.81, 599.06, 137.61, 685.0, 151.0, 682.0, 231.0, 602.67, 234.33, 523.33, 237.67, 444.0, 241.0]
rec: Baker....................
text_instance: 2
bbox: [694, 148, 259, 149]
bezier_pts: [711.0, 148.0, 795.36, 159.78, 880.21, 201.54, 952.0, 241.0, 928.0, 296.0, 850.0, 274.0, 772.0, 252.0, 694.0, 230.0]
rec: Street...................
text_instance: 3
bbox: [399, 476, 199, 72]
bezier_pts: [409.0, 476.0, 468.84, 482.55, 533.82, 485.12, 591.0, 501.0, 597.0, 545.0, 526.87, 543.8, 462.76, 566.34, 399.0, 524.0]
rec: Sherlock.................
text_instance: 4
bbox: [608, 481, 164, 66]
bezier_pts: [608.0, 502.0, 661.0, 495.0, 714.0, 488.0, 767.0, 481.0, 771.0, 513.0, 718.12, 526.89, 664.46, 537.99, 610.0, 546.0]
rec: Holmes...................
