text_instance: 0
bbox: [176, 96, 106, 30]
bezier_pts: [182.0, 96.0, 207.82, 117.81, 243.21, 119.23, 271.0, 101.0, 281.0, 115.0, 248.09, 131.48, 209.01, 121.45, 176.0, 117.0]
rec: TRADITIONAL..............
text_instance: 1
bbox: [164, 130, 127, 32]
bezier_pts: [164.0, 130.0, 204.33, 131.33, 244.67, 132.67, 285.0, 134.0, 290.0, 161.0, 251.99, 150.19, 208.06, 159.17, 169.0, 157.0]
rec: WRIGHTS..................
text_instance: 2
bbox: [173, 162, 38, 24]
bezier_pts: [173.0, 167.0, 184.67, 165.33, 196.33, 163.67, 208.0, 162.0, 210.0, 179.0, 199.55, 182.8, 189.11, 184.73, 178.0, 185.0]
rec: FISH.....................
text_instance: 3
bbox: [228, 167, 44, 25]
bezier_pts: [228.0, 180.0, 241.81, 174.35, 256.25, 171.18, 271.0, 167.0, 270.0, 179.0, 256.33, 183.0, 242.67, 187.0, 229.0, 191.0]
rec: CHIPS....................
