text_instance: 0
bbox: [357, 22, 776, 329]
bezier_pts: [357.0, 296.0, 560.25, -21.4, 860.14, -78.98, 1132.0, 198.0, 1021.0, 292.0, 826.61, 50.95, 614.12, 146.34, 448.0, 350.0]
rec: STUDIO...................
text_instance: 1
bbox: [600, 449, 365, 98]
bezier_pts: [622.0, 480.0, 736.0, 469.67, 850.0, 459.33, 964.0, 449.0, 957.0, 513.0, 838.13, 526.99, 718.87, 538.02, 600.0, 546.0]
rec: Minutes..................
text_instance: 2
bbox: [344, 498, 370, 325]
bezier_pts: [458.0, 498.0, 499.28, 609.53, 607.61, 664.3, 713.0, 704.0, 682.0, 822.0, 520.97, 821.04, 413.63, 683.11, 344.0, 564.0]
rec: PASS.....................
text_instance: 3
bbox: [769, 429, 414, 389]
bezier_pts: [769.0, 693.0, 916.86, 679.91, 1010.38, 548.42, 1076.0, 429.0, 1182.0, 515.0, 1117.82, 690.98, 988.5, 832.74, 783.0, 817.0]
rec: PORT.....................
text_instance: 4
bbox: [563, 230, 253, 226]
bezier_pts: [563.0, 271.0, 640.15, 240.95, 730.42, 223.06, 815.0, 232.0, 811.0, 404.0, 730.33, 421.0, 649.67, 438.0, 569.0, 455.0]
rec: 10.......................
