text_instance: 0
bbox: [219, 101, 67, 23]
bezier_pts: [219.0, 111.0, 239.33, 107.67, 259.67, 104.33, 280.0, 101.0, 285.0, 116.0, 265.67, 118.33, 246.33, 120.67, 227.0, 123.0]
rec: FORCE....................
text_instance: 1
bbox: [285, 100, 70, 23]
bezier_pts: [285.0, 100.0, 307.23, 100.46, 331.53, 104.96, 354.0, 107.0, 353.0, 122.0, 330.67, 119.67, 308.33, 117.33, 286.0, 115.0]
rec: SCHOOL...................
text_instance: 2
bbox: [356, 105, 87, 48]
bezier_pts: [358.0, 105.0, 388.83, 114.16, 413.06, 126.2, 442.0, 140.0, 431.0, 152.0, 406.0, 141.33, 381.0, 130.67, 356.0, 120.0]
rec: BERGUMPET................
text_instance: 3
bbox: [195, 115, 32, 23]
bezier_pts: [195.0, 127.0, 202.57, 121.53, 212.37, 119.52, 221.0, 115.0, 226.0, 124.0, 217.0, 128.33, 208.0, 132.67, 199.0, 137.0]
rec: AIR......................
