text_instance: 0
bbox: [252, 475, 183, 34]
bezier_pts: [252.0, 475.0, 312.67, 475.0, 373.33, 475.0, 434.0, 475.0, 434.0, 508.0, 373.33, 508.0, 312.67, 508.0, 252.0, 508.0]
rec: SANDWICH.................
text_instance: 1
bbox: [292, 521, 97, 38]
bezier_pts: [292.0, 521.0, 324.0, 521.0, 356.0, 521.0, 388.0, 521.0, 388.0, 557.0, 356.0, 557.0, 324.0, 557.0, 292.0, 557.0]
rec: SHOP.....................
text_instance: 2
bbox: [95, 247, 236, 128]
bezier_pts: [95.0, 328.0, 158.98, 268.07, 243.21, 241.2, 330.0, 247.0, 330.0, 307.0, 256.88, 297.2, 193.17, 334.06, 135.0, 374.0]
rec: TINYS....................
text_instance: 3
bbox: [364, 247, 224, 132]
bezier_pts: [368.0, 247.0, 448.14, 251.76, 521.92, 277.29, 587.0, 330.0, 550.0, 378.0, 498.5, 333.66, 429.53, 309.57, 364.0, 306.0]
rec: GIANT....................
