text_instance: 0
bbox: [1, 139, 55, 37]
bezier_pts: [1.0, 160.0, 15.52, 150.51, 31.52, 144.2, 49.0, 139.0, 55.0, 152.0, 46.2, 175.01, 21.11, 171.06, 4.0, 175.0]
rec: THRILLAH.................
text_instance: 1
bbox: [124, 152, 70, 43]
bezier_pts: [124.0, 177.0, 139.69, 161.78, 162.58, 154.56, 184.0, 152.0, 193.0, 168.0, 179.29, 187.53, 155.54, 189.61, 135.0, 194.0]
rec: Risk.....................
text_instance: 2
bbox: [63, 279, 200, 121]
bezier_pts: [63.0, 306.0, 115.8, 272.79, 176.31, 277.03, 235.0, 284.0, 262.0, 388.0, 207.57, 362.48, 150.79, 360.32, 105.0, 399.0]
rec: PIPE.....................
text_instance: 3
bbox: [256, 292, 354, 147]
bezier_pts: [256.0, 292.0, 365.48, 305.62, 467.09, 396.29, 584.0, 325.0, 609.0, 391.0, 500.13, 482.62, 388.79, 421.29, 275.0, 399.0]
rec: DREAMS...................
text_instance: 4
bbox: [181, 416, 68, 44]
bezier_pts: [181.0, 436.0, 197.24, 424.21, 218.14, 419.63, 238.0, 416.0, 248.0, 441.0, 228.67, 447.0, 209.33, 453.0, 190.0, 459.0]
rec: SAN......................
text_instance: 5
bbox: [158, 439, 155, 61]
bezier_pts: [158.0, 483.0, 201.15, 446.89, 250.43, 438.03, 305.0, 439.0, 312.0, 467.0, 262.73, 464.01, 215.05, 482.36, 170.0, 499.0]
rec: FRANCISCOS...............
