text_instance: 0
bbox: [169, 76, 217, 65]
bezier_pts: [175.0, 77.0, 245.0, 76.67, 315.0, 76.33, 385.0, 76.0, 385.0, 133.0, 316.48, 143.99, 242.11, 140.95, 169.0, 138.0]
rec: SOCONY...................
text_instance: 1
bbox: [198, 150, 166, 35]
bezier_pts: [198.0, 150.0, 253.0, 150.67, 308.0, 151.33, 363.0, 152.0, 362.0, 182.0, 308.67, 183.5, 255.33, 183.85, 202.0, 183.0]
rec: GASOLINE.................
text_instance: 2
bbox: [199, 189, 106, 34]
bezier_pts: [199.0, 189.0, 233.0, 189.67, 267.0, 190.33, 301.0, 191.0, 304.0, 218.0, 269.52, 221.96, 235.29, 222.6, 200.0, 222.0]
rec: MOTRO....................
text_instance: 3
bbox: [318, 191, 45, 33]
bezier_pts: [318.0, 191.0, 332.67, 191.33, 347.33, 191.67, 362.0, 192.0, 362.0, 223.0, 348.33, 222.33, 334.67, 221.67, 321.0, 221.0]
rec: OIL......................
text_instance: 4
bbox: [178, 246, 117, 24]
bezier_pts: [178.0, 246.0, 216.67, 246.67, 255.33, 247.33, 294.0, 248.0, 294.0, 266.0, 255.33, 267.0, 216.67, 268.0, 178.0, 269.0]
rec: STANDARD.................
text_instance: 5
bbox: [307, 247, 40, 20]
bezier_pts: [307.0, 247.0, 320.0, 247.67, 333.0, 248.33, 346.0, 249.0, 346.0, 266.0, 333.67, 265.33, 321.33, 264.67, 309.0, 264.0]
rec: OIL......................
text_instance: 6
bbox: [237, 278, 56, 21]
bezier_pts: [246.0, 278.0, 261.33, 278.67, 276.67, 279.33, 292.0, 280.0, 292.0, 298.0, 272.88, 298.36, 255.38, 297.38, 237.0, 294.0]
rec: NEW......................
text_instance: 7
bbox: [298, 265, 65, 34]
bezier_pts: [298.0, 279.0, 315.33, 274.33, 332.67, 269.67, 350.0, 265.0, 362.0, 281.0, 345.11, 290.96, 323.64, 296.32, 304.0, 298.0]
rec: YORK.....................
text_instance: 8
bbox: [355, 247, 36, 21]
bezier_pts: [355.0, 247.0, 366.67, 247.67, 378.33, 248.33, 390.0, 249.0, 390.0, 267.0, 378.25, 267.11, 366.87, 267.54, 355.0, 265.0]
rec: CO.......................
text_instance: 9
bbox: [204, 267, 37, 27]
bezier_pts: [214.0, 267.0, 222.67, 270.33, 231.33, 273.67, 240.0, 277.0, 233.0, 293.0, 223.21, 289.66, 213.83, 285.08, 204.0, 281.0]
rec: OF.......................
