text_instance: 0
bbox: [91, 47, 95, 77]
bezier_pts: [91.0, 107.0, 120.1, 85.54, 143.25, 56.3, 180.0, 47.0, 185.0, 65.0, 153.65, 76.35, 130.17, 97.07, 109.0, 123.0]
rec: Miles....................
text_instance: 1
bbox: [191, 40, 91, 48]
bezier_pts: [196.0, 40.0, 226.12, 41.22, 262.13, 32.77, 281.0, 69.0, 261.0, 87.0, 245.84, 59.69, 217.52, 62.07, 191.0, 58.0]
rec: Better...................
text_instance: 2
bbox: [152, 79, 62, 31]
bezier_pts: [152.0, 92.0, 172.33, 87.67, 192.67, 83.33, 213.0, 79.0, 212.0, 95.0, 193.51, 105.19, 172.86, 110.42, 152.0, 109.0]
rec: THE......................
text_instance: 3
bbox: [41, 86, 255, 98]
bezier_pts: [44.0, 145.0, 127.67, 125.33, 211.33, 105.67, 295.0, 86.0, 283.0, 137.0, 203.14, 153.65, 121.5, 170.08, 41.0, 183.0]
rec: TAXI.....................
text_instance: 4
bbox: [93, 165, 118, 42]
bezier_pts: [93.0, 187.0, 132.0, 179.67, 171.0, 172.33, 210.0, 165.0, 206.0, 183.0, 171.1, 192.74, 135.41, 199.52, 101.0, 206.0]
rec: CENTRE...................
text_instance: 5
bbox: [63, 195, 65, 62]
bezier_pts: [85.0, 195.0, 92.27, 214.39, 107.97, 225.36, 127.0, 233.0, 118.0, 256.0, 95.58, 248.97, 76.49, 235.64, 63.0, 215.0]
rec: Miles....................
text_instance: 6
bbox: [130, 172, 133, 83]
bezier_pts: [130.0, 227.0, 179.14, 228.97, 215.15, 203.23, 247.0, 172.0, 262.0, 185.0, 232.71, 232.53, 182.46, 248.88, 130.0, 254.0]
rec: Cheaper..................
