text_instance: 0
bbox: [151, 132, 624, 305]
bezier_pts: [151.0, 373.0, 345.56, 109.92, 612.78, 140.69, 774.0, 419.0, 687.0, 436.0, 595.96, 168.28, 373.01, 142.2, 250.0, 405.0]
rec: PERANAKAN................
text_instance: 1
bbox: [179, 615, 594, 81]
bezier_pts: [179.0, 615.0, 374.6, 614.73, 570.68, 615.82, 766.0, 633.0, 772.0, 693.0, 575.0, 691.33, 378.0, 689.67, 181.0, 688.0]
rec: PLACE....................
text_instance: 2
bbox: [148, 699, 283, 60]
bezier_pts: [150.0, 699.0, 241.33, 701.0, 332.67, 703.0, 424.0, 705.0, 430.0, 757.0, 336.11, 756.78, 241.15, 757.42, 148.0, 755.0]
rec: authentic................
text_instance: 3
bbox: [439, 718, 199, 56]
bezier_pts: [439.0, 718.0, 503.33, 718.33, 567.67, 718.67, 632.0, 719.0, 637.0, 772.0, 573.25, 773.15, 508.66, 771.91, 442.0, 769.0]
rec: nyonya...................
text_instance: 4
bbox: [653, 708, 163, 54]
bezier_pts: [653.0, 708.0, 705.67, 708.67, 758.33, 709.33, 811.0, 710.0, 815.0, 761.0, 761.0, 760.0, 707.0, 759.0, 653.0, 758.0]
rec: cuisine..................
text_instance: 5
bbox: [495, 911, 179, 38]
bezier_pts: [495.0, 914.0, 552.67, 913.0, 610.33, 912.0, 668.0, 911.0, 673.0, 945.0, 614.67, 946.0, 556.33, 947.0, 498.0, 948.0]
rec: PERANAKANPLACE...........
