text_instance: 0
bbox: [136, 18, 132, 51]
bezier_pts: [136.0, 48.0, 177.2, 30.07, 218.41, 20.14, 265.0, 18.0, 267.0, 36.0, 226.0, 46.67, 185.0, 57.33, 144.0, 68.0]
rec: WELCOME..................
text_instance: 1
bbox: [323, 12, 51, 23]
bezier_pts: [323.0, 12.0, 339.33, 12.0, 355.67, 12.0, 372.0, 12.0, 373.0, 34.0, 356.33, 33.0, 339.67, 32.0, 323.0, 31.0]
rec: THE......................
text_instance: 2
bbox: [384, 16, 60, 27]
bezier_pts: [384.0, 16.0, 404.32, 18.75, 423.16, 21.06, 443.0, 24.0, 440.0, 42.0, 421.29, 42.42, 402.03, 39.35, 384.0, 36.0]
rec: CITY.....................
text_instance: 3
bbox: [134, 67, 359, 81]
bezier_pts: [134.0, 71.0, 252.67, 69.67, 371.33, 68.33, 490.0, 67.0, 492.0, 147.0, 373.33, 147.0, 254.67, 147.0, 136.0, 147.0]
rec: GLYNDON..................
text_instance: 4
bbox: [275, 14, 38, 21]
bezier_pts: [276.0, 17.0, 288.2, 15.69, 298.56, 13.33, 311.0, 14.0, 312.0, 31.0, 299.69, 33.37, 287.52, 34.13, 275.0, 33.0]
rec: TO.......................
text_instance: 5
bbox: [452, 26, 38, 29]
bezier_pts: [454.0, 26.0, 465.67, 29.0, 477.33, 32.0, 489.0, 35.0, 488.0, 54.0, 476.0, 51.67, 464.0, 49.33, 452.0, 47.0]
rec: OF.......................
