text_instance: 0
bbox: [79, 165, 183, 74]
bezier_pts: [79.0, 204.0, 139.0, 191.0, 199.0, 178.0, 259.0, 165.0, 261.0, 198.0, 203.51, 212.97, 144.88, 226.35, 86.0, 238.0]
rec: SANDWICH.................
text_instance: 1
bbox: [269, 148, 71, 50]
bezier_pts: [269.0, 161.0, 292.33, 156.67, 315.67, 152.33, 339.0, 148.0, 338.0, 182.0, 316.0, 187.0, 294.0, 192.0, 272.0, 197.0]
rec: BAR......................
text_instance: 2
bbox: [151, 213, 123, 60]
bezier_pts: [160.0, 236.0, 196.12, 263.75, 238.29, 253.4, 258.0, 213.0, 273.0, 224.0, 247.7, 273.31, 195.97, 289.73, 151.0, 253.0]
rec: EXPRESS..................
text_instance: 3
bbox: [31, 395, 77, 18]
bezier_pts: [31.0, 400.0, 56.32, 395.52, 81.79, 397.09, 107.0, 395.0, 106.0, 407.0, 82.16, 411.28, 58.03, 412.53, 34.0, 411.0]
rec: CATERING.................
text_instance: 4
bbox: [109, 391, 76, 20]
bezier_pts: [109.0, 395.0, 133.67, 393.67, 158.33, 392.33, 183.0, 391.0, 184.0, 404.0, 159.55, 408.58, 134.45, 410.13, 109.0, 409.0]
rec: AVAILABLE................
text_instance: 5
bbox: [38, 413, 33, 17]
bezier_pts: [38.0, 414.0, 48.33, 413.67, 58.67, 413.33, 69.0, 413.0, 70.0, 427.0, 60.33, 427.67, 50.67, 428.33, 41.0, 429.0]
rec: FOR......................
text_instance: 6
bbox: [70, 409, 30, 17]
bezier_pts: [71.0, 411.0, 79.33, 410.33, 87.67, 409.67, 96.0, 409.0, 99.0, 422.0, 89.7, 425.37, 79.73, 425.8, 70.0, 424.0]
rec: ALL......................
text_instance: 7
bbox: [102, 408, 79, 16]
bezier_pts: [102.0, 412.0, 127.2, 411.68, 153.12, 406.82, 180.0, 408.0, 180.0, 418.0, 155.01, 420.93, 128.52, 421.6, 103.0, 423.0]
rec: OCCASIONS................
