text_instance: 0
bbox: [40, 148, 751, 312]
bezier_pts: [57.0, 156.0, 296.64, 150.09, 529.52, 149.37, 768.0, 148.0, 790.0, 447.0, 539.05, 453.24, 288.04, 456.71, 40.0, 459.0]
rec: OCRTIS...................
text_instance: 1
bbox: [274, 490, 133, 73]
bezier_pts: [288.0, 490.0, 327.33, 500.67, 366.67, 511.33, 406.0, 522.0, 405.0, 562.0, 360.58, 554.8, 317.38, 544.92, 274.0, 532.0]
rec: KIDS.....................
text_instance: 2
bbox: [423, 481, 163, 78]
bezier_pts: [423.0, 520.0, 471.52, 521.03, 523.11, 511.85, 562.0, 481.0, 585.0, 522.0, 535.59, 542.89, 480.6, 563.86, 424.0, 558.0]
rec: STORE....................
