text_instance: 0
bbox: [98, 247, 86, 32]
bezier_pts: [98.0, 258.0, 126.59, 243.32, 160.14, 242.05, 183.0, 265.0, 178.0, 278.0, 155.29, 263.55, 126.82, 261.81, 104.0, 275.0]
rec: ORGANIC..................
text_instance: 1
bbox: [112, 294, 56, 27]
bezier_pts: [112.0, 294.0, 130.33, 294.0, 148.67, 294.0, 167.0, 294.0, 167.0, 320.0, 150.0, 319.33, 133.0, 318.67, 116.0, 318.0]
rec: MINI.....................
text_instance: 2
bbox: [79, 317, 42, 28]
bezier_pts: [80.0, 317.0, 93.33, 318.67, 106.67, 320.33, 120.0, 322.0, 120.0, 344.0, 106.22, 343.14, 92.54, 341.96, 79.0, 340.0]
rec: TEA......................
text_instance: 3
bbox: [124, 324, 92, 29]
bezier_pts: [124.0, 324.0, 152.23, 328.76, 184.69, 328.34, 213.0, 335.0, 215.0, 352.0, 184.71, 351.25, 154.3, 347.83, 124.0, 342.0]
rec: FACTORY..................
