text_instance: 0
bbox: [109, 248, 156, 51]
bezier_pts: [109.0, 248.0, 160.67, 248.0, 212.33, 248.0, 264.0, 248.0, 264.0, 297.0, 212.2, 297.0, 159.45, 297.32, 109.0, 297.0]
rec: When.....................
text_instance: 1
bbox: [365, 312, 190, 65]
bezier_pts: [365.0, 312.0, 428.0, 312.0, 491.0, 312.0, 554.0, 312.0, 554.0, 375.0, 491.0, 375.0, 428.0, 375.0, 365.0, 375.0]
rec: anythin..................
text_instance: 2
bbox: [384, 248, 155, 49]
bezier_pts: [384.0, 248.0, 435.33, 248.0, 486.67, 248.0, 538.0, 248.0, 538.0, 296.0, 486.67, 296.0, 435.33, 296.0, 384.0, 296.0]
rec: leave....................
text_instance: 3
bbox: [244, 376, 93, 46]
bezier_pts: [244.0, 376.0, 274.67, 376.0, 305.33, 376.0, 336.0, 376.0, 336.0, 419.0, 305.05, 420.9, 274.42, 420.66, 244.0, 419.0]
rec: with.....................
text_instance: 4
bbox: [278, 258, 98, 44]
bezier_pts: [278.0, 258.0, 310.33, 258.0, 342.67, 258.0, 375.0, 258.0, 375.0, 300.0, 342.67, 300.0, 310.33, 300.0, 278.0, 300.0]
rec: you......................
text_instance: 5
bbox: [137, 322, 103, 44]
bezier_pts: [137.0, 322.0, 171.0, 322.0, 205.0, 322.0, 239.0, 322.0, 239.0, 364.0, 205.0, 364.0, 171.0, 364.0, 137.0, 364.0]
rec: Dont.....................
text_instance: 6
bbox: [345, 388, 89, 40]
bezier_pts: [345.0, 388.0, 374.33, 388.0, 403.67, 388.0, 433.0, 388.0, 433.0, 427.0, 403.67, 427.0, 374.33, 427.0, 345.0, 427.0]
rec: you......................
text_instance: 7
bbox: [259, 317, 95, 52]
bezier_pts: [259.0, 317.0, 290.33, 317.0, 321.67, 317.0, 353.0, 317.0, 353.0, 368.0, 321.67, 368.0, 290.33, 368.0, 259.0, 368.0]
rec: take.....................
text_instance: 8
bbox: [301, 67, 86, 35]
bezier_pts: [301.0, 91.0, 327.54, 57.37, 361.2, 57.37, 386.0, 91.0, 373.0, 101.0, 356.22, 78.43, 331.96, 80.4, 314.0, 100.0]
rec: VACANT...................
