text_instance: 0
bbox: [452, 326, 403, 268]
bezier_pts: [452.0, 386.0, 570.07, 318.8, 701.83, 421.57, 812.0, 326.0, 854.0, 536.0, 742.53, 557.93, 630.13, 577.0, 518.0, 593.0]
rec: Le.......................
text_instance: 1
bbox: [934, 281, 1108, 248]
bezier_pts: [934.0, 290.0, 1313.23, 335.79, 1664.5, 227.05, 2041.0, 326.0, 2007.0, 478.0, 1658.33, 494.67, 1309.67, 511.33, 961.0, 528.0]
rec: Grenier..................
text_instance: 2
bbox: [2096, 335, 211, 178]
bezier_pts: [2126.0, 335.0, 2188.2, 339.38, 2248.79, 341.48, 2306.0, 362.0, 2288.0, 512.0, 2222.77, 504.14, 2159.41, 494.7, 2096.0, 482.0]
rec: a........................
text_instance: 3
bbox: [2366, 299, 632, 304]
bezier_pts: [2386.0, 299.0, 2594.62, 344.81, 2798.3, 389.31, 2997.0, 451.0, 2985.0, 602.0, 2778.67, 568.33, 2572.33, 534.67, 2366.0, 501.0]
rec: Pain.....................
