text_instance: 0
bbox: [147, 450, 450, 146]
bezier_pts: [147.0, 475.0, 294.82, 440.68, 449.83, 443.68, 596.0, 468.0, 568.0, 591.0, 436.71, 549.79, 308.82, 565.34, 179.0, 595.0]
rec: WELCOME..................
text_instance: 1
bbox: [264, 761, 74, 46]
bezier_pts: [264.0, 777.0, 287.81, 769.39, 311.84, 764.34, 336.0, 761.0, 337.0, 785.0, 317.0, 792.0, 297.0, 799.0, 277.0, 806.0]
rec: WE.......................
text_instance: 2
bbox: [353, 758, 87, 37]
bezier_pts: [356.0, 758.0, 383.67, 760.0, 411.33, 762.0, 439.0, 764.0, 434.0, 794.0, 407.0, 791.0, 380.0, 788.0, 353.0, 785.0]
rec: ARE......................
text_instance: 3
bbox: [236, 830, 244, 125]
bezier_pts: [236.0, 842.0, 315.66, 831.66, 389.36, 831.45, 471.0, 830.0, 479.0, 936.0, 400.0, 942.0, 321.0, 948.0, 242.0, 954.0]
rec: OPEN.....................
text_instance: 4
bbox: [277, 973, 88, 34]
bezier_pts: [277.0, 981.0, 304.0, 978.33, 331.0, 975.67, 358.0, 973.0, 364.0, 999.0, 336.33, 1001.33, 308.67, 1003.67, 281.0, 1006.0]
rec: MONDAY...................
text_instance: 5
bbox: [375, 967, 80, 35]
bezier_pts: [375.0, 976.0, 401.0, 973.0, 427.0, 970.0, 453.0, 967.0, 454.0, 992.0, 428.67, 995.0, 403.33, 998.0, 378.0, 1001.0]
rec: SUNDAY...................
text_instance: 6
bbox: [111, 675, 76, 24]
bezier_pts: [113.0, 675.0, 137.33, 675.0, 161.67, 675.0, 186.0, 675.0, 184.0, 696.0, 159.67, 696.67, 135.33, 697.33, 111.0, 698.0]
rec: breads...................
text_instance: 7
bbox: [292, 1003, 60, 19]
bezier_pts: [292.0, 1006.0, 312.97, 1007.16, 330.31, 1000.5, 351.0, 1004.0, 349.0, 1018.0, 330.33, 1019.0, 311.67, 1020.0, 293.0, 1021.0]
rec: 900AM....................
text_instance: 8
bbox: [376, 995, 70, 21]
bezier_pts: [376.0, 1000.0, 398.34, 997.51, 422.19, 993.81, 445.0, 995.0, 445.0, 1010.0, 422.26, 1012.95, 399.81, 1014.57, 378.0, 1015.0]
rec: 1100PM...................
