text_instance: 0
bbox: [572, 276, 81, 30]
bezier_pts: [572.0, 292.0, 597.04, 279.97, 623.34, 274.73, 652.0, 280.0, 649.0, 293.0, 624.67, 297.0, 600.33, 301.0, 576.0, 305.0]
rec: KOMPLEKS.................
text_instance: 1
bbox: [642, 591, 69, 23]
bezier_pts: [642.0, 598.0, 664.67, 596.67, 687.33, 595.33, 710.0, 594.0, 708.0, 609.0, 686.67, 610.33, 665.33, 611.67, 644.0, 613.0]
rec: alamno...................
text_instance: 2
bbox: [566, 297, 93, 35]
bezier_pts: [566.0, 310.0, 595.72, 304.91, 623.02, 299.6, 653.0, 297.0, 658.0, 315.0, 627.54, 320.57, 597.97, 325.59, 567.0, 331.0]
rec: KELANA...................
text_instance: 3
bbox: [535, 330, 80, 44]
bezier_pts: [535.0, 342.0, 562.26, 338.4, 586.76, 333.87, 614.0, 330.0, 614.0, 361.0, 588.67, 365.0, 563.33, 369.0, 538.0, 373.0]
rec: CENTRE...................
text_instance: 4
bbox: [623, 319, 65, 40]
bezier_pts: [623.0, 329.0, 644.33, 325.67, 665.67, 322.33, 687.0, 319.0, 687.0, 351.0, 665.72, 353.55, 644.17, 356.78, 623.0, 358.0]
rec: POINT....................
