text_instance: 0
bbox: [80, 170, 89, 52]
bezier_pts: [80.0, 220.0, 96.02, 198.29, 121.37, 186.1, 143.0, 170.0, 168.0, 180.0, 149.87, 190.35, 133.13, 202.39, 121.0, 221.0]
rec: THE......................
text_instance: 1
bbox: [169, 138, 383, 106]
bezier_pts: [169.0, 155.0, 300.57, 124.38, 450.52, 113.98, 551.0, 234.0, 501.0, 243.0, 424.11, 135.57, 287.8, 132.88, 179.0, 181.0]
rec: CHAMPIONSHIPS............
text_instance: 2
bbox: [88, 303, 444, 103]
bezier_pts: [119.0, 303.0, 232.68, 385.23, 384.62, 399.1, 497.0, 308.0, 531.0, 338.0, 397.03, 437.51, 219.9, 428.67, 88.0, 335.0]
rec: WIMBLEDON................
