text_instance: 0
bbox: [129, 116, 182, 77]
bezier_pts: [129.0, 143.0, 187.25, 126.69, 247.25, 123.02, 309.0, 116.0, 310.0, 166.0, 255.04, 162.06, 200.6, 175.65, 151.0, 192.0]
rec: GARDEN...................
text_instance: 1
bbox: [325, 117, 135, 81]
bezier_pts: [325.0, 117.0, 370.09, 123.94, 415.38, 139.58, 459.0, 149.0, 442.0, 197.0, 403.33, 185.67, 364.67, 174.33, 326.0, 163.0]
rec: TOOLS....................
text_instance: 2
bbox: [184, 167, 139, 32]
bezier_pts: [184.0, 183.0, 229.33, 177.67, 274.67, 172.33, 320.0, 167.0, 322.0, 184.0, 279.09, 181.45, 231.54, 182.56, 190.0, 198.0]
rec: HORTICULTURAL............
text_instance: 3
bbox: [331, 173, 92, 33]
bezier_pts: [331.0, 173.0, 361.76, 177.11, 393.3, 181.07, 422.0, 192.0, 420.0, 205.0, 390.33, 199.33, 360.67, 193.67, 331.0, 188.0]
rec: PROVIDERS................
text_instance: 4
bbox: [203, 340, 45, 19]
bezier_pts: [206.0, 343.0, 219.67, 342.0, 233.33, 341.0, 247.0, 340.0, 247.0, 356.0, 232.33, 356.67, 217.67, 357.33, 203.0, 358.0]
rec: MUST.....................
text_instance: 5
bbox: [252, 340, 34, 17]
bezier_pts: [253.0, 342.0, 263.67, 341.33, 274.33, 340.67, 285.0, 340.0, 284.0, 352.0, 273.33, 353.33, 262.67, 354.67, 252.0, 356.0]
rec: FOR......................
text_instance: 6
bbox: [290, 338, 49, 18]
bezier_pts: [291.0, 341.0, 306.33, 340.0, 321.67, 339.0, 337.0, 338.0, 338.0, 352.0, 322.0, 353.0, 306.0, 354.0, 290.0, 355.0]
rec: EVERY....................
text_instance: 7
bbox: [344, 335, 78, 19]
bezier_pts: [344.0, 338.0, 369.67, 337.0, 395.33, 336.0, 421.0, 335.0, 419.0, 349.0, 394.33, 350.33, 369.67, 351.67, 345.0, 353.0]
rec: GARDENER.................
text_instance: 8
bbox: [618, 370, 36, 15]
bezier_pts: [618.0, 372.0, 628.33, 371.33, 638.67, 370.67, 649.0, 370.0, 653.0, 380.0, 642.02, 381.81, 630.38, 382.61, 619.0, 384.0]
rec: Mint.....................
text_instance: 9
bbox: [177, 342, 28, 17]
bezier_pts: [180.0, 344.0, 187.68, 342.41, 195.04, 341.9, 203.0, 344.0, 204.0, 358.0, 195.0, 357.0, 186.0, 356.0, 177.0, 355.0]
rec: A........................
