text_instance: 0
bbox: [798, 984, 126, 67]
bezier_pts: [798.0, 984.0, 839.67, 984.0, 881.33, 984.0, 923.0, 984.0, 923.0, 1050.0, 881.33, 1050.0, 839.67, 1050.0, 798.0, 1050.0]
rec: AID......................
text_instance: 1
bbox: [408, 995, 94, 62]
bezier_pts: [409.0, 997.0, 439.67, 996.33, 470.33, 995.67, 501.0, 995.0, 501.0, 1056.0, 470.0, 1055.33, 439.0, 1054.67, 408.0, 1054.0]
rec: FI.......................
text_instance: 2
bbox: [532, 528, 112, 139]
bezier_pts: [532.0, 528.0, 568.33, 528.0, 604.67, 528.0, 641.0, 528.0, 643.0, 665.0, 613.33, 665.33, 583.67, 665.67, 554.0, 666.0]
rec: 6........................
text_instance: 3
bbox: [373, 729, 466, 144]
bezier_pts: [422.0, 729.0, 521.69, 841.89, 665.6, 824.62, 770.0, 731.0, 838.0, 758.0, 702.94, 900.77, 518.44, 899.06, 373.0, 778.0]
rec: PATTAYA..................
