text_instance: 0
bbox: [699, 380, 405, 173]
bezier_pts: [699.0, 380.0, 831.33, 386.33, 963.67, 392.67, 1096.0, 399.0, 1103.0, 551.0, 970.39, 551.98, 835.06, 550.81, 702.0, 548.0]
rec: Bar......................
text_instance: 1
bbox: [434, 554, 931, 155]
bezier_pts: [437.0, 554.0, 744.0, 556.0, 1051.0, 558.0, 1358.0, 560.0, 1364.0, 708.0, 1054.0, 706.0, 744.0, 704.0, 434.0, 702.0]
rec: Restaurang...............
text_instance: 2
bbox: [734, 1046, 407, 145]
bezier_pts: [734.0, 1046.0, 865.33, 1050.0, 996.67, 1054.0, 1128.0, 1058.0, 1140.0, 1188.0, 1005.49, 1188.23, 870.84, 1185.66, 737.0, 1181.0]
rec: Zum......................
text_instance: 3
bbox: [429, 1151, 993, 360]
bezier_pts: [578.0, 1157.0, 790.58, 1377.68, 1075.18, 1357.23, 1296.0, 1151.0, 1421.0, 1158.0, 1102.25, 1348.53, 739.88, 1368.13, 429.0, 1152.0]
rec: Franziskaner.............
