text_instance: 0
bbox: [172, 155, 170, 43]
bezier_pts: [172.0, 175.0, 226.87, 139.43, 288.04, 149.98, 341.0, 174.0, 335.0, 197.0, 283.35, 190.58, 229.9, 179.91, 180.0, 197.0]
rec: CONVERSE.................
text_instance: 1
bbox: [191, 210, 49, 22]
bezier_pts: [191.0, 212.0, 206.33, 211.33, 221.67, 210.67, 237.0, 210.0, 239.0, 228.0, 223.33, 228.67, 207.67, 229.33, 192.0, 230.0]
rec: JOHN.....................
text_instance: 2
bbox: [241, 207, 87, 23]
bezier_pts: [241.0, 209.0, 269.0, 208.33, 297.0, 207.67, 325.0, 207.0, 327.0, 227.0, 299.0, 227.67, 271.0, 228.33, 243.0, 229.0]
rec: VARVATOS.................
