text_instance: 0
bbox: [61, 185, 208, 75]
bezier_pts: [61.0, 226.0, 124.08, 203.16, 194.62, 190.1, 263.0, 185.0, 268.0, 219.0, 199.54, 223.72, 129.01, 238.13, 66.0, 259.0]
rec: BUTTER...................
text_instance: 1
bbox: [424, 183, 194, 70]
bezier_pts: [424.0, 183.0, 490.08, 187.13, 555.86, 196.78, 617.0, 219.0, 613.0, 252.0, 550.0, 240.0, 487.0, 228.0, 424.0, 216.0]
rec: WORTH....................
text_instance: 2
bbox: [67, 243, 61, 34]
bezier_pts: [67.0, 259.0, 85.67, 253.67, 104.33, 248.33, 123.0, 243.0, 127.0, 260.0, 108.0, 265.33, 89.0, 270.67, 70.0, 276.0]
rec: HIGH.....................
text_instance: 3
bbox: [135, 225, 96, 34]
bezier_pts: [135.0, 242.0, 164.42, 231.79, 193.4, 224.76, 223.0, 225.0, 230.0, 239.0, 199.67, 245.33, 169.33, 251.67, 139.0, 258.0]
rec: SCHOOL...................
text_instance: 4
bbox: [291, 225, 55, 22]
bezier_pts: [294.0, 225.0, 310.0, 227.33, 326.0, 229.67, 342.0, 232.0, 345.0, 246.0, 327.23, 245.16, 308.58, 243.75, 291.0, 239.0]
rec: CARPE....................
text_instance: 5
bbox: [349, 222, 47, 24]
bezier_pts: [349.0, 231.0, 361.67, 228.0, 374.33, 225.0, 387.0, 222.0, 395.0, 236.0, 380.77, 241.86, 365.61, 244.34, 351.0, 245.0]
rec: DIEM.....................
