text_instance: 0
bbox: [534, 392, 113, 28]
bezier_pts: [534.0, 392.0, 571.33, 392.0, 608.67, 392.0, 646.0, 392.0, 646.0, 419.0, 608.67, 419.0, 571.33, 419.0, 534.0, 419.0]
rec: ORIGINAl.................
text_instance: 1
bbox: [566, 238, 39, 53]
bezier_pts: [566.0, 285.0, 565.9, 265.96, 580.89, 252.94, 589.0, 238.0, 604.0, 255.0, 592.71, 264.12, 587.85, 276.38, 583.0, 290.0]
rec: KAYU.....................
text_instance: 2
bbox: [591, 220, 43, 32]
bezier_pts: [591.0, 235.0, 601.31, 224.04, 617.57, 224.93, 631.0, 220.0, 633.0, 237.0, 622.33, 241.67, 611.67, 246.33, 601.0, 251.0]
rec: NASI.....................
text_instance: 3
bbox: [633, 216, 60, 62]
bezier_pts: [639.0, 216.0, 664.99, 222.23, 685.04, 236.3, 692.0, 263.0, 675.0, 277.0, 668.29, 256.21, 654.9, 241.41, 633.0, 237.0]
rec: KANDAR...................
text_instance: 4
bbox: [572, 325, 69, 49]
bezier_pts: [587.0, 325.0, 597.67, 341.03, 613.25, 357.03, 635.0, 357.0, 640.0, 373.0, 608.89, 376.18, 583.86, 365.44, 572.0, 335.0]
rec: ORIGINAL.................
text_instance: 5
bbox: [638, 310, 49, 61]
bezier_pts: [638.0, 347.0, 659.9, 345.56, 673.05, 331.8, 669.0, 310.0, 686.0, 317.0, 685.03, 344.71, 666.08, 360.5, 644.0, 370.0]
rec: PENANG...................
text_instance: 6
bbox: [531, 420, 189, 60]
bezier_pts: [531.0, 421.0, 593.67, 420.67, 656.33, 420.33, 719.0, 420.0, 715.0, 479.0, 655.33, 478.0, 595.67, 477.0, 536.0, 476.0]
rec: kAYU.....................
text_instance: 7
bbox: [346, 661, 34, 16]
bezier_pts: [347.0, 661.0, 356.67, 661.0, 366.33, 661.0, 376.0, 661.0, 379.0, 675.0, 367.87, 676.58, 357.43, 675.85, 346.0, 676.0]
rec: 7302.....................
