text_instance: 0
bbox: [166, 88, 65, 36]
bezier_pts: [166.0, 101.0, 186.8, 91.72, 208.85, 93.39, 230.0, 88.0, 223.0, 107.0, 206.11, 113.69, 189.51, 117.29, 172.0, 123.0]
rec: Barrel...................
text_instance: 1
bbox: [230, 87, 97, 24]
bezier_pts: [236.0, 87.0, 266.62, 87.08, 296.72, 92.61, 326.0, 93.0, 318.0, 110.0, 288.67, 108.67, 259.33, 107.33, 230.0, 106.0]
rec: Fermented................
text_instance: 2
bbox: [319, 94, 54, 36]
bezier_pts: [338.0, 94.0, 349.33, 99.0, 360.67, 104.0, 372.0, 109.0, 364.0, 129.0, 348.61, 126.25, 333.98, 119.97, 319.0, 115.0]
rec: Ales.....................
text_instance: 3
bbox: [118, 110, 292, 143]
bezier_pts: [118.0, 247.0, 166.79, 64.21, 364.21, 64.45, 409.0, 247.0, 363.0, 251.0, 349.0, 110.85, 177.5, 117.49, 162.0, 252.0]
rec: FIRESTONE................
text_instance: 4
bbox: [89, 280, 112, 20]
bezier_pts: [89.0, 280.0, 126.0, 281.0, 163.0, 282.0, 200.0, 283.0, 200.0, 299.0, 163.67, 299.0, 127.33, 299.0, 91.0, 299.0]
rec: FIRESTONE................
text_instance: 5
bbox: [209, 282, 85, 21]
bezier_pts: [209.0, 282.0, 237.0, 282.67, 265.0, 283.33, 293.0, 284.0, 292.0, 302.0, 265.0, 301.67, 238.0, 301.33, 211.0, 301.0]
rec: WALKER...................
text_instance: 6
bbox: [299, 285, 92, 18]
bezier_pts: [299.0, 285.0, 329.33, 285.67, 359.67, 286.33, 390.0, 287.0, 390.0, 302.0, 359.67, 301.33, 329.33, 300.67, 299.0, 300.0]
rec: BREWING..................
text_instance: 7
bbox: [400, 288, 34, 15]
bezier_pts: [400.0, 289.0, 411.39, 286.53, 422.03, 289.05, 433.0, 290.0, 432.0, 302.0, 421.33, 302.0, 410.67, 302.0, 400.0, 302.0]
rec: Co.......................
