text_instance: 0
bbox: [142, 57, 159, 153]
bezier_pts: [142.0, 162.0, 183.54, 121.55, 223.45, 72.6, 286.0, 57.0, 300.0, 104.0, 237.41, 115.21, 197.62, 164.86, 163.0, 209.0]
rec: JACk.....................
text_instance: 1
bbox: [370, 72, 98, 226]
bezier_pts: [392.0, 72.0, 461.17, 127.63, 480.25, 211.47, 459.0, 297.0, 411.0, 297.0, 420.13, 237.5, 418.32, 167.95, 370.0, 123.0]
rec: TAR......................
text_instance: 2
bbox: [66, 350, 107, 178]
bezier_pts: [110.0, 350.0, 126.68, 395.49, 122.95, 444.52, 172.0, 472.0, 151.0, 527.0, 98.34, 492.66, 72.82, 431.69, 66.0, 370.0]
rec: BEER.....................
text_instance: 3
bbox: [208, 444, 169, 98]
bezier_pts: [210.0, 487.0, 257.69, 489.41, 305.0, 482.7, 337.0, 444.0, 376.0, 482.0, 330.13, 519.32, 269.02, 546.55, 208.0, 541.0]
rec: BAR......................
