text_instance: 0
bbox: [5, 163, 252, 91]
bezier_pts: [5.0, 192.0, 89.67, 177.95, 171.32, 173.38, 254.0, 163.0, 256.0, 222.0, 173.8, 219.56, 95.18, 234.54, 20.0, 253.0]
rec: TAMAN....................
text_instance: 1
bbox: [273, 165, 160, 63]
bezier_pts: [273.0, 165.0, 319.87, 167.4, 373.49, 168.05, 420.0, 173.0, 432.0, 227.0, 381.33, 223.33, 330.67, 219.67, 280.0, 216.0]
rec: KOTA.....................
text_instance: 2
bbox: [453, 184, 154, 89]
bezier_pts: [460.0, 184.0, 510.01, 194.86, 557.7, 209.12, 604.0, 224.0, 606.0, 272.0, 555.0, 257.67, 504.0, 243.33, 453.0, 229.0]
rec: LAMA.....................
