text_instance: 0
bbox: [311, 214, 559, 173]
bezier_pts: [311.0, 313.0, 466.96, 173.15, 698.45, 157.78, 869.0, 304.0, 820.0, 384.0, 679.84, 274.15, 526.43, 311.73, 365.0, 386.0]
rec: CREAMLINE................
text_instance: 1
bbox: [93, 535, 1026, 167]
bezier_pts: [105.0, 535.0, 440.44, 538.67, 778.55, 535.0, 1118.0, 548.0, 1100.0, 701.0, 765.01, 697.63, 428.52, 691.87, 93.0, 683.0]
rec: JERSEY...................
text_instance: 2
bbox: [40, 767, 397, 154]
bezier_pts: [51.0, 767.0, 177.2, 767.08, 308.05, 768.67, 436.0, 788.0, 422.0, 920.0, 295.05, 917.89, 167.59, 913.21, 40.0, 906.0]
rec: Milk.....................
text_instance: 3
bbox: [674, 784, 463, 149]
bezier_pts: [685.0, 784.0, 834.24, 786.44, 986.43, 781.83, 1136.0, 791.0, 1134.0, 932.0, 979.41, 931.08, 826.7, 928.12, 674.0, 923.0]
rec: Curd.....................
