text_instance: 0
bbox: [369, 348, 1150, 451]
bezier_pts: [369.0, 456.0, 777.0, 246.91, 1188.9, 327.22, 1518.0, 641.0, 1434.0, 798.0, 1151.72, 501.02, 773.3, 436.36, 426.0, 645.0]
rec: 10000....................
text_instance: 1
bbox: [717, 1081, 218, 61]
bezier_pts: [718.0, 1081.0, 790.0, 1083.33, 862.0, 1085.67, 934.0, 1088.0, 931.0, 1141.0, 859.67, 1139.67, 788.33, 1138.33, 717.0, 1137.0]
rec: BUSINESS.................
text_instance: 2
bbox: [945, 1090, 182, 57]
bezier_pts: [945.0, 1090.0, 1005.33, 1092.67, 1065.67, 1095.33, 1126.0, 1098.0, 1126.0, 1146.0, 1066.31, 1144.09, 1006.09, 1143.87, 946.0, 1140.0]
rec: INVEST...................
text_instance: 3
bbox: [916, 1146, 208, 28]
bezier_pts: [916.0, 1146.0, 985.0, 1148.0, 1054.0, 1150.0, 1123.0, 1152.0, 1120.0, 1173.0, 1053.19, 1171.73, 985.36, 1170.21, 919.0, 1168.0]
rec: wwwbusinessinvestcouk....
text_instance: 4
bbox: [940, 1066, 75, 26]
bezier_pts: [948.0, 1066.0, 969.67, 1068.0, 991.33, 1070.0, 1013.0, 1072.0, 1014.0, 1090.0, 989.33, 1090.33, 964.67, 1090.67, 940.0, 1091.0]
rec: 2012.....................
text_instance: 5
bbox: [1014, 1076, 109, 22]
bezier_pts: [1017.0, 1076.0, 1052.0, 1076.0, 1087.0, 1076.0, 1122.0, 1076.0, 1122.0, 1096.0, 1086.0, 1095.0, 1050.0, 1094.0, 1014.0, 1093.0]
rec: campaign.................
