text_instance: 0
bbox: [63, 239, 139, 65]
bezier_pts: [63.0, 262.0, 111.58, 212.62, 157.58, 245.73, 201.0, 276.0, 196.0, 303.0, 162.79, 272.98, 122.56, 259.65, 86.0, 295.0]
rec: BIBBLE...................
text_instance: 1
bbox: [234, 348, 39, 63]
bezier_pts: [255.0, 348.0, 263.95, 366.71, 271.73, 388.34, 272.0, 410.0, 253.0, 410.0, 246.89, 390.71, 242.1, 371.35, 234.0, 352.0]
rec: SIP......................
text_instance: 2
bbox: [80, 356, 26, 31]
bezier_pts: [97.0, 356.0, 98.59, 367.21, 105.26, 376.3, 105.0, 385.0, 93.0, 386.0, 84.14, 379.18, 84.31, 364.71, 80.0, 356.0]
rec: BS.......................
text_instance: 3
bbox: [96, 397, 40, 42]
bezier_pts: [113.0, 397.0, 120.33, 406.0, 127.67, 415.0, 135.0, 424.0, 133.0, 438.0, 119.55, 425.26, 107.12, 411.56, 96.0, 397.0]
rec: ALL......................
text_instance: 4
bbox: [141, 433, 46, 39]
bezier_pts: [143.0, 433.0, 157.33, 440.33, 171.67, 447.67, 186.0, 455.0, 186.0, 471.0, 169.5, 466.33, 154.83, 458.94, 141.0, 449.0]
rec: YOU......................
text_instance: 5
bbox: [191, 444, 53, 31]
bezier_pts: [191.0, 458.0, 205.67, 453.33, 220.33, 448.67, 235.0, 444.0, 243.0, 458.0, 230.15, 466.0, 216.09, 471.48, 201.0, 474.0]
rec: WANT.....................
text_instance: 6
bbox: [118, 448, 75, 48]
bezier_pts: [123.0, 448.0, 145.33, 461.0, 167.67, 474.0, 190.0, 487.0, 192.0, 495.0, 165.75, 484.51, 141.03, 470.75, 118.0, 455.0]
rec: NYCBAKERYCAFE............
