text_instance: 0
bbox: [263, 159, 169, 89]
bezier_pts: [263.0, 223.0, 307.37, 171.56, 367.91, 160.96, 431.0, 159.0, 429.0, 188.0, 368.23, 184.68, 313.73, 202.24, 272.0, 247.0]
rec: AUTHENTIC................
text_instance: 1
bbox: [432, 157, 103, 66]
bezier_pts: [443.0, 157.0, 477.91, 160.52, 515.76, 155.48, 534.0, 193.0, 525.0, 222.0, 494.0, 209.67, 463.0, 197.33, 432.0, 185.0]
rec: PIZZA....................
text_instance: 2
bbox: [186, 365, 191, 63]
bezier_pts: [186.0, 372.0, 248.64, 361.63, 311.69, 368.7, 376.0, 365.0, 376.0, 418.0, 314.63, 423.01, 253.08, 424.9, 191.0, 424.0]
rec: TINOS....................
text_instance: 3
bbox: [399, 358, 223, 65]
bezier_pts: [399.0, 366.0, 467.75, 356.26, 533.56, 360.06, 603.0, 358.0, 621.0, 416.0, 547.39, 420.3, 474.09, 421.55, 401.0, 420.0]
rec: PIZZA....................
text_instance: 4
bbox: [306, 420, 156, 84]
bezier_pts: [306.0, 420.0, 357.67, 420.33, 409.33, 420.67, 461.0, 421.0, 442.0, 499.0, 397.64, 500.7, 353.45, 499.55, 309.0, 496.0]
rec: Cafe.....................
