text_instance: 0
bbox: [225, 583, 154, 124]
bezier_pts: [258.0, 583.0, 292.66, 625.09, 339.67, 636.8, 378.0, 674.0, 364.0, 706.0, 308.57, 685.18, 263.59, 661.69, 225.0, 615.0]
rec: Magic....................
text_instance: 1
bbox: [403, 676, 109, 61]
bezier_pts: [417.0, 676.0, 446.33, 681.67, 475.67, 687.33, 505.0, 693.0, 511.0, 736.0, 474.4, 733.84, 437.97, 728.16, 403.0, 722.0]
rec: food.....................
text_instance: 2
bbox: [224, 659, 250, 143]
bezier_pts: [254.0, 659.0, 310.49, 715.78, 390.5, 744.82, 471.0, 744.0, 473.0, 801.0, 381.99, 792.44, 283.96, 773.04, 224.0, 696.0]
rec: BANANA...................
