text_instance: 0
bbox: [4, 36, 246, 276]
bezier_pts: [4.0, 36.0, 87.44, 105.12, 167.33, 175.12, 249.0, 246.0, 229.0, 311.0, 154.0, 256.0, 79.0, 201.0, 4.0, 146.0]
rec: UAWEI....................
text_instance: 1
bbox: [305, 229, 80, 55]
bezier_pts: [305.0, 266.0, 323.65, 241.81, 351.56, 232.15, 380.0, 229.0, 384.0, 247.0, 358.99, 248.97, 333.86, 259.51, 321.0, 283.0]
rec: ONECARD..................
text_instance: 2
bbox: [360, 413, 61, 49]
bezier_pts: [360.0, 433.0, 376.33, 426.33, 392.67, 419.67, 409.0, 413.0, 420.0, 442.0, 404.72, 448.98, 389.93, 454.88, 374.0, 461.0]
rec: ONE......................
text_instance: 3
bbox: [370, 442, 70, 55]
bezier_pts: [370.0, 463.0, 387.0, 456.0, 404.0, 449.0, 421.0, 442.0, 439.0, 471.0, 421.0, 479.33, 403.0, 487.67, 385.0, 496.0]
rec: CARD.....................
text_instance: 4
bbox: [383, 227, 20, 27]
bezier_pts: [383.0, 232.0, 387.67, 230.33, 392.33, 228.67, 397.0, 227.0, 402.0, 248.0, 395.67, 249.67, 389.33, 251.33, 383.0, 253.0]
rec: e........................
text_instance: 5
bbox: [405, 227, 52, 36]
bezier_pts: [407.0, 227.0, 421.33, 233.0, 435.67, 239.0, 450.0, 245.0, 456.0, 262.0, 439.0, 259.0, 422.0, 256.0, 405.0, 253.0]
rec: Kiosk....................
text_instance: 6
bbox: [327, 276, 56, 23]
bezier_pts: [327.0, 285.0, 344.67, 282.0, 362.33, 279.0, 380.0, 276.0, 382.0, 289.0, 366.0, 292.0, 350.0, 295.0, 334.0, 298.0]
rec: ONECARD..................
text_instance: 7
bbox: [383, 272, 37, 17]
bezier_pts: [383.0, 276.0, 394.04, 272.21, 404.76, 271.67, 416.0, 272.0, 419.0, 282.0, 408.67, 284.0, 398.33, 286.0, 388.0, 288.0]
rec: UPoints..................
text_instance: 8
bbox: [417, 265, 35, 17]
bezier_pts: [417.0, 270.0, 428.18, 266.7, 439.56, 265.52, 451.0, 266.0, 450.0, 277.0, 440.33, 278.33, 430.67, 279.67, 421.0, 281.0]
rec: transfers................
text_instance: 9
bbox: [349, 292, 31, 19]
bezier_pts: [349.0, 300.0, 357.33, 297.33, 365.67, 294.67, 374.0, 292.0, 379.0, 305.0, 370.67, 306.67, 362.33, 308.33, 354.0, 310.0]
rec: reset....................
text_instance: 10
bbox: [376, 287, 35, 18]
bezier_pts: [376.0, 292.0, 385.71, 288.38, 395.96, 288.69, 406.0, 287.0, 410.0, 298.0, 400.0, 300.0, 390.0, 302.0, 380.0, 304.0]
rec: 6digit...................
text_instance: 11
bbox: [408, 283, 25, 14]
bezier_pts: [408.0, 286.0, 414.37, 285.18, 420.62, 282.1, 427.0, 283.0, 432.0, 293.0, 425.67, 294.0, 419.33, 295.0, 413.0, 296.0]
rec: PIN......................
text_instance: 12
bbox: [431, 280, 24, 13]
bezier_pts: [431.0, 282.0, 437.47, 279.43, 444.42, 281.62, 451.0, 281.0, 454.0, 288.0, 447.67, 289.33, 441.33, 290.67, 435.0, 292.0]
rec: here.....................
text_instance: 13
bbox: [389, 478, 46, 36]
bezier_pts: [389.0, 497.0, 401.94, 487.62, 416.62, 484.58, 431.0, 478.0, 434.0, 490.0, 421.67, 497.67, 409.33, 505.33, 397.0, 513.0]
rec: privileges...............
text_instance: 14
bbox: [465, 622, 31, 31]
bezier_pts: [465.0, 642.0, 473.03, 634.72, 482.9, 628.68, 492.0, 622.0, 495.0, 634.0, 489.19, 642.25, 481.25, 648.3, 472.0, 652.0]
rec: Check....................
text_instance: 15
bbox: [494, 612, 18, 24]
bezier_pts: [494.0, 624.0, 499.0, 620.0, 504.0, 616.0, 509.0, 612.0, 511.0, 621.0, 507.33, 625.67, 503.67, 630.33, 500.0, 635.0]
rec: your.....................
text_instance: 16
bbox: [509, 592, 27, 26]
bezier_pts: [509.0, 608.0, 515.95, 601.55, 524.25, 596.62, 532.0, 592.0, 535.0, 601.0, 528.89, 607.12, 522.37, 611.31, 516.0, 617.0]
rec: UPoints..................
text_instance: 17
bbox: [531, 573, 30, 27]
bezier_pts: [531.0, 589.0, 540.68, 585.11, 549.73, 577.19, 559.0, 573.0, 560.0, 579.0, 553.85, 586.75, 545.29, 592.55, 538.0, 599.0]
rec: balance..................
text_instance: 18
bbox: [562, 531, 48, 43]
bezier_pts: [562.0, 564.0, 577.0, 553.0, 592.0, 542.0, 607.0, 531.0, 609.0, 538.0, 596.64, 551.1, 583.01, 562.63, 568.0, 573.0]
rec: transactionhistory.......
