text_instance: 0
bbox: [334, 79, 188, 110]
bezier_pts: [334.0, 140.0, 385.4, 105.53, 439.11, 86.95, 498.0, 79.0, 521.0, 127.0, 467.67, 147.33, 414.33, 167.67, 361.0, 188.0]
rec: CASA.....................
text_instance: 1
bbox: [526, 85, 64, 43]
bezier_pts: [526.0, 85.0, 545.0, 86.0, 564.0, 87.0, 583.0, 88.0, 589.0, 127.0, 569.0, 127.0, 549.0, 127.0, 529.0, 127.0]
rec: DE.......................
text_instance: 2
bbox: [603, 75, 277, 181]
bezier_pts: [605.0, 75.0, 708.12, 89.37, 809.89, 139.2, 879.0, 217.0, 861.0, 255.0, 794.91, 182.42, 702.75, 135.37, 603.0, 124.0]
rec: PORTUGAL.................
