text_instance: 0
bbox: [380, 199, 310, 104]
bezier_pts: [383.0, 230.0, 483.33, 216.94, 588.47, 208.63, 689.0, 199.0, 688.0, 271.0, 580.74, 255.05, 475.3, 257.01, 380.0, 302.0]
rec: SWENSENS.................
text_instance: 1
bbox: [389, 287, 50, 42]
bezier_pts: [389.0, 308.0, 400.11, 295.3, 417.73, 295.58, 431.0, 287.0, 438.0, 312.0, 427.87, 319.71, 416.29, 324.58, 404.0, 328.0]
rec: ICE......................
text_instance: 2
bbox: [439, 268, 74, 38]
bezier_pts: [439.0, 278.0, 463.33, 274.67, 487.67, 271.33, 512.0, 268.0, 512.0, 285.0, 487.67, 291.67, 463.33, 298.33, 439.0, 305.0]
rec: CREAM....................
text_instance: 3
bbox: [549, 261, 123, 60]
bezier_pts: [558.0, 261.0, 597.68, 262.36, 639.6, 269.74, 671.0, 295.0, 656.0, 320.0, 629.83, 288.32, 587.86, 284.11, 549.0, 286.0]
rec: Factory..................
text_instance: 4
bbox: [390, 326, 61, 32]
bezier_pts: [390.0, 343.0, 409.35, 336.13, 428.39, 324.71, 450.0, 326.0, 448.0, 342.0, 429.67, 347.0, 411.33, 352.0, 393.0, 357.0]
rec: INTHERICH................
text_instance: 5
bbox: [447, 323, 56, 28]
bezier_pts: [449.0, 323.0, 466.97, 325.12, 486.35, 325.48, 502.0, 337.0, 501.0, 349.0, 482.76, 347.07, 464.61, 344.86, 447.0, 342.0]
rec: TRADITION................
text_instance: 6
bbox: [542, 343, 44, 26]
bezier_pts: [548.0, 343.0, 560.33, 346.0, 572.67, 349.0, 585.0, 352.0, 581.0, 367.0, 567.53, 367.62, 554.54, 365.16, 542.0, 360.0]
rec: OFOLD....................
text_instance: 7
bbox: [578, 349, 30, 26]
bezier_pts: [586.0, 349.0, 592.42, 351.88, 600.32, 353.47, 607.0, 356.0, 603.0, 374.0, 594.48, 373.61, 585.88, 371.9, 578.0, 369.0]
rec: SAN......................
text_instance: 8
bbox: [607, 346, 65, 29]
bezier_pts: [610.0, 355.0, 630.33, 352.0, 650.67, 349.0, 671.0, 346.0, 671.0, 362.0, 650.24, 368.21, 628.95, 371.77, 607.0, 372.0]
rec: FRANCISCO................
text_instance: 9
bbox: [91, 192, 84, 74]
bezier_pts: [103.0, 192.0, 127.84, 206.43, 155.65, 216.69, 174.0, 239.0, 171.0, 265.0, 143.77, 251.76, 117.19, 238.02, 91.0, 224.0]
rec: SWENSENS.................
