text_instance: 0
bbox: [740, 718, 235, 124]
bezier_pts: [740.0, 784.0, 811.19, 748.05, 888.7, 726.13, 965.0, 718.0, 974.0, 772.0, 914.0, 795.0, 854.0, 818.0, 794.0, 841.0]
rec: TAPU.....................
text_instance: 1
bbox: [1133, 696, 472, 119]
bezier_pts: [1133.0, 697.0, 1292.84, 700.32, 1449.0, 718.17, 1604.0, 751.0, 1574.0, 814.0, 1429.6, 748.34, 1280.05, 760.78, 1136.0, 766.0]
rec: KADASTRO.................
text_instance: 2
bbox: [815, 820, 733, 190]
bezier_pts: [815.0, 847.0, 1059.0, 838.0, 1303.0, 829.0, 1547.0, 820.0, 1547.0, 958.0, 1308.32, 978.01, 1069.08, 995.03, 830.0, 1009.0]
rec: TAKAV....................
text_instance: 3
bbox: [818, 1009, 307, 82]
bezier_pts: [821.0, 1024.0, 922.0, 1019.0, 1023.0, 1014.0, 1124.0, 1009.0, 1124.0, 1081.0, 1022.0, 1084.0, 920.0, 1087.0, 818.0, 1090.0]
rec: SOSYAL...................
text_instance: 4
bbox: [1151, 985, 403, 88]
bezier_pts: [1154.0, 1006.0, 1286.0, 999.0, 1418.0, 992.0, 1550.0, 985.0, 1553.0, 1054.0, 1420.63, 1060.26, 1286.72, 1066.06, 1151.0, 1072.0]
rec: TESISLERI................
text_instance: 5
bbox: [1016, 1126, 349, 112]
bezier_pts: [1016.0, 1150.0, 1125.0, 1142.0, 1234.0, 1134.0, 1343.0, 1126.0, 1364.0, 1207.0, 1249.34, 1215.96, 1134.29, 1221.97, 1019.0, 1225.0]
rec: VAKFI....................
text_instance: 6
bbox: [997, 717, 104, 54]
bezier_pts: [997.0, 732.0, 1029.95, 720.46, 1059.15, 717.85, 1094.0, 717.0, 1100.0, 761.0, 1070.33, 764.0, 1040.67, 767.0, 1011.0, 770.0]
rec: ve.......................
