text_instance: 0
bbox: [271, 274, 241, 110]
bezier_pts: [271.0, 330.0, 355.15, 279.83, 474.16, 217.23, 511.0, 365.0, 458.0, 383.0, 430.76, 280.98, 341.39, 333.28, 293.0, 378.0]
rec: Coccinelle...............
text_instance: 1
bbox: [265, 630, 156, 65]
bezier_pts: [265.0, 660.0, 316.36, 646.67, 361.55, 632.46, 414.0, 630.0, 420.0, 660.0, 371.99, 673.63, 322.95, 683.86, 275.0, 694.0]
rec: Winstub..................
text_instance: 2
bbox: [194, 652, 319, 115]
bezier_pts: [194.0, 719.0, 300.0, 696.67, 406.0, 674.33, 512.0, 652.0, 507.0, 700.0, 404.58, 724.77, 300.52, 746.79, 197.0, 766.0]
rec: RESTAURANT...............
text_instance: 3
bbox: [226, 373, 68, 59]
bezier_pts: [226.0, 431.0, 230.73, 407.15, 242.44, 384.6, 263.0, 373.0, 293.0, 387.0, 279.01, 401.82, 280.39, 412.07, 276.0, 431.0]
rec: la.......................
