text_instance: 0
bbox: [440, 394, 71, 34]
bezier_pts: [440.0, 394.0, 463.33, 394.0, 486.67, 394.0, 510.0, 394.0, 510.0, 427.0, 486.67, 427.0, 463.33, 427.0, 440.0, 427.0]
rec: belif....................
text_instance: 1
bbox: [274, 477, 60, 22]
bezier_pts: [274.0, 477.0, 293.67, 477.0, 313.33, 477.0, 333.0, 477.0, 333.0, 497.0, 313.37, 497.5, 293.68, 497.62, 274.0, 497.0]
rec: belif....................
text_instance: 2
bbox: [343, 228, 84, 37]
bezier_pts: [343.0, 242.0, 372.62, 214.82, 401.71, 227.36, 426.0, 253.0, 415.0, 264.0, 396.82, 244.24, 374.84, 241.32, 354.0, 257.0]
rec: believe..................
text_instance: 3
bbox: [336, 267, 92, 49]
bezier_pts: [336.0, 267.0, 366.33, 270.67, 396.67, 274.33, 427.0, 278.0, 426.0, 315.0, 398.0, 313.0, 370.0, 311.0, 342.0, 309.0]
rec: belif....................
text_instance: 4
bbox: [352, 323, 22, 31]
bezier_pts: [359.0, 323.0, 363.67, 327.33, 368.33, 331.67, 373.0, 336.0, 370.0, 353.0, 364.0, 349.0, 358.0, 345.0, 352.0, 341.0]
rec: in.......................
text_instance: 5
bbox: [375, 329, 47, 28]
bezier_pts: [377.0, 334.0, 388.0, 332.33, 399.0, 330.67, 410.0, 329.0, 421.0, 343.0, 411.58, 355.16, 391.79, 357.67, 375.0, 355.0]
rec: truth....................
