text_instance: 0
bbox: [453, 427, 24, 12]
bezier_pts: [453.0, 427.0, 460.67, 427.0, 468.33, 427.0, 476.0, 427.0, 476.0, 437.0, 468.21, 438.58, 460.45, 438.55, 453.0, 437.0]
rec: WAY......................
text_instance: 1
bbox: [430, 428, 23, 11]
bezier_pts: [430.0, 428.0, 437.33, 428.0, 444.67, 428.0, 452.0, 428.0, 452.0, 437.0, 444.69, 438.61, 437.19, 438.62, 430.0, 437.0]
rec: ONE......................
text_instance: 2
bbox: [281, 126, 106, 127]
bezier_pts: [281.0, 252.0, 280.74, 190.86, 313.05, 120.17, 386.0, 126.0, 385.0, 153.0, 323.46, 148.31, 302.18, 199.12, 303.0, 250.0]
rec: FISHERMANS...............
text_instance: 3
bbox: [385, 122, 70, 94]
bezier_pts: [395.0, 122.0, 437.57, 136.87, 442.27, 175.03, 454.0, 211.0, 425.0, 215.0, 419.34, 187.56, 412.3, 164.52, 385.0, 153.0]
rec: WHARF....................
text_instance: 4
bbox: [280, 261, 32, 40]
bezier_pts: [303.0, 261.0, 305.67, 270.33, 308.33, 279.67, 311.0, 289.0, 292.0, 300.0, 289.33, 287.73, 285.01, 277.43, 280.0, 268.0]
rec: OF.......................
text_instance: 5
bbox: [296, 288, 49, 53]
bezier_pts: [309.0, 288.0, 320.67, 295.0, 332.33, 302.0, 344.0, 309.0, 332.0, 340.0, 319.56, 329.63, 306.53, 318.97, 296.0, 306.0]
rec: SAN......................
text_instance: 6
bbox: [341, 223, 116, 119]
bezier_pts: [341.0, 312.0, 395.42, 313.21, 421.03, 270.86, 422.0, 223.0, 456.0, 231.0, 439.19, 285.36, 410.44, 343.48, 345.0, 341.0]
rec: FRANCISCO................
text_instance: 7
bbox: [6, 364, 43, 44]
bezier_pts: [10.0, 364.0, 22.67, 369.0, 35.33, 374.0, 48.0, 379.0, 47.0, 407.0, 33.33, 402.67, 19.67, 398.33, 6.0, 394.0]
rec: TOS......................
