text_instance: 0
bbox: [301, 734, 291, 55]
bezier_pts: [301.0, 734.0, 397.67, 734.0, 494.33, 734.0, 591.0, 734.0, 591.0, 788.0, 494.33, 788.0, 397.67, 788.0, 301.0, 788.0]
rec: PARKING..................
text_instance: 1
bbox: [399, 789, 187, 52]
bezier_pts: [399.0, 789.0, 461.0, 789.0, 523.0, 789.0, 585.0, 789.0, 585.0, 840.0, 523.0, 840.0, 461.0, 840.0, 399.0, 840.0]
rec: REAR.....................
text_instance: 2
bbox: [202, 751, 61, 75]
bezier_pts: [202.0, 751.0, 222.0, 751.0, 242.0, 751.0, 262.0, 751.0, 262.0, 825.0, 242.0, 825.0, 222.0, 825.0, 202.0, 825.0]
rec: P........................
text_instance: 3
bbox: [416, 537, 95, 20]
bezier_pts: [416.0, 537.0, 447.33, 537.0, 478.67, 537.0, 510.0, 537.0, 510.0, 556.0, 478.67, 556.0, 447.33, 556.0, 416.0, 556.0]
rec: HAHNDOPS.................
text_instance: 4
bbox: [299, 788, 90, 51]
bezier_pts: [299.0, 788.0, 328.67, 788.0, 358.33, 788.0, 388.0, 788.0, 388.0, 838.0, 358.33, 838.0, 328.67, 838.0, 299.0, 838.0]
rec: AT.......................
text_instance: 5
bbox: [402, 407, 43, 19]
bezier_pts: [402.0, 407.0, 416.0, 407.0, 430.0, 407.0, 444.0, 407.0, 444.0, 424.0, 429.86, 424.52, 415.99, 426.15, 402.0, 424.0]
rec: 2015.....................
text_instance: 6
bbox: [365, 406, 36, 19]
bezier_pts: [365.0, 406.0, 376.67, 406.0, 388.33, 406.0, 400.0, 406.0, 400.0, 423.0, 388.24, 425.02, 376.42, 423.36, 365.0, 423.0]
rec: EST......................
text_instance: 7
bbox: [262, 334, 106, 97]
bezier_pts: [262.0, 408.0, 287.95, 376.76, 326.05, 353.8, 361.0, 334.0, 367.0, 358.0, 325.87, 362.27, 295.51, 392.56, 282.0, 430.0]
rec: AUTHENTIC................
text_instance: 8
bbox: [371, 335, 87, 25]
bezier_pts: [371.0, 338.0, 400.91, 332.62, 428.14, 332.27, 457.0, 343.0, 455.0, 359.0, 427.33, 356.67, 399.67, 354.33, 372.0, 352.0]
rec: ITALIAN..................
text_instance: 9
bbox: [458, 345, 79, 66]
bezier_pts: [465.0, 345.0, 492.47, 358.11, 516.72, 374.71, 536.0, 400.0, 522.0, 410.0, 500.67, 393.0, 479.33, 376.0, 458.0, 359.0]
rec: CUISINE..................
text_instance: 10
bbox: [301, 601, 111, 48]
bezier_pts: [308.0, 601.0, 339.2, 625.01, 372.18, 634.53, 411.0, 632.0, 407.0, 648.0, 370.8, 639.33, 335.57, 627.44, 301.0, 613.0]
rec: BREAKFAST................
text_instance: 11
bbox: [414, 610, 77, 45]
bezier_pts: [414.0, 628.0, 434.0, 622.0, 454.0, 616.0, 474.0, 610.0, 490.0, 622.0, 466.0, 632.67, 442.0, 643.33, 418.0, 654.0]
rec: LUNCH....................
text_instance: 12
bbox: [477, 544, 80, 81]
bezier_pts: [477.0, 601.0, 506.38, 597.97, 524.24, 569.45, 529.0, 544.0, 556.0, 559.0, 533.97, 581.45, 513.1, 604.23, 490.0, 624.0]
rec: DINNER...................
text_instance: 13
bbox: [184, 428, 438, 174]
bezier_pts: [232.0, 450.0, 365.78, 444.28, 498.31, 388.78, 621.0, 475.0, 619.0, 544.0, 473.32, 538.26, 329.83, 636.18, 184.0, 589.0]
rec: gepettos.................
