text_instance: 0
bbox: [100, 310, 110, 186]
bezier_pts: [155.0, 317.0, 154.19, 368.33, 160.96, 424.28, 209.0, 458.0, 165.0, 495.0, 114.25, 445.82, 89.35, 381.26, 104.0, 310.0]
rec: FISH.....................
text_instance: 1
bbox: [122, 199, 94, 85]
bezier_pts: [122.0, 261.0, 144.99, 237.33, 163.5, 212.37, 194.0, 199.0, 215.0, 222.0, 196.16, 239.28, 172.16, 258.71, 161.0, 283.0]
rec: The......................
text_instance: 2
bbox: [217, 176, 232, 129]
bezier_pts: [217.0, 186.0, 315.69, 160.0, 407.06, 176.78, 448.0, 289.0, 422.0, 304.0, 382.68, 219.67, 311.61, 187.41, 225.0, 223.0]
rec: Manhattan................
text_instance: 3
bbox: [215, 322, 255, 214]
bezier_pts: [221.0, 476.0, 342.49, 511.76, 432.52, 446.19, 421.0, 322.0, 469.0, 326.0, 489.11, 491.77, 354.69, 567.45, 215.0, 528.0]
rec: MARKET...................
