text_instance: 0
bbox: [240, 193, 56, 16]
bezier_pts: [240.0, 193.0, 258.33, 193.0, 276.67, 193.0, 295.0, 193.0, 295.0, 207.0, 276.65, 207.34, 258.08, 209.06, 240.0, 207.0]
rec: CONVENTRY................
text_instance: 1
bbox: [190, 111, 147, 53]
bezier_pts: [190.0, 144.0, 230.13, 101.93, 289.42, 105.14, 336.0, 139.0, 314.0, 161.0, 285.44, 131.41, 247.0, 135.95, 219.0, 163.0]
rec: WEST.....................
text_instance: 2
bbox: [176, 188, 185, 109]
bezier_pts: [202.0, 188.0, 208.55, 296.86, 329.91, 302.86, 334.0, 191.0, 360.0, 188.0, 361.02, 325.91, 186.64, 336.92, 176.0, 195.0]
rec: ORCHARDS.................
