text_instance: 0
bbox: [1056, 644, 804, 1180]
bezier_pts: [1056.0, 1805.0, 1071.13, 1285.57, 1292.83, 848.87, 1788.0, 644.0, 1859.0, 774.0, 1388.84, 939.78, 1189.3, 1342.74, 1202.0, 1823.0]
rec: CONTINENTAL..............
text_instance: 1
bbox: [1908, 667, 576, 531]
bezier_pts: [1954.0, 667.0, 2184.35, 760.79, 2353.13, 909.14, 2483.0, 1129.0, 2389.0, 1197.0, 2259.62, 1035.44, 2113.84, 860.62, 1908.0, 785.0]
rec: DIVIDE...................
text_instance: 2
bbox: [2421, 1199, 291, 626]
bezier_pts: [2534.0, 1199.0, 2670.59, 1390.2, 2719.72, 1597.98, 2711.0, 1824.0, 2561.0, 1815.0, 2604.12, 1606.48, 2494.58, 1430.8, 2421.0, 1250.0]
rec: TRAIL....................
text_instance: 3
bbox: [1246, 1997, 520, 287]
bezier_pts: [1287.0, 1997.0, 1446.33, 2059.0, 1605.67, 2121.0, 1765.0, 2183.0, 1759.0, 2283.0, 1559.63, 2267.38, 1390.61, 2221.26, 1246.0, 2074.0]
rec: NATIONAL.................
text_instance: 4
bbox: [1775, 2161, 405, 127]
bezier_pts: [1788.0, 2193.0, 1915.0, 2182.33, 2042.0, 2171.67, 2169.0, 2161.0, 2179.0, 2247.0, 2044.33, 2259.71, 1909.67, 2269.38, 1775.0, 2276.0]
rec: SCENIC...................
text_instance: 5
bbox: [2189, 2013, 321, 223]
bezier_pts: [2189.0, 2151.0, 2276.67, 2105.0, 2364.33, 2059.0, 2452.0, 2013.0, 2509.0, 2071.0, 2450.37, 2182.44, 2339.47, 2215.12, 2227.0, 2235.0]
rec: TRAIL....................
