text_instance: 0
bbox: [72, 150, 194, 176]
bezier_pts: [72.0, 288.0, 96.3, 214.21, 160.88, 165.05, 236.0, 150.0, 265.0, 222.0, 211.94, 232.17, 165.73, 275.52, 145.0, 325.0]
rec: DOME.....................
text_instance: 1
bbox: [310, 139, 262, 218]
bezier_pts: [319.0, 139.0, 433.84, 141.94, 537.28, 215.73, 571.0, 332.0, 486.0, 356.0, 467.02, 263.92, 394.39, 224.28, 310.0, 214.0]
rec: MARAIS...................
text_instance: 2
bbox: [71, 308, 53, 55]
bezier_pts: [71.0, 357.0, 77.0, 340.54, 84.55, 323.78, 91.0, 308.0, 123.0, 314.0, 113.11, 329.01, 113.11, 345.49, 110.0, 362.0]
rec: Le.......................
text_instance: 3
bbox: [261, 162, 46, 42]
bezier_pts: [261.0, 166.0, 273.03, 160.69, 285.7, 163.07, 299.0, 162.0, 306.0, 192.0, 293.0, 195.67, 280.0, 199.33, 267.0, 203.0]
rec: du.......................
