text_instance: 0
bbox: [164, 112, 108, 40]
bezier_pts: [164.0, 139.0, 193.63, 115.86, 234.9, 115.02, 271.0, 112.0, 268.0, 128.0, 233.47, 126.74, 203.08, 137.18, 171.0, 151.0]
rec: RESTAURANT...............
text_instance: 1
bbox: [282, 118, 57, 44]
bezier_pts: [288.0, 118.0, 306.62, 125.03, 329.15, 133.03, 338.0, 153.0, 326.0, 161.0, 319.79, 141.96, 299.41, 138.43, 282.0, 135.0]
rec: COFFEE...................
text_instance: 2
bbox: [220, 153, 100, 36]
bezier_pts: [225.0, 153.0, 256.33, 155.67, 287.67, 158.33, 319.0, 161.0, 319.0, 188.0, 286.0, 187.33, 253.0, 186.67, 220.0, 186.0]
rec: muoi.....................
text_instance: 3
bbox: [89, 433, 38, 19]
bezier_pts: [94.0, 433.0, 104.67, 433.33, 115.33, 433.67, 126.0, 434.0, 126.0, 449.0, 113.76, 451.71, 101.0, 450.82, 89.0, 451.0]
rec: MUA......................
text_instance: 4
bbox: [179, 152, 34, 34]
bezier_pts: [185.0, 152.0, 193.93, 151.89, 202.79, 151.97, 211.0, 154.0, 212.0, 185.0, 201.0, 184.0, 190.0, 183.0, 179.0, 182.0]
rec: S........................
text_instance: 5
bbox: [224, 191, 14, 12]
bezier_pts: [225.0, 191.0, 229.0, 191.0, 233.0, 191.0, 237.0, 191.0, 237.0, 201.0, 232.8, 203.08, 228.31, 201.37, 224.0, 201.0]
rec: 08.......................
text_instance: 6
bbox: [95, 416, 37, 15]
bezier_pts: [95.0, 417.0, 106.3, 418.44, 118.24, 412.85, 129.0, 418.0, 131.0, 428.0, 119.15, 429.54, 106.75, 429.62, 95.0, 428.0]
rec: GUOYUNG..................
text_instance: 7
bbox: [239, 192, 27, 14]
bezier_pts: [239.0, 192.0, 247.67, 193.0, 256.33, 194.0, 265.0, 195.0, 264.0, 205.0, 255.67, 204.0, 247.33, 203.0, 239.0, 202.0]
rec: 3930.....................
text_instance: 8
bbox: [264, 193, 27, 14]
bezier_pts: [264.0, 193.0, 272.67, 193.0, 281.33, 193.0, 290.0, 193.0, 288.0, 206.0, 280.0, 205.33, 272.0, 204.67, 264.0, 204.0]
rec: 4198.....................
text_instance: 9
bbox: [160, 174, 19, 19]
bezier_pts: [171.0, 174.0, 172.89, 177.65, 177.4, 180.4, 178.0, 185.0, 173.0, 192.0, 164.85, 195.39, 170.7, 182.48, 160.0, 178.0]
rec: so.......................
text_instance: 10
bbox: [170, 185, 20, 17]
bezier_pts: [179.0, 185.0, 182.33, 187.33, 185.67, 189.67, 189.0, 192.0, 183.0, 201.0, 177.23, 199.53, 173.35, 195.2, 170.0, 191.0]
rec: 5........................
text_instance: 11
bbox: [194, 199, 24, 23]
bezier_pts: [199.0, 199.0, 205.0, 203.0, 211.0, 207.0, 217.0, 211.0, 216.0, 221.0, 207.43, 218.67, 200.38, 212.95, 194.0, 207.0]
rec: Quy......................
text_instance: 12
bbox: [218, 206, 25, 20]
bezier_pts: [220.0, 206.0, 227.33, 208.0, 234.67, 210.0, 242.0, 212.0, 242.0, 225.0, 233.24, 224.74, 225.98, 221.7, 218.0, 219.0]
rec: Don......................
text_instance: 13
bbox: [246, 211, 45, 17]
bezier_pts: [246.0, 213.0, 260.0, 212.67, 274.0, 212.33, 288.0, 212.0, 290.0, 224.0, 275.37, 226.98, 260.71, 227.1, 246.0, 224.0]
rec: Phuong...................
text_instance: 14
bbox: [300, 191, 34, 27]
bezier_pts: [300.0, 206.0, 308.14, 199.46, 317.7, 194.74, 327.0, 191.0, 333.0, 200.0, 326.57, 207.55, 318.21, 212.0, 310.0, 217.0]
rec: Quan.....................
