text_instance: 0
bbox: [423, 686, 53, 42]
bezier_pts: [423.0, 686.0, 440.33, 686.0, 457.67, 686.0, 475.0, 686.0, 475.0, 727.0, 457.67, 727.0, 440.33, 727.0, 423.0, 727.0]
rec: to.......................
text_instance: 1
bbox: [278, 94, 112, 70]
bezier_pts: [290.0, 94.0, 323.0, 96.67, 356.0, 99.33, 389.0, 102.0, 365.0, 163.0, 335.41, 161.1, 306.5, 160.52, 278.0, 156.0]
rec: Pool.....................
text_instance: 2
bbox: [374, 115, 84, 61]
bezier_pts: [382.0, 115.0, 407.0, 117.67, 432.0, 120.33, 457.0, 123.0, 451.0, 174.0, 425.33, 174.0, 399.67, 174.0, 374.0, 174.0]
rec: cafe.....................
text_instance: 3
bbox: [200, 106, 267, 301]
bezier_pts: [246.0, 106.0, 283.46, 225.11, 386.22, 287.84, 466.0, 380.0, 415.0, 406.0, 343.84, 308.09, 227.24, 237.58, 200.0, 108.0]
rec: COFFEESHOP...............
text_instance: 4
bbox: [191, 426, 82, 75]
bezier_pts: [191.0, 451.0, 210.0, 442.67, 229.0, 434.33, 248.0, 426.0, 272.0, 469.0, 253.58, 481.76, 233.54, 491.44, 214.0, 500.0]
rec: get......................
text_instance: 5
bbox: [248, 508, 189, 198]
bezier_pts: [284.0, 508.0, 331.24, 556.36, 395.28, 602.3, 436.0, 658.0, 414.0, 705.0, 340.52, 666.31, 315.12, 582.46, 248.0, 533.0]
rec: DOWN.....................
