text_instance: 0
bbox: [176, 42, 35, 21]
bezier_pts: [176.0, 47.0, 187.0, 45.33, 198.0, 43.67, 209.0, 42.0, 210.0, 55.0, 199.33, 58.05, 188.67, 59.29, 178.0, 62.0]
rec: LOVE.....................
text_instance: 1
bbox: [169, 56, 39, 19]
bezier_pts: [170.0, 62.0, 182.2, 58.0, 194.04, 57.37, 207.0, 56.0, 205.0, 68.0, 193.08, 71.95, 180.92, 72.72, 169.0, 74.0]
rec: ARMY.....................
text_instance: 2
bbox: [306, 220, 156, 52]
bezier_pts: [306.0, 236.0, 355.91, 205.43, 416.47, 212.13, 461.0, 256.0, 446.0, 271.0, 409.73, 243.41, 362.95, 247.69, 320.0, 260.0]
rec: Welcome..................
text_instance: 3
bbox: [321, 261, 132, 54]
bezier_pts: [321.0, 266.0, 369.77, 250.72, 412.03, 273.17, 452.0, 294.0, 445.0, 314.0, 408.0, 303.25, 366.72, 288.86, 327.0, 293.0]
rec: Refugees.................
text_instance: 4
bbox: [513, 307, 62, 27]
bezier_pts: [513.0, 315.0, 533.33, 312.33, 553.67, 309.67, 574.0, 307.0, 571.0, 323.0, 552.95, 329.22, 534.11, 332.74, 515.0, 333.0]
rec: DONT.....................
text_instance: 5
bbox: [579, 303, 38, 22]
bezier_pts: [579.0, 308.0, 591.33, 306.33, 603.67, 304.67, 616.0, 303.0, 613.0, 320.0, 602.54, 322.87, 591.36, 323.02, 580.0, 324.0]
rec: BAN......................
text_instance: 6
bbox: [509, 327, 103, 31]
bezier_pts: [509.0, 342.0, 543.0, 337.0, 577.0, 332.0, 611.0, 327.0, 609.0, 348.0, 576.0, 351.0, 543.0, 354.0, 510.0, 357.0]
rec: FRIENDS..................
text_instance: 7
bbox: [525, 350, 63, 23]
bezier_pts: [525.0, 356.0, 545.33, 354.0, 565.67, 352.0, 586.0, 350.0, 587.0, 363.0, 566.99, 368.67, 546.9, 371.12, 526.0, 372.0]
rec: NoMuslimBan..............
