text_instance: 0
bbox: [308, 26, 178, 86]
bezier_pts: [308.0, 95.0, 349.65, -3.22, 429.97, 0.36, 485.0, 85.0, 463.0, 108.0, 428.53, 30.08, 360.97, 35.81, 329.0, 111.0]
rec: CALIFORNIA...............
text_instance: 1
bbox: [301, 126, 91, 80]
bezier_pts: [329.0, 126.0, 337.26, 158.09, 361.55, 173.95, 389.0, 181.0, 391.0, 205.0, 345.84, 204.52, 313.34, 180.98, 301.0, 138.0]
rec: STATE....................
text_instance: 2
bbox: [400, 123, 88, 86]
bezier_pts: [400.0, 181.0, 428.56, 169.63, 446.13, 146.71, 463.0, 123.0, 487.0, 131.0, 474.35, 168.33, 448.71, 197.85, 408.0, 208.0]
rec: PARKS....................
text_instance: 3
bbox: [352, 140, 51, 20]
bezier_pts: [353.0, 143.0, 369.33, 142.0, 385.67, 141.0, 402.0, 140.0, 399.0, 156.0, 383.69, 157.29, 367.1, 159.21, 352.0, 159.0]
rec: SINCE....................
text_instance: 4
bbox: [400, 139, 39, 19]
bezier_pts: [404.0, 139.0, 414.67, 140.0, 425.33, 141.0, 436.0, 142.0, 438.0, 156.0, 425.39, 157.69, 412.71, 157.67, 400.0, 156.0]
rec: 1864.....................
text_instance: 5
bbox: [240, 231, 310, 51]
bezier_pts: [246.0, 231.0, 344.31, 233.57, 443.37, 229.68, 545.0, 236.0, 549.0, 281.0, 446.0, 281.0, 343.0, 281.0, 240.0, 281.0]
rec: CHUMASH..................
text_instance: 6
bbox: [184, 298, 254, 50]
bezier_pts: [186.0, 298.0, 269.33, 298.0, 352.67, 298.0, 436.0, 298.0, 437.0, 339.0, 352.12, 344.29, 267.83, 346.22, 184.0, 347.0]
rec: PAINTED..................
text_instance: 7
bbox: [450, 292, 154, 52]
bezier_pts: [453.0, 293.0, 503.0, 292.67, 553.0, 292.33, 603.0, 292.0, 600.0, 343.0, 551.24, 342.88, 501.03, 343.55, 450.0, 342.0]
rec: CAVE.....................
text_instance: 8
bbox: [116, 378, 143, 44]
bezier_pts: [117.0, 378.0, 164.0, 378.67, 211.0, 379.33, 258.0, 380.0, 255.0, 420.0, 209.91, 420.45, 161.91, 420.49, 116.0, 420.0]
rec: STATE....................
text_instance: 9
bbox: [275, 370, 254, 54]
bezier_pts: [275.0, 376.0, 358.0, 374.0, 441.0, 372.0, 524.0, 370.0, 528.0, 418.0, 444.03, 419.86, 360.78, 421.54, 277.0, 422.0]
rec: HISTORIC.................
text_instance: 10
bbox: [546, 374, 135, 45]
bezier_pts: [546.0, 377.0, 589.33, 376.0, 632.67, 375.0, 676.0, 374.0, 680.0, 416.0, 635.33, 416.67, 590.67, 417.33, 546.0, 418.0]
rec: PARk.....................
text_instance: 11
bbox: [165, 463, 259, 43]
bezier_pts: [165.0, 464.0, 250.0, 463.67, 335.0, 463.33, 420.0, 463.0, 423.0, 501.0, 337.13, 503.18, 251.02, 504.29, 166.0, 504.0]
rec: CALIFORNIA...............
text_instance: 12
bbox: [433, 465, 118, 38]
bezier_pts: [433.0, 466.0, 471.33, 465.67, 509.67, 465.33, 548.0, 465.0, 550.0, 501.0, 511.67, 501.33, 473.33, 501.67, 435.0, 502.0]
rec: STATE....................
text_instance: 13
bbox: [564, 464, 111, 38]
bezier_pts: [564.0, 466.0, 600.0, 465.33, 636.0, 464.67, 672.0, 464.0, 674.0, 499.0, 638.33, 499.67, 602.67, 500.33, 567.0, 501.0]
rec: PARK.....................
text_instance: 14
bbox: [121, 464, 38, 38]
bezier_pts: [122.0, 464.0, 132.49, 464.55, 143.86, 462.13, 154.0, 466.0, 158.0, 501.0, 145.67, 500.67, 133.33, 500.33, 121.0, 500.0]
rec: A........................
