text_instance: 0
bbox: [1427, 319, 319, 140]
bezier_pts: [1427.0, 322.0, 1524.0, 321.0, 1621.0, 320.0, 1718.0, 319.0, 1745.0, 448.0, 1647.0, 451.33, 1549.0, 454.67, 1451.0, 458.0]
rec: welcome..................
text_instance: 1
bbox: [896, 560, 673, 604]
bezier_pts: [896.0, 1016.0, 1017.69, 805.27, 1190.38, 583.92, 1475.0, 560.0, 1568.0, 731.0, 1359.31, 836.75, 1198.18, 993.85, 1037.0, 1163.0]
rec: STAR.....................
text_instance: 2
bbox: [1625, 545, 856, 565]
bezier_pts: [1664.0, 545.0, 1986.8, 524.81, 2330.7, 620.23, 2480.0, 923.0, 2366.0, 1109.0, 2190.45, 854.97, 1918.53, 749.56, 1625.0, 737.0]
rec: SNAKC....................
text_instance: 3
bbox: [512, 986, 247, 169]
bezier_pts: [512.0, 1000.0, 589.0, 995.33, 666.0, 990.67, 743.0, 986.0, 758.0, 1133.0, 683.2, 1142.82, 608.76, 1149.45, 533.0, 1154.0]
rec: halal....................
text_instance: 4
bbox: [530, 1463, 241, 115]
bezier_pts: [530.0, 1475.0, 610.0, 1471.0, 690.0, 1467.0, 770.0, 1463.0, 764.0, 1577.0, 687.0, 1574.0, 610.0, 1571.0, 533.0, 1568.0]
rec: TAGINE...................
