text_instance: 0
bbox: [404, 110, 71, 21]
bezier_pts: [404.0, 110.0, 427.33, 110.0, 450.67, 110.0, 474.0, 110.0, 474.0, 128.0, 450.67, 128.0, 427.33, 128.0, 404.0, 128.0]
rec: Festival.................
text_instance: 1
bbox: [319, 102, 76, 27]
bezier_pts: [321.0, 102.0, 345.33, 102.67, 369.67, 103.33, 394.0, 104.0, 392.0, 128.0, 367.67, 126.67, 343.33, 125.33, 319.0, 124.0]
rec: Kuching..................
text_instance: 2
bbox: [305, 130, 73, 18]
bezier_pts: [305.0, 130.0, 329.0, 130.33, 353.0, 130.67, 377.0, 131.0, 375.0, 147.0, 351.26, 146.95, 328.13, 147.5, 305.0, 146.0]
rec: Selamat..................
text_instance: 3
bbox: [384, 133, 63, 24]
bezier_pts: [384.0, 133.0, 404.67, 133.33, 425.33, 133.67, 446.0, 134.0, 441.0, 156.0, 422.67, 154.67, 404.33, 153.33, 386.0, 152.0]
rec: Datang...................
text_instance: 4
bbox: [671, 98, 54, 31]
bezier_pts: [671.0, 116.0, 684.33, 100.57, 704.18, 93.64, 724.0, 103.0, 720.0, 119.0, 707.33, 122.0, 694.67, 125.0, 682.0, 128.0]
rec: KUCHING..................
text_instance: 5
bbox: [725, 107, 55, 28]
bezier_pts: [732.0, 107.0, 744.33, 108.67, 756.67, 110.33, 769.0, 112.0, 779.0, 125.0, 764.37, 141.74, 741.48, 136.71, 725.0, 126.0]
rec: FESTIVAL.................
text_instance: 6
bbox: [692, 229, 39, 24]
bezier_pts: [693.0, 229.0, 705.33, 231.67, 717.67, 234.33, 730.0, 237.0, 730.0, 252.0, 717.31, 250.56, 704.94, 249.49, 692.0, 246.0]
rec: FUN......................
text_instance: 7
bbox: [695, 259, 44, 20]
bezier_pts: [695.0, 259.0, 709.86, 259.86, 723.87, 262.77, 738.0, 266.0, 738.0, 278.0, 724.67, 278.67, 711.33, 276.67, 698.0, 272.0]
rec: GAMES....................
text_instance: 8
bbox: [517, 113, 41, 21]
bezier_pts: [517.0, 113.0, 530.33, 113.0, 543.67, 113.0, 557.0, 113.0, 556.0, 133.0, 544.33, 132.0, 532.67, 131.0, 521.0, 130.0]
rec: 2017.....................
text_instance: 9
bbox: [122, 185, 40, 19]
bezier_pts: [123.0, 186.0, 135.0, 185.67, 147.0, 185.33, 159.0, 185.0, 161.0, 203.0, 147.57, 202.9, 134.91, 203.57, 122.0, 202.0]
rec: M........................
text_instance: 10
bbox: [693, 193, 30, 16]
bezier_pts: [693.0, 193.0, 702.33, 193.33, 711.67, 193.67, 721.0, 194.0, 722.0, 208.0, 713.33, 208.0, 704.67, 208.0, 696.0, 208.0]
rec: M........................
text_instance: 11
bbox: [458, 137, 63, 17]
bezier_pts: [460.0, 137.0, 479.73, 134.88, 500.81, 142.6, 520.0, 144.0, 518.0, 152.0, 497.82, 153.26, 478.03, 150.73, 458.0, 149.0]
rec: Welcome..................
