text_instance: 0
bbox: [747, 249, 195, 47]
bezier_pts: [747.0, 249.0, 811.67, 249.0, 876.33, 249.0, 941.0, 249.0, 941.0, 293.0, 876.23, 292.86, 812.58, 293.5, 747.0, 293.0]
rec: EUM......................
text_instance: 1
bbox: [408, 247, 177, 46]
bezier_pts: [408.0, 247.0, 466.67, 247.0, 525.33, 247.0, 584.0, 247.0, 584.0, 289.0, 525.12, 289.46, 466.84, 291.17, 408.0, 289.0]
rec: WAX......................
text_instance: 2
bbox: [341, 117, 240, 127]
bezier_pts: [341.0, 192.0, 409.96, 146.81, 493.25, 124.66, 578.0, 117.0, 580.0, 175.0, 508.46, 180.53, 442.95, 212.05, 377.0, 243.0]
rec: SPIRIT...................
text_instance: 3
bbox: [746, 120, 255, 134]
bezier_pts: [761.0, 120.0, 849.94, 128.91, 923.37, 167.52, 1000.0, 208.0, 967.0, 253.0, 902.22, 207.73, 825.07, 188.62, 746.0, 168.0]
rec: NTEREY...................
text_instance: 4
bbox: [433, 199, 53, 43]
bezier_pts: [433.0, 219.0, 446.0, 212.33, 459.0, 205.67, 472.0, 199.0, 485.0, 223.0, 469.67, 229.0, 454.33, 235.0, 439.0, 241.0]
rec: John.....................
text_instance: 5
bbox: [481, 178, 82, 42]
bezier_pts: [481.0, 195.0, 506.0, 189.33, 531.0, 183.67, 556.0, 178.0, 562.0, 202.0, 537.0, 207.67, 512.0, 213.33, 487.0, 219.0]
rec: Steinhe..................
text_instance: 6
bbox: [763, 181, 92, 48]
bezier_pts: [764.0, 181.0, 795.84, 189.13, 824.33, 190.06, 854.0, 204.0, 835.0, 228.0, 811.0, 219.0, 787.0, 210.0, 763.0, 201.0]
rec: annery...................
text_instance: 7
bbox: [850, 199, 56, 45]
bezier_pts: [857.0, 199.0, 871.6, 210.24, 891.84, 213.66, 905.0, 228.0, 896.0, 243.0, 880.67, 236.0, 865.33, 229.0, 850.0, 222.0]
rec: ROW......................
text_instance: 8
bbox: [239, 123, 100, 31]
bezier_pts: [242.0, 123.0, 274.0, 126.0, 306.0, 129.0, 338.0, 132.0, 338.0, 153.0, 304.69, 152.0, 273.14, 149.6, 239.0, 148.0]
rec: BARGITTO.................
text_instance: 9
bbox: [85, 402, 190, 58]
bezier_pts: [85.0, 423.0, 145.0, 416.0, 205.0, 409.0, 265.0, 402.0, 274.0, 433.0, 215.11, 444.42, 154.7, 453.12, 95.0, 459.0]
rec: FASCINATING..............
text_instance: 10
bbox: [271, 394, 95, 42]
bezier_pts: [271.0, 402.0, 302.33, 399.33, 333.67, 396.67, 365.0, 394.0, 365.0, 427.0, 338.0, 429.67, 311.0, 432.33, 284.0, 435.0]
rec: VOYAGE...................
text_instance: 11
bbox: [56, 492, 57, 44]
bezier_pts: [56.0, 502.0, 74.67, 498.67, 93.33, 495.33, 112.0, 492.0, 109.0, 526.0, 96.0, 529.0, 83.0, 532.0, 70.0, 535.0]
rec: FUN......................
text_instance: 12
bbox: [116, 486, 49, 43]
bezier_pts: [116.0, 495.0, 130.67, 492.0, 145.33, 489.0, 160.0, 486.0, 164.0, 519.0, 151.0, 522.0, 138.0, 525.0, 125.0, 528.0]
rec: FOR......................
text_instance: 13
bbox: [166, 481, 50, 36]
bezier_pts: [166.0, 486.0, 182.0, 484.33, 198.0, 482.67, 214.0, 481.0, 215.0, 511.0, 202.0, 512.67, 189.0, 514.33, 176.0, 516.0]
rec: THE......................
text_instance: 14
bbox: [218, 471, 79, 40]
bezier_pts: [218.0, 480.0, 243.0, 477.0, 268.0, 474.0, 293.0, 471.0, 296.0, 498.0, 271.67, 502.0, 247.33, 506.0, 223.0, 510.0]
rec: ENTIRE...................
text_instance: 15
bbox: [299, 460, 70, 40]
bezier_pts: [301.0, 469.0, 322.33, 466.0, 343.67, 463.0, 365.0, 460.0, 368.0, 484.0, 345.54, 491.9, 322.88, 496.84, 299.0, 499.0]
rec: FAMILY...................
text_instance: 16
bbox: [619, 876, 146, 85]
bezier_pts: [619.0, 939.0, 663.62, 907.68, 710.56, 883.35, 764.0, 876.0, 761.0, 912.0, 726.0, 928.0, 691.0, 944.0, 656.0, 960.0]
rec: SPIRITCE.................
text_instance: 17
bbox: [767, 868, 225, 91]
bezier_pts: [779.0, 868.0, 862.27, 863.02, 922.08, 911.5, 991.0, 943.0, 944.0, 958.0, 888.2, 926.79, 832.78, 907.12, 767.0, 907.0]
rec: MONTEREI.................
text_instance: 18
bbox: [959, 406, 67, 40]
bezier_pts: [965.0, 406.0, 985.0, 408.0, 1005.0, 410.0, 1025.0, 412.0, 1025.0, 444.0, 1003.03, 444.16, 981.43, 440.3, 959.0, 438.0]
rec: ENJOY....................
text_instance: 19
bbox: [1052, 418, 54, 37]
bezier_pts: [1052.0, 418.0, 1069.67, 419.67, 1087.33, 421.33, 1105.0, 423.0, 1102.0, 454.0, 1085.3, 452.86, 1068.39, 451.62, 1052.0, 447.0]
rec: VISI.....................
text_instance: 20
bbox: [1003, 474, 101, 44]
bezier_pts: [1009.0, 474.0, 1039.33, 478.33, 1069.67, 482.67, 1100.0, 487.0, 1103.0, 517.0, 1069.88, 513.34, 1036.75, 508.33, 1003.0, 502.0]
rec: MINUTE...................
text_instance: 21
bbox: [1168, 618, 86, 106]
bezier_pts: [1181.0, 618.0, 1205.0, 635.0, 1229.0, 652.0, 1253.0, 669.0, 1243.0, 723.0, 1218.0, 706.33, 1193.0, 689.67, 1168.0, 673.0]
rec: JOHN.....................
text_instance: 22
bbox: [1189, 697, 92, 117]
bezier_pts: [1205.0, 697.0, 1230.0, 716.67, 1255.0, 736.33, 1280.0, 756.0, 1277.0, 813.0, 1246.31, 788.02, 1217.93, 760.37, 1189.0, 732.0]
rec: throug...................
text_instance: 23
bbox: [1240, 799, 40, 72]
bezier_pts: [1253.0, 799.0, 1261.67, 805.67, 1270.33, 812.33, 1279.0, 819.0, 1277.0, 870.0, 1264.67, 859.33, 1252.33, 848.67, 1240.0, 838.0]
rec: liv......................
text_instance: 24
bbox: [94, 616, 124, 46]
bezier_pts: [94.0, 645.0, 135.53, 631.76, 177.6, 626.27, 217.0, 616.0, 215.0, 636.0, 177.67, 644.33, 140.33, 652.67, 103.0, 661.0]
rec: WARNING..................
text_instance: 25
bbox: [104, 654, 49, 15]
bezier_pts: [104.0, 662.0, 120.0, 659.33, 136.0, 656.67, 152.0, 654.0, 151.0, 668.0, 135.33, 668.0, 119.67, 668.0, 104.0, 668.0]
rec: AUDIO....................
text_instance: 26
bbox: [169, 637, 50, 27]
bezier_pts: [169.0, 646.0, 184.0, 643.0, 199.0, 640.0, 214.0, 637.0, 218.0, 651.0, 202.53, 655.98, 187.83, 659.28, 172.0, 663.0]
rec: VIDEo....................
text_instance: 27
bbox: [115, 655, 85, 40]
bezier_pts: [115.0, 676.0, 142.0, 669.0, 169.0, 662.0, 196.0, 655.0, 199.0, 670.0, 174.09, 680.02, 148.06, 686.54, 121.0, 694.0]
rec: DIGITALLY................
text_instance: 28
bbox: [116, 673, 88, 39]
bezier_pts: [116.0, 694.0, 143.67, 687.0, 171.33, 680.0, 199.0, 673.0, 203.0, 688.0, 176.0, 695.67, 149.0, 703.33, 122.0, 711.0]
rec: RECORDED.................
text_instance: 29
bbox: [131, 698, 45, 16]
bezier_pts: [131.0, 709.0, 144.29, 700.41, 157.62, 697.17, 173.0, 698.0, 175.0, 707.0, 167.04, 710.52, 157.82, 712.16, 149.0, 713.0]
rec: HOURS....................
text_instance: 30
bbox: [187, 679, 37, 31]
bezier_pts: [187.0, 687.0, 197.0, 684.33, 207.0, 681.67, 217.0, 679.0, 223.0, 697.0, 212.0, 701.0, 201.0, 705.0, 190.0, 709.0]
rec: DAY......................
text_instance: 31
bbox: [983, 469, 26, 34]
bezier_pts: [986.0, 469.0, 993.0, 471.0, 1000.0, 473.0, 1007.0, 475.0, 1008.0, 502.0, 999.67, 501.0, 991.33, 500.0, 983.0, 499.0]
rec: 20.......................
text_instance: 32
bbox: [104, 709, 23, 20]
bezier_pts: [104.0, 716.0, 111.0, 713.67, 118.0, 711.33, 125.0, 709.0, 126.0, 721.0, 119.29, 724.2, 111.08, 725.51, 104.0, 728.0]
rec: 24.......................
