text_instance: 0
bbox: [277, 322, 185, 57]
bezier_pts: [277.0, 340.0, 338.33, 334.0, 399.67, 328.0, 461.0, 322.0, 459.0, 368.0, 399.0, 371.33, 339.0, 374.67, 279.0, 378.0]
rec: RAININ...................
text_instance: 1
bbox: [489, 236, 323, 89]
bezier_pts: [489.0, 252.0, 596.33, 246.67, 703.67, 241.33, 811.0, 236.0, 811.0, 296.0, 706.6, 307.54, 601.02, 315.4, 497.0, 324.0]
rec: RAININ...................
text_instance: 2
bbox: [833, 216, 237, 91]
bezier_pts: [833.0, 230.0, 909.0, 225.33, 985.0, 220.67, 1061.0, 216.0, 1069.0, 286.0, 995.67, 292.67, 922.33, 299.33, 849.0, 306.0]
rec: CATS.....................
text_instance: 3
bbox: [710, 157, 162, 52]
bezier_pts: [710.0, 168.0, 763.67, 164.33, 817.33, 160.67, 871.0, 157.0, 871.0, 198.0, 817.71, 202.35, 766.29, 206.32, 713.0, 208.0]
rec: KEDAI....................
text_instance: 4
bbox: [888, 141, 214, 56]
bezier_pts: [888.0, 156.0, 959.0, 151.0, 1028.22, 144.22, 1101.0, 141.0, 1101.0, 181.0, 1029.17, 186.55, 958.52, 191.62, 888.0, 196.0]
rec: HAIWAN...................
text_instance: 5
bbox: [1120, 127, 161, 53]
bezier_pts: [1120.0, 138.0, 1173.33, 134.33, 1226.67, 130.67, 1280.0, 127.0, 1280.0, 169.0, 1226.36, 173.43, 1175.14, 176.59, 1123.0, 179.0]
rec: PELIH....................
text_instance: 6
bbox: [486, 343, 25, 25]
bezier_pts: [486.0, 344.0, 494.0, 343.67, 502.0, 343.33, 510.0, 343.0, 510.0, 366.0, 502.18, 366.54, 494.6, 366.62, 487.0, 366.0]
rec: A........................
text_instance: 7
bbox: [524, 340, 72, 30]
bezier_pts: [524.0, 343.0, 548.45, 341.97, 570.76, 339.29, 595.0, 340.0, 595.0, 362.0, 571.33, 364.33, 547.67, 366.67, 524.0, 369.0]
rec: place....................
text_instance: 8
bbox: [606, 338, 94, 23]
bezier_pts: [606.0, 343.0, 637.0, 341.33, 668.0, 339.67, 699.0, 338.0, 698.0, 356.0, 668.33, 357.33, 638.67, 358.67, 609.0, 360.0]
rec: where....................
text_instance: 9
bbox: [708, 332, 48, 30]
bezier_pts: [708.0, 339.0, 723.67, 336.67, 739.33, 334.33, 755.0, 332.0, 755.0, 352.0, 739.67, 355.0, 724.33, 358.0, 709.0, 361.0]
rec: pet......................
text_instance: 10
bbox: [762, 324, 109, 29]
bezier_pts: [762.0, 330.0, 798.0, 328.0, 834.0, 326.0, 870.0, 324.0, 869.0, 346.0, 833.33, 348.0, 797.67, 350.0, 762.0, 352.0]
rec: friends..................
text_instance: 11
bbox: [879, 322, 76, 25]
bezier_pts: [879.0, 328.0, 903.67, 326.0, 928.33, 324.0, 953.0, 322.0, 954.0, 341.0, 929.33, 342.67, 904.67, 344.33, 880.0, 346.0]
rec: meet.....................
text_instance: 12
bbox: [492, 387, 89, 21]
bezier_pts: [493.0, 390.0, 522.0, 389.0, 551.0, 388.0, 580.0, 387.0, 579.0, 404.0, 549.83, 405.43, 521.78, 407.31, 492.0, 407.0]
rec: NOMBPJ...................
text_instance: 13
bbox: [599, 379, 142, 25]
bezier_pts: [599.0, 385.0, 646.0, 383.0, 693.0, 381.0, 740.0, 379.0, 740.0, 395.0, 693.0, 397.67, 646.0, 400.33, 599.0, 403.0]
rec: L230000190336............
text_instance: 14
bbox: [793, 370, 83, 27]
bezier_pts: [793.0, 372.0, 819.67, 371.33, 846.33, 370.67, 873.0, 370.0, 875.0, 390.0, 847.67, 392.0, 820.33, 394.0, 793.0, 396.0]
rec: DIMILIKI.................
text_instance: 15
bbox: [876, 369, 59, 20]
bezier_pts: [876.0, 372.0, 895.33, 371.0, 914.67, 370.0, 934.0, 369.0, 934.0, 385.0, 915.67, 386.0, 897.33, 387.0, 879.0, 388.0]
rec: OLEH.....................
text_instance: 16
bbox: [950, 364, 73, 22]
bezier_pts: [950.0, 368.0, 974.0, 366.67, 998.0, 365.33, 1022.0, 364.0, 1022.0, 381.0, 998.22, 382.6, 975.23, 383.57, 951.0, 385.0]
rec: RAININ...................
text_instance: 17
bbox: [1025, 360, 56, 22]
bezier_pts: [1025.0, 363.0, 1043.33, 362.0, 1061.67, 361.0, 1080.0, 360.0, 1080.0, 378.0, 1062.35, 379.46, 1044.08, 381.19, 1026.0, 381.0]
rec: CATS.....................
text_instance: 18
bbox: [1107, 357, 62, 20]
bezier_pts: [1107.0, 359.0, 1127.33, 358.33, 1147.67, 357.67, 1168.0, 357.0, 1168.0, 373.0, 1147.57, 375.05, 1127.71, 375.88, 1107.0, 376.0]
rec: DOGS.....................
text_instance: 19
bbox: [1190, 216, 71, 63]
bezier_pts: [1190.0, 219.0, 1213.09, 216.91, 1235.77, 218.66, 1260.0, 217.0, 1259.0, 272.0, 1237.27, 275.94, 1214.63, 276.96, 1193.0, 278.0]
rec: D........................
text_instance: 20
bbox: [1176, 353, 44, 21]
bezier_pts: [1176.0, 356.0, 1190.33, 355.0, 1204.67, 354.0, 1219.0, 353.0, 1218.0, 372.0, 1204.0, 372.33, 1190.0, 372.67, 1176.0, 373.0]
rec: SDN......................
text_instance: 21
bbox: [301, 379, 57, 42]
bezier_pts: [321.0, 379.0, 333.0, 387.0, 345.0, 395.0, 357.0, 403.0, 347.0, 420.0, 329.82, 412.02, 314.87, 400.84, 301.0, 388.0]
rec: CATS.....................
text_instance: 22
bbox: [364, 374, 74, 46]
bezier_pts: [364.0, 399.0, 384.67, 390.67, 405.33, 382.33, 426.0, 374.0, 437.0, 392.0, 416.87, 402.52, 395.46, 409.82, 374.0, 419.0]
rec: DOGS.....................
text_instance: 23
bbox: [1232, 351, 45, 21]
bezier_pts: [1232.0, 353.0, 1246.67, 352.33, 1261.33, 351.67, 1276.0, 351.0, 1276.0, 368.0, 1261.67, 369.0, 1247.33, 370.0, 1233.0, 371.0]
rec: BHD......................
