text_instance: 0
bbox: [654, 277, 542, 155]
bezier_pts: [654.0, 330.0, 818.23, 244.31, 1020.71, 277.33, 1195.0, 314.0, 1184.0, 389.0, 1032.13, 371.34, 874.25, 378.88, 729.0, 431.0]
rec: Welcome..................
text_instance: 1
bbox: [907, 514, 608, 174]
bezier_pts: [907.0, 514.0, 1100.67, 515.0, 1294.33, 516.0, 1488.0, 517.0, 1514.0, 687.0, 1316.33, 686.0, 1118.67, 685.0, 921.0, 684.0]
rec: Town.....................
text_instance: 2
bbox: [931, 842, 180, 75]
bezier_pts: [931.0, 844.0, 989.67, 843.33, 1048.33, 842.67, 1107.0, 842.0, 1110.0, 914.0, 1055.77, 915.09, 998.4, 915.85, 942.0, 916.0]
rec: 1859.....................
text_instance: 3
bbox: [1232, 292, 141, 149]
bezier_pts: [1235.0, 292.0, 1285.93, 305.16, 1329.74, 322.25, 1372.0, 354.0, 1350.0, 440.0, 1310.67, 427.67, 1271.33, 415.33, 1232.0, 403.0]
rec: To.......................
text_instance: 4
bbox: [538, 510, 352, 218]
bezier_pts: [540.0, 510.0, 658.25, 490.88, 758.89, 569.45, 882.0, 553.0, 889.0, 721.0, 771.9, 722.48, 655.23, 720.02, 538.0, 719.0]
rec: My.......................
