text_instance: 0
bbox: [179, 667, 36, 73]
bezier_pts: [179.0, 736.0, 178.26, 711.33, 178.38, 686.33, 196.0, 667.0, 214.0, 680.0, 208.47, 699.13, 208.73, 718.99, 201.0, 739.0]
rec: PERFECT..................
text_instance: 1
bbox: [194, 632, 58, 47]
bezier_pts: [194.0, 663.0, 212.02, 650.67, 228.78, 637.25, 251.0, 632.0, 251.0, 651.0, 239.42, 661.43, 225.79, 668.99, 213.0, 678.0]
rec: DRIVING..................
text_instance: 2
bbox: [249, 631, 73, 26]
bezier_pts: [249.0, 632.0, 272.42, 628.46, 297.28, 635.01, 321.0, 639.0, 315.0, 656.0, 295.0, 653.33, 275.0, 650.67, 255.0, 648.0]
rec: ACADEMY..................
text_instance: 3
bbox: [312, 642, 37, 36]
bezier_pts: [324.0, 642.0, 334.92, 646.75, 345.53, 653.75, 348.0, 666.0, 338.0, 677.0, 329.33, 670.67, 320.67, 664.33, 312.0, 658.0]
rec: SDN......................
text_instance: 4
bbox: [336, 663, 35, 38]
bezier_pts: [348.0, 663.0, 361.14, 668.66, 371.61, 681.4, 370.0, 697.0, 351.0, 700.0, 346.0, 692.33, 341.0, 684.67, 336.0, 677.0]
rec: BHD......................
text_instance: 5
bbox: [462, 607, 102, 138]
bezier_pts: [462.0, 620.0, 495.67, 615.67, 529.33, 611.33, 563.0, 607.0, 562.0, 722.0, 542.0, 729.33, 522.0, 736.67, 502.0, 744.0]
rec: P........................
