text_instance: 0
bbox: [15, 300, 56, 40]
bezier_pts: [16.0, 300.0, 34.0, 305.0, 52.0, 310.0, 70.0, 315.0, 66.0, 339.0, 48.96, 338.54, 31.75, 336.57, 15.0, 333.0]
rec: Tan......................
text_instance: 1
bbox: [67, 313, 69, 45]
bezier_pts: [76.0, 313.0, 95.67, 317.67, 115.33, 322.33, 135.0, 327.0, 126.0, 357.0, 106.33, 354.0, 86.67, 351.0, 67.0, 348.0]
rec: Ngan.....................
text_instance: 2
bbox: [6, 373, 89, 63]
bezier_pts: [6.0, 373.0, 35.33, 377.67, 64.67, 382.33, 94.0, 387.0, 93.0, 435.0, 64.0, 432.33, 35.0, 429.67, 6.0, 427.0]
rec: ALO......................
text_instance: 3
bbox: [100, 375, 51, 73]
bezier_pts: [100.0, 429.0, 114.6, 413.0, 112.47, 393.02, 123.0, 375.0, 150.0, 390.0, 141.41, 408.02, 132.99, 427.29, 130.0, 447.0]
rec: AH.......................
text_instance: 4
bbox: [136, 309, 132, 73]
bezier_pts: [136.0, 358.0, 172.42, 324.47, 214.67, 306.1, 267.0, 309.0, 265.0, 345.0, 221.45, 335.05, 187.58, 358.63, 154.0, 381.0]
rec: CHENG....................
text_instance: 5
bbox: [273, 309, 118, 130]
bezier_pts: [288.0, 309.0, 330.69, 336.67, 364.74, 365.78, 390.0, 412.0, 355.0, 438.0, 345.5, 390.94, 315.03, 360.32, 273.0, 346.0]
rec: Laksa....................
text_instance: 6
bbox: [144, 559, 94, 66]
bezier_pts: [160.0, 559.0, 181.39, 577.45, 203.26, 603.17, 237.0, 595.0, 232.0, 624.0, 201.43, 613.2, 172.09, 599.33, 144.0, 583.0]
rec: since....................
text_instance: 7
bbox: [253, 564, 90, 55]
bezier_pts: [253.0, 598.0, 276.4, 590.51, 301.33, 582.41, 318.0, 564.0, 342.0, 577.0, 314.37, 593.26, 285.38, 607.13, 255.0, 618.0]
rec: 1960.....................
