text_instance: 0
bbox: [345, 337, 405, 144]
bezier_pts: [345.0, 430.0, 466.27, 312.51, 618.79, 304.15, 749.0, 403.0, 719.0, 453.0, 610.69, 350.53, 464.4, 373.68, 368.0, 480.0]
rec: ROBERTS..................
text_instance: 1
bbox: [308, 468, 488, 91]
bezier_pts: [311.0, 506.0, 471.17, 480.82, 633.83, 470.32, 789.0, 468.0, 795.0, 528.0, 633.68, 540.68, 470.75, 550.92, 308.0, 558.0]
rec: HARDWARE.................
text_instance: 2
bbox: [830, 356, 120, 43]
bezier_pts: [830.0, 369.0, 867.71, 358.72, 907.07, 360.07, 946.0, 356.0, 949.0, 385.0, 909.41, 392.05, 869.77, 395.97, 830.0, 397.0]
rec: Benjamin.................
text_instance: 3
bbox: [826, 388, 90, 30]
bezier_pts: [826.0, 396.0, 852.65, 384.79, 881.01, 391.21, 909.0, 388.0, 915.0, 412.0, 887.67, 413.67, 860.33, 415.33, 833.0, 417.0]
rec: Moore....................
text_instance: 4
bbox: [179, 417, 94, 37]
bezier_pts: [179.0, 422.0, 209.67, 420.33, 240.33, 418.67, 271.0, 417.0, 272.0, 440.0, 241.54, 446.89, 210.59, 451.02, 179.0, 452.0]
rec: Benjamin.................
text_instance: 5
bbox: [176, 441, 70, 30]
bezier_pts: [180.0, 446.0, 201.33, 444.33, 222.67, 442.67, 244.0, 441.0, 245.0, 465.0, 222.05, 469.07, 198.72, 470.54, 176.0, 470.0]
rec: Moore....................
text_instance: 6
bbox: [144, 613, 176, 48]
bezier_pts: [144.0, 623.0, 200.99, 610.63, 257.8, 615.09, 316.0, 613.0, 319.0, 647.0, 261.91, 653.92, 204.66, 658.05, 147.0, 659.0]
rec: PLUMBING.................
text_instance: 7
bbox: [447, 559, 69, 50]
bezier_pts: [447.0, 572.0, 469.92, 555.34, 496.57, 557.84, 515.0, 581.0, 510.0, 608.0, 493.44, 597.54, 475.47, 588.69, 454.0, 593.0]
rec: ROBERTS..................
text_instance: 8
bbox: [427, 589, 106, 63]
bezier_pts: [427.0, 589.0, 462.72, 594.55, 495.28, 599.95, 531.0, 611.0, 532.0, 651.0, 496.7, 646.34, 461.51, 638.71, 427.0, 628.0]
rec: HARDWARE.................
text_instance: 9
bbox: [536, 591, 126, 45]
bezier_pts: [536.0, 597.0, 577.67, 595.0, 619.33, 593.0, 661.0, 591.0, 661.0, 628.0, 621.33, 630.33, 581.67, 632.67, 542.0, 635.0]
rec: TOOLS....................
text_instance: 10
bbox: [735, 572, 199, 46]
bezier_pts: [737.0, 582.0, 802.33, 578.67, 867.67, 575.33, 933.0, 572.0, 933.0, 605.0, 866.97, 612.0, 801.42, 615.92, 735.0, 617.0]
rec: ELETRIC..................
text_instance: 11
bbox: [181, 675, 48, 27]
bezier_pts: [185.0, 675.0, 199.33, 675.0, 213.67, 675.0, 228.0, 675.0, 228.0, 701.0, 212.33, 700.33, 196.67, 699.67, 181.0, 699.0]
rec: Doit.....................
text_instance: 12
bbox: [152, 680, 89, 50]
bezier_pts: [152.0, 680.0, 181.33, 682.33, 210.67, 684.67, 240.0, 687.0, 240.0, 724.0, 211.95, 727.94, 183.45, 727.57, 155.0, 729.0]
rec: Best.....................
text_instance: 13
bbox: [364, 687, 64, 25]
bezier_pts: [364.0, 688.0, 385.0, 687.67, 406.0, 687.33, 427.0, 687.0, 426.0, 705.0, 406.67, 707.0, 387.33, 709.0, 368.0, 711.0]
rec: Serving..................
text_instance: 14
bbox: [459, 680, 58, 29]
bezier_pts: [459.0, 683.0, 478.0, 682.0, 497.0, 681.0, 516.0, 680.0, 512.0, 707.0, 495.33, 707.33, 478.67, 707.67, 462.0, 708.0]
rec: Haight...................
text_instance: 15
bbox: [515, 675, 74, 31]
bezier_pts: [515.0, 680.0, 538.67, 678.33, 562.33, 676.67, 586.0, 675.0, 588.0, 700.0, 564.16, 703.96, 539.95, 705.53, 516.0, 705.0]
rec: Ashbury..................
text_instance: 16
bbox: [584, 675, 52, 30]
bezier_pts: [584.0, 679.0, 601.0, 677.67, 618.0, 676.33, 635.0, 675.0, 635.0, 699.0, 619.33, 700.67, 603.67, 702.33, 588.0, 704.0]
rec: Since....................
text_instance: 17
bbox: [638, 672, 41, 25]
bezier_pts: [638.0, 679.0, 651.33, 672.76, 664.67, 676.23, 678.0, 672.0, 678.0, 695.0, 665.67, 695.33, 653.33, 695.67, 641.0, 696.0]
rec: 1931.....................
text_instance: 18
bbox: [869, 635, 58, 30]
bezier_pts: [869.0, 640.0, 888.0, 638.33, 907.0, 636.67, 926.0, 635.0, 923.0, 664.0, 905.67, 664.0, 888.33, 664.0, 871.0, 664.0]
rec: Doit.....................
text_instance: 19
bbox: [825, 649, 126, 60]
bezier_pts: [831.0, 649.0, 866.33, 650.33, 901.67, 651.67, 937.0, 653.0, 950.0, 700.0, 908.33, 702.67, 866.67, 705.33, 825.0, 708.0]
rec: Best.....................
text_instance: 20
bbox: [378, 606, 42, 37]
bezier_pts: [378.0, 611.0, 390.33, 609.33, 402.67, 607.67, 415.0, 606.0, 419.0, 638.0, 405.67, 639.33, 392.33, 640.67, 379.0, 642.0]
rec: QU.......................
text_instance: 21
bbox: [431, 685, 33, 19]
bezier_pts: [431.0, 686.0, 440.15, 683.62, 450.7, 685.56, 460.0, 685.0, 463.0, 703.0, 452.67, 703.0, 442.33, 703.0, 432.0, 703.0]
rec: the......................
