text_instance: 0
bbox: [127, 523, 331, 214]
bezier_pts: [127.0, 654.0, 225.99, 607.21, 333.69, 557.79, 442.0, 523.0, 457.0, 595.0, 356.67, 642.0, 256.33, 689.0, 156.0, 736.0]
rec: BURMAH...................
text_instance: 1
bbox: [438, 478, 237, 112]
bezier_pts: [438.0, 496.0, 516.33, 490.0, 594.67, 484.0, 673.0, 478.0, 674.0, 558.0, 603.33, 568.33, 532.67, 578.67, 462.0, 589.0]
rec: ROAD.....................
text_instance: 2
bbox: [691, 447, 304, 152]
bezier_pts: [691.0, 447.0, 791.07, 462.0, 896.92, 477.92, 994.0, 508.0, 991.0, 598.0, 892.0, 583.67, 793.0, 569.33, 694.0, 555.0]
rec: GOSPEL...................
text_instance: 3
bbox: [991, 495, 238, 205]
bezier_pts: [1027.0, 495.0, 1097.61, 528.93, 1163.09, 564.97, 1228.0, 604.0, 1207.0, 699.0, 1135.0, 664.33, 1063.0, 629.67, 991.0, 595.0]
rec: HALL.....................
