text_instance: 0
bbox: [260, 290, 39, 23]
bezier_pts: [260.0, 290.0, 272.67, 290.0, 285.33, 290.0, 298.0, 290.0, 298.0, 312.0, 285.33, 312.0, 272.67, 312.0, 260.0, 312.0]
rec: 59A......................
text_instance: 1
bbox: [256, 280, 35, 16]
bezier_pts: [256.0, 285.0, 266.97, 281.9, 277.62, 281.67, 289.0, 280.0, 290.0, 289.0, 279.33, 291.0, 268.67, 293.0, 258.0, 295.0]
rec: SHOP.....................
text_instance: 2
bbox: [5, 40, 112, 101]
bezier_pts: [10.0, 40.0, 45.33, 65.0, 80.67, 90.0, 116.0, 115.0, 109.0, 140.0, 74.33, 116.33, 39.67, 92.67, 5.0, 69.0]
rec: acement..................
text_instance: 3
bbox: [110, 117, 111, 103]
bezier_pts: [123.0, 117.0, 155.33, 139.33, 187.67, 161.67, 220.0, 184.0, 217.0, 219.0, 181.33, 197.67, 145.67, 176.33, 110.0, 155.0]
rec: Specialist...............
text_instance: 4
bbox: [8, 99, 140, 115]
bezier_pts: [12.0, 99.0, 59.66, 127.66, 102.89, 159.0, 147.0, 193.0, 140.0, 213.0, 92.17, 186.29, 45.92, 160.69, 8.0, 124.0]
rec: eduexpertscommy..........
text_instance: 5
bbox: [278, 183, 65, 57]
bezier_pts: [278.0, 191.0, 319.39, 169.06, 350.78, 194.58, 341.0, 238.0, 329.0, 239.0, 338.8, 201.74, 307.89, 182.52, 278.0, 206.0]
rec: GARBGEVAPE...............
text_instance: 6
bbox: [275, 205, 35, 31]
bezier_pts: [275.0, 229.0, 284.0, 221.0, 293.0, 213.0, 302.0, 205.0, 309.0, 214.0, 301.0, 221.24, 294.21, 229.68, 285.0, 235.0]
rec: THE......................
text_instance: 7
bbox: [291, 216, 43, 71]
bezier_pts: [308.0, 216.0, 318.11, 234.67, 324.67, 253.33, 333.0, 272.0, 315.0, 286.0, 305.54, 268.75, 300.53, 247.11, 291.0, 230.0]
rec: VAPE.....................
text_instance: 8
bbox: [280, 228, 41, 67]
bezier_pts: [292.0, 228.0, 301.6, 247.35, 304.96, 268.61, 320.0, 286.0, 307.0, 294.0, 290.49, 278.76, 295.49, 253.68, 280.0, 239.0]
rec: COMPANY..................
text_instance: 9
bbox: [351, 291, 29, 43]
bezier_pts: [355.0, 291.0, 363.0, 295.33, 371.0, 299.67, 379.0, 304.0, 377.0, 333.0, 368.33, 329.67, 359.67, 326.33, 351.0, 323.0]
rec: El.......................
text_instance: 10
bbox: [377, 312, 73, 69]
bezier_pts: [386.0, 312.0, 407.0, 327.33, 428.0, 342.67, 449.0, 358.0, 448.0, 380.0, 424.33, 367.67, 400.67, 355.33, 377.0, 343.0]
rec: KERETA...................
text_instance: 11
bbox: [325, 309, 48, 42]
bezier_pts: [337.0, 309.0, 348.67, 315.33, 360.33, 321.67, 372.0, 328.0, 369.0, 350.0, 354.33, 344.0, 339.67, 338.0, 325.0, 332.0]
rec: MOTOR....................
text_instance: 12
bbox: [382, 346, 37, 40]
bezier_pts: [387.0, 346.0, 397.0, 351.2, 407.7, 355.71, 418.0, 362.0, 414.0, 385.0, 403.33, 379.33, 392.67, 373.67, 382.0, 368.0]
rec: SPRAy....................
text_instance: 13
bbox: [340, 567, 81, 66]
bezier_pts: [340.0, 567.0, 366.67, 575.67, 393.33, 584.33, 420.0, 593.0, 417.0, 632.0, 393.33, 622.33, 369.67, 612.67, 346.0, 603.0]
rec: aragevape................
text_instance: 14
bbox: [95, 610, 77, 25]
bezier_pts: [95.0, 610.0, 119.33, 610.33, 143.67, 610.67, 168.0, 611.0, 171.0, 634.0, 146.33, 633.33, 121.67, 632.67, 97.0, 632.0]
rec: Garagevap................
text_instance: 15
bbox: [19, 261, 24, 46]
bezier_pts: [30.0, 261.0, 18.23, 273.34, 16.96, 290.1, 21.0, 306.0, 31.0, 304.0, 30.73, 290.72, 30.57, 277.04, 42.0, 267.0]
rec: EVAPE....................
text_instance: 16
bbox: [22, 278, 36, 60]
bezier_pts: [44.0, 278.0, 39.32, 296.78, 30.34, 313.06, 22.0, 330.0, 34.0, 337.0, 41.97, 319.55, 52.88, 305.26, 57.0, 286.0]
rec: VAPE.....................
text_instance: 17
bbox: [147, 489, 61, 41]
bezier_pts: [151.0, 489.0, 169.67, 493.33, 188.33, 497.67, 207.0, 502.0, 205.0, 529.0, 186.31, 522.87, 166.69, 516.6, 147.0, 511.0]
rec: OSREN....................
text_instance: 18
bbox: [289, 496, 38, 24]
bezier_pts: [290.0, 501.0, 301.0, 499.33, 312.0, 497.67, 323.0, 496.0, 326.0, 516.0, 313.78, 516.87, 301.12, 519.33, 289.0, 519.0]
rec: KERETA...................
text_instance: 19
bbox: [258, 519, 36, 17]
bezier_pts: [258.0, 522.0, 269.0, 521.0, 280.0, 520.0, 291.0, 519.0, 293.0, 535.0, 281.16, 534.87, 269.21, 535.56, 258.0, 534.0]
rec: WENG.....................
text_instance: 20
bbox: [295, 516, 23, 16]
bezier_pts: [295.0, 519.0, 301.18, 516.57, 307.16, 515.03, 314.0, 517.0, 317.0, 531.0, 309.67, 531.0, 302.33, 531.0, 295.0, 531.0]
rec: TAI......................
text_instance: 21
bbox: [243, 535, 39, 16]
bezier_pts: [245.0, 536.0, 256.67, 536.0, 268.33, 536.0, 280.0, 536.0, 281.0, 547.0, 268.37, 548.54, 255.76, 550.33, 243.0, 549.0]
rec: MOTOR....................
text_instance: 22
bbox: [293, 532, 36, 15]
bezier_pts: [293.0, 535.0, 303.33, 534.0, 313.67, 533.0, 324.0, 532.0, 328.0, 545.0, 316.33, 545.0, 304.67, 545.0, 293.0, 545.0]
rec: SPRAY....................
