text_instance: 0
bbox: [285, 263, 92, 104]
bezier_pts: [285.0, 349.0, 314.58, 319.93, 339.32, 285.99, 372.0, 263.0, 376.0, 299.0, 343.26, 309.35, 324.28, 337.39, 312.0, 366.0]
rec: SUSHI....................
text_instance: 1
bbox: [385, 235, 84, 42]
bezier_pts: [387.0, 253.0, 414.12, 244.41, 439.54, 231.76, 468.0, 235.0, 445.0, 271.0, 425.0, 272.67, 405.0, 274.33, 385.0, 276.0]
rec: MASA.....................
text_instance: 2
bbox: [248, 372, 259, 174]
bezier_pts: [254.0, 514.0, 338.0, 466.67, 422.0, 419.33, 506.0, 372.0, 506.0, 408.0, 419.42, 454.1, 334.46, 500.43, 248.0, 545.0]
rec: JAPANESE.................
text_instance: 3
bbox: [246, 515, 88, 69]
bezier_pts: [246.0, 558.0, 274.67, 543.67, 303.33, 529.33, 332.0, 515.0, 333.0, 539.0, 303.87, 554.71, 275.86, 570.16, 246.0, 583.0]
rec: SUSHI....................
text_instance: 4
bbox: [350, 419, 163, 110]
bezier_pts: [350.0, 496.0, 404.0, 470.33, 458.0, 444.67, 512.0, 419.0, 512.0, 448.0, 459.33, 474.67, 406.67, 501.33, 354.0, 528.0]
rec: CORNER...................
text_instance: 5
bbox: [1, 1050, 79, 143]
bezier_pts: [16.0, 1050.0, 51.29, 1075.0, 55.87, 1121.24, 79.0, 1152.0, 31.0, 1192.0, 15.53, 1165.35, 2.81, 1133.91, 1.0, 1103.0]
rec: ASA......................
