text_instance: 0
bbox: [116, 185, 136, 69]
bezier_pts: [116.0, 240.0, 149.11, 196.22, 199.59, 180.55, 250.0, 185.0, 251.0, 210.0, 208.3, 199.09, 163.17, 217.65, 135.0, 253.0]
rec: HEINEKEN.................
text_instance: 1
bbox: [257, 189, 85, 72]
bezier_pts: [263.0, 189.0, 294.64, 199.87, 324.78, 214.1, 341.0, 244.0, 324.0, 260.0, 305.24, 236.56, 283.28, 222.78, 257.0, 209.0]
rec: LAGER....................
text_instance: 2
bbox: [93, 291, 269, 59]
bezier_pts: [95.0, 291.0, 182.67, 293.0, 270.33, 295.0, 358.0, 297.0, 361.0, 349.0, 275.11, 345.83, 178.66, 358.83, 93.0, 340.0]
rec: Heineken.................
text_instance: 3
bbox: [112, 383, 119, 72]
bezier_pts: [130.0, 383.0, 155.05, 415.15, 189.29, 432.9, 230.0, 436.0, 230.0, 454.0, 182.01, 455.33, 139.66, 432.71, 112.0, 396.0]
rec: PREMIUM..................
text_instance: 4
bbox: [235, 383, 101, 74]
bezier_pts: [235.0, 435.0, 267.32, 426.11, 302.47, 411.21, 323.0, 383.0, 335.0, 397.0, 312.65, 433.12, 279.85, 452.42, 238.0, 456.0]
rec: QUALITY..................
