text_instance: 0
bbox: [206, 266, 113, 133]
bezier_pts: [206.0, 385.0, 208.59, 322.74, 233.13, 273.01, 303.0, 266.0, 318.0, 301.0, 280.94, 322.51, 243.42, 349.27, 239.0, 398.0]
rec: NATIONAL.................
text_instance: 1
bbox: [321, 263, 107, 47]
bezier_pts: [321.0, 267.0, 356.61, 265.41, 394.43, 263.26, 427.0, 280.0, 417.0, 309.0, 386.0, 304.0, 355.0, 299.0, 324.0, 294.0]
rec: TRACK....................
text_instance: 2
bbox: [313, 320, 89, 109]
bezier_pts: [323.0, 320.0, 343.07, 347.84, 370.19, 367.0, 401.0, 381.0, 384.0, 428.0, 350.4, 423.46, 323.87, 400.82, 313.0, 370.0]
rec: IND......................
text_instance: 3
bbox: [256, 466, 156, 67]
bezier_pts: [271.0, 466.0, 310.01, 492.99, 357.83, 506.96, 404.0, 492.0, 411.0, 527.0, 356.13, 534.9, 300.46, 544.8, 256.0, 498.0]
rec: MCMVIII..................
text_instance: 4
bbox: [420, 292, 80, 168]
bezier_pts: [445.0, 292.0, 506.34, 326.69, 515.98, 394.17, 491.0, 459.0, 459.0, 447.0, 443.14, 402.43, 466.69, 349.44, 420.0, 317.0]
rec: ATHLETICS................
