text_instance: 0
bbox: [497, 297, 47, 87]
bezier_pts: [497.0, 382.0, 498.59, 353.27, 489.11, 315.55, 521.0, 297.0, 543.0, 312.0, 539.28, 336.24, 516.78, 356.42, 528.0, 383.0]
rec: Eclipta..................
text_instance: 1
bbox: [555, 255, 86, 38]
bezier_pts: [555.0, 267.0, 583.51, 254.94, 609.65, 252.48, 640.0, 257.0, 635.0, 277.0, 610.67, 282.0, 586.33, 287.0, 562.0, 292.0]
rec: Butea....................
text_instance: 2
bbox: [645, 255, 63, 97]
bezier_pts: [652.0, 255.0, 694.17, 269.94, 706.27, 306.97, 707.0, 348.0, 693.0, 351.0, 696.58, 318.28, 675.08, 291.25, 645.0, 278.0]
rec: Frondosa.................
text_instance: 3
bbox: [559, 293, 69, 35]
bezier_pts: [559.0, 316.0, 577.51, 298.05, 600.14, 289.73, 626.0, 294.0, 627.0, 308.0, 607.67, 314.33, 588.33, 320.67, 569.0, 327.0]
rec: HERBAL...................
text_instance: 4
bbox: [628, 294, 51, 56]
bezier_pts: [636.0, 294.0, 664.03, 298.25, 671.82, 318.68, 678.0, 343.0, 665.0, 349.0, 660.16, 326.26, 650.96, 313.46, 628.0, 308.0]
rec: ACTIVES..................
text_instance: 5
bbox: [564, 408, 71, 27]
bezier_pts: [572.0, 408.0, 590.67, 409.33, 609.33, 410.67, 628.0, 412.0, 634.0, 426.0, 611.98, 438.91, 587.03, 437.11, 564.0, 423.0]
rec: HERBAL...................
text_instance: 6
bbox: [629, 361, 53, 67]
bezier_pts: [629.0, 409.0, 640.33, 393.67, 651.67, 378.33, 663.0, 363.0, 681.0, 361.0, 675.26, 388.06, 665.57, 415.51, 638.0, 427.0]
rec: ACTIVES..................
text_instance: 7
bbox: [482, 467, 71, 21]
bezier_pts: [482.0, 472.0, 503.67, 470.33, 525.33, 468.67, 547.0, 467.0, 552.0, 482.0, 528.55, 484.9, 505.44, 486.24, 482.0, 486.0]
rec: Reduces..................
text_instance: 8
bbox: [552, 461, 37, 25]
bezier_pts: [552.0, 467.0, 563.33, 465.0, 574.67, 463.0, 586.0, 461.0, 588.0, 479.0, 576.94, 481.7, 565.44, 483.76, 554.0, 485.0]
rec: Hair.....................
text_instance: 9
bbox: [589, 458, 31, 23]
bezier_pts: [589.0, 463.0, 598.33, 461.33, 607.67, 459.67, 617.0, 458.0, 619.0, 474.0, 611.0, 478.4, 601.95, 478.97, 593.0, 480.0]
rec: Fall.....................
text_instance: 10
bbox: [618, 451, 34, 26]
bezier_pts: [618.0, 459.0, 628.0, 456.33, 638.0, 453.67, 648.0, 451.0, 651.0, 467.0, 642.46, 472.76, 632.86, 475.59, 623.0, 476.0]
rec: due......................
text_instance: 11
bbox: [672, 424, 60, 39]
bezier_pts: [672.0, 444.0, 691.33, 437.33, 710.67, 430.67, 730.0, 424.0, 731.0, 444.0, 714.64, 452.83, 697.31, 459.04, 679.0, 462.0]
rec: breakage.................
text_instance: 12
bbox: [569, 492, 59, 40]
bezier_pts: [569.0, 505.0, 587.19, 498.12, 603.15, 495.98, 622.0, 492.0, 627.0, 520.0, 610.43, 526.5, 592.96, 530.27, 575.0, 531.0]
rec: 400......................
text_instance: 13
bbox: [536, 337, 24, 31]
bezier_pts: [536.0, 367.0, 539.09, 355.04, 539.18, 344.71, 545.0, 337.0, 559.0, 342.0, 552.28, 355.15, 552.16, 357.37, 554.0, 366.0]
rec: 100......................
text_instance: 14
bbox: [653, 451, 19, 17]
bezier_pts: [653.0, 455.0, 657.42, 453.01, 661.84, 449.63, 667.0, 451.0, 671.0, 463.0, 664.83, 464.02, 659.18, 466.01, 653.0, 467.0]
rec: to.......................
text_instance: 15
bbox: [633, 485, 40, 34]
bezier_pts: [633.0, 498.0, 643.67, 493.67, 654.33, 489.33, 665.0, 485.0, 672.0, 511.0, 659.67, 513.33, 647.33, 515.67, 635.0, 518.0]
rec: ml.......................
text_instance: 16
bbox: [543, 379, 23, 29]
bezier_pts: [552.0, 379.0, 556.33, 386.0, 560.67, 393.0, 565.0, 400.0, 552.0, 407.0, 545.08, 398.35, 543.64, 392.66, 543.0, 385.0]
rec: 100......................
