text_instance: 0
bbox: [305, 432, 189, 65]
bezier_pts: [306.0, 433.0, 367.67, 433.33, 429.33, 433.67, 491.0, 434.0, 493.0, 495.0, 430.33, 495.33, 367.67, 495.67, 305.0, 496.0]
rec: CHOCOLATE................
text_instance: 1
bbox: [306, 345, 79, 74]
bezier_pts: [306.0, 347.0, 332.0, 347.0, 358.0, 347.0, 384.0, 347.0, 379.0, 414.0, 354.8, 417.41, 331.95, 417.17, 308.0, 418.0]
rec: HOT......................
text_instance: 2
bbox: [42, 37, 670, 132]
bezier_pts: [42.0, 67.0, 276.47, 7.34, 506.38, 27.85, 711.0, 124.0, 673.0, 168.0, 470.23, 73.59, 268.34, 64.32, 62.0, 135.0]
rec: DOUGHNUT.................
text_instance: 3
bbox: [283, 105, 210, 56]
bezier_pts: [283.0, 105.0, 351.34, 104.39, 417.89, 113.39, 488.0, 116.0, 492.0, 160.0, 424.69, 157.44, 358.38, 155.38, 291.0, 151.0]
rec: TIME.....................
text_instance: 4
bbox: [291, 273, 204, 64]
bezier_pts: [294.0, 274.0, 352.31, 261.28, 418.89, 312.12, 475.0, 273.0, 494.0, 305.0, 425.76, 317.59, 357.78, 327.26, 291.0, 336.0]
rec: Embrace..................
text_instance: 5
bbox: [403, 326, 65, 24]
bezier_pts: [409.0, 327.0, 427.67, 326.67, 446.33, 326.33, 465.0, 326.0, 467.0, 348.0, 445.67, 348.0, 424.33, 348.0, 403.0, 348.0]
rec: all......................
