text_instance: 0
bbox: [532, 458, 149, 26]
bezier_pts: [532.0, 458.0, 581.33, 458.0, 630.67, 458.0, 680.0, 458.0, 680.0, 483.0, 630.67, 483.0, 581.33, 483.0, 532.0, 483.0]
rec: PASSAGE..................
text_instance: 1
bbox: [583, 487, 96, 23]
bezier_pts: [583.0, 487.0, 614.67, 487.0, 646.33, 487.0, 678.0, 487.0, 678.0, 508.0, 646.18, 508.53, 615.42, 509.92, 583.0, 508.0]
rec: ASEAN....................
text_instance: 2
bbox: [455, 247, 127, 65]
bezier_pts: [455.0, 274.0, 495.21, 262.3, 536.96, 251.01, 581.0, 247.0, 579.0, 285.0, 542.33, 293.67, 505.67, 302.33, 469.0, 311.0]
rec: Field....................
text_instance: 3
bbox: [593, 246, 117, 58]
bezier_pts: [593.0, 246.0, 631.67, 254.67, 670.33, 263.33, 709.0, 272.0, 696.0, 303.0, 663.33, 299.0, 630.67, 295.0, 598.0, 291.0]
rec: Trips....................
text_instance: 4
bbox: [467, 308, 225, 73]
bezier_pts: [467.0, 328.0, 541.67, 300.96, 616.33, 303.97, 691.0, 321.0, 682.0, 369.0, 616.67, 356.89, 551.33, 341.0, 486.0, 380.0]
rec: NEWS.....................
text_instance: 5
bbox: [538, 491, 42, 23]
bezier_pts: [538.0, 491.0, 551.0, 491.33, 564.0, 491.67, 577.0, 492.0, 579.0, 512.0, 565.33, 512.33, 551.67, 512.67, 538.0, 513.0]
rec: TO.......................
