text_instance: 0
bbox: [201, 421, 166, 28]
bezier_pts: [201.0, 421.0, 256.0, 421.0, 311.0, 421.0, 366.0, 421.0, 366.0, 447.0, 310.84, 447.71, 257.36, 448.74, 201.0, 447.0]
rec: CHOCOLATE................
text_instance: 1
bbox: [147, 378, 204, 47]
bezier_pts: [147.0, 378.0, 214.67, 378.0, 282.33, 378.0, 350.0, 378.0, 350.0, 422.0, 282.15, 423.05, 214.94, 422.71, 147.0, 422.0]
rec: ALMOND...................
text_instance: 2
bbox: [127, 424, 68, 25]
bezier_pts: [127.0, 424.0, 149.33, 424.0, 171.67, 424.0, 194.0, 424.0, 194.0, 446.0, 171.67, 446.0, 149.33, 446.0, 127.0, 446.0]
rec: MILK.....................
text_instance: 3
bbox: [124, 177, 133, 52]
bezier_pts: [124.0, 182.0, 165.61, 173.91, 203.95, 177.71, 246.0, 177.0, 256.0, 212.0, 214.45, 220.44, 172.09, 225.66, 130.0, 228.0]
rec: BUBBA....................
text_instance: 4
bbox: [263, 171, 108, 58]
bezier_pts: [265.0, 171.0, 301.48, 176.13, 341.73, 168.08, 370.0, 197.0, 357.0, 228.0, 325.75, 224.7, 293.86, 220.12, 263.0, 214.0]
rec: GUMP.....................
text_instance: 5
bbox: [166, 220, 93, 28]
bezier_pts: [166.0, 227.0, 197.7, 220.06, 227.32, 222.01, 258.0, 220.0, 246.0, 243.0, 221.68, 246.41, 196.57, 246.03, 171.0, 247.0]
rec: SHRIMP...................
text_instance: 6
bbox: [145, 234, 95, 69]
bezier_pts: [155.0, 234.0, 172.76, 263.42, 202.71, 284.66, 239.0, 290.0, 236.0, 302.0, 194.66, 293.98, 165.9, 272.2, 145.0, 237.0]
rec: RESTAURANT...............
text_instance: 7
bbox: [294, 236, 57, 56]
bezier_pts: [294.0, 282.0, 310.9, 268.34, 332.76, 256.95, 341.0, 236.0, 350.0, 241.0, 339.27, 262.25, 321.65, 280.95, 299.0, 291.0]
rec: MARKET...................
text_instance: 8
bbox: [297, 225, 35, 20]
bezier_pts: [299.0, 225.0, 309.31, 227.48, 321.39, 224.1, 331.0, 230.0, 330.0, 244.0, 318.92, 244.13, 308.42, 243.68, 297.0, 242.0]
rec: CO.......................
