text_instance: 0
bbox: [38, 18, 883, 413]
bezier_pts: [38.0, 373.0, 291.86, 85.11, 630.7, 49.04, 920.0, 306.0, 729.0, 430.0, 608.19, 173.07, 373.01, 150.76, 230.0, 411.0]
rec: CLEANER..................
text_instance: 1
bbox: [295, 392, 279, 85]
bezier_pts: [295.0, 392.0, 386.0, 392.67, 477.0, 393.33, 568.0, 394.0, 573.0, 476.0, 481.67, 475.0, 390.33, 474.0, 299.0, 473.0]
rec: AND......................
text_instance: 2
bbox: [51, 513, 907, 362]
bezier_pts: [218.0, 513.0, 375.58, 700.91, 583.01, 671.7, 762.0, 533.0, 957.0, 661.0, 640.76, 884.9, 301.09, 822.52, 51.0, 534.0]
rec: DYERS....................
