text_instance: 0
bbox: [254, 237, 176, 130]
bezier_pts: [290.0, 237.0, 336.33, 263.33, 382.67, 289.67, 429.0, 316.0, 413.0, 366.0, 353.29, 357.39, 292.42, 330.78, 254.0, 282.0]
rec: HOWAY....................
text_instance: 1
bbox: [439, 309, 96, 60]
bezier_pts: [439.0, 319.0, 467.67, 315.67, 496.33, 312.33, 525.0, 309.0, 534.0, 359.0, 504.42, 364.61, 474.66, 367.22, 444.0, 367.0]
rec: THE......................
text_instance: 2
bbox: [539, 260, 118, 94]
bezier_pts: [539.0, 309.0, 567.67, 292.67, 596.33, 276.33, 625.0, 260.0, 656.0, 292.0, 623.96, 315.01, 590.83, 335.37, 556.0, 353.0]
rec: LADS.....................
