text_instance: 0
bbox: [229, 122, 69, 174]
bezier_pts: [229.0, 287.0, 228.73, 228.56, 229.49, 164.69, 275.0, 122.0, 297.0, 137.0, 269.32, 188.63, 274.03, 241.57, 253.0, 295.0]
rec: BREATHE..................
text_instance: 1
bbox: [288, 58, 88, 72]
bezier_pts: [288.0, 112.0, 311.22, 87.14, 333.18, 67.93, 367.0, 58.0, 375.0, 77.0, 351.67, 94.33, 328.33, 111.67, 305.0, 129.0]
rec: DEEP.....................
text_instance: 2
bbox: [392, 40, 75, 31]
bezier_pts: [392.0, 49.0, 415.73, 40.62, 440.11, 37.89, 464.0, 42.0, 466.0, 64.0, 443.33, 66.0, 420.67, 68.0, 398.0, 70.0]
rec: RUN......................
text_instance: 3
bbox: [477, 42, 94, 55]
bezier_pts: [479.0, 42.0, 511.4, 50.78, 543.13, 59.96, 570.0, 78.0, 562.0, 96.0, 533.67, 85.67, 505.33, 75.33, 477.0, 65.0]
rec: HARD.....................
text_instance: 4
bbox: [574, 87, 76, 99]
bezier_pts: [590.0, 87.0, 622.24, 98.89, 649.01, 132.27, 649.0, 168.0, 628.0, 185.0, 604.16, 164.9, 589.94, 138.19, 574.0, 113.0]
rec: ROCk.....................
text_instance: 5
bbox: [308, 162, 189, 79]
bezier_pts: [308.0, 199.0, 363.03, 174.48, 423.02, 157.9, 484.0, 162.0, 496.0, 205.0, 441.34, 219.63, 386.05, 231.23, 331.0, 240.0]
rec: ROCK.....................
text_instance: 6
bbox: [316, 307, 93, 30]
bezier_pts: [316.0, 307.0, 345.9, 308.28, 376.77, 304.72, 404.0, 318.0, 408.0, 335.0, 376.71, 334.27, 346.16, 330.64, 316.0, 324.0]
rec: RIVERS...................
text_instance: 7
bbox: [411, 311, 66, 27]
bezier_pts: [413.0, 317.0, 432.09, 308.42, 452.55, 314.08, 471.0, 311.0, 476.0, 329.0, 454.62, 334.08, 432.9, 336.03, 411.0, 335.0]
rec: HALF.....................
text_instance: 8
bbox: [477, 278, 129, 52]
bezier_pts: [477.0, 313.0, 518.33, 301.33, 559.67, 289.67, 601.0, 278.0, 605.0, 293.0, 563.77, 307.8, 522.07, 319.83, 479.0, 329.0]
rec: MARATHON.................
text_instance: 9
bbox: [310, 327, 50, 23]
bezier_pts: [313.0, 327.0, 328.33, 328.33, 343.67, 329.67, 359.0, 331.0, 356.0, 349.0, 340.67, 346.0, 325.33, 343.0, 310.0, 340.0]
rec: HALF.....................
text_instance: 10
bbox: [356, 332, 97, 20]
bezier_pts: [358.0, 332.0, 388.33, 332.33, 418.67, 332.67, 449.0, 333.0, 452.0, 347.0, 420.0, 349.38, 388.0, 348.71, 356.0, 345.0]
rec: MARATHON.................
text_instance: 11
bbox: [454, 322, 77, 27]
bezier_pts: [454.0, 336.0, 479.0, 331.33, 504.0, 326.67, 529.0, 322.0, 530.0, 336.0, 504.67, 341.78, 479.33, 345.78, 454.0, 348.0]
rec: RELAY15K.................
text_instance: 12
bbox: [534, 294, 79, 41]
bezier_pts: [534.0, 321.0, 557.67, 312.0, 581.33, 303.0, 605.0, 294.0, 612.0, 306.0, 585.43, 316.14, 560.76, 326.59, 534.0, 334.0]
rec: RUNWALK..................
text_instance: 13
bbox: [288, 396, 136, 86]
bezier_pts: [306.0, 396.0, 337.86, 427.37, 375.54, 451.49, 423.0, 459.0, 422.0, 481.0, 371.23, 475.31, 322.6, 452.05, 288.0, 411.0]
rec: GROSSE...................
text_instance: 14
bbox: [430, 454, 58, 35]
bezier_pts: [433.0, 456.0, 448.67, 455.33, 464.33, 454.67, 480.0, 454.0, 487.0, 484.0, 468.19, 486.23, 449.1, 485.65, 430.0, 482.0]
rec: ILE......................
text_instance: 15
bbox: [508, 350, 137, 126]
bezier_pts: [508.0, 454.0, 557.2, 431.13, 603.14, 397.28, 629.0, 350.0, 644.0, 363.0, 617.87, 417.39, 571.27, 460.36, 514.0, 475.0]
rec: MICHIGAN.................
text_instance: 16
bbox: [501, 163, 85, 57]
bezier_pts: [501.0, 163.0, 530.54, 165.11, 558.9, 168.27, 585.0, 179.0, 582.0, 219.0, 555.33, 216.33, 528.67, 213.67, 502.0, 211.0]
rec: CF.......................
text_instance: 17
bbox: [633, 190, 33, 40]
bezier_pts: [658.0, 190.0, 655.18, 199.35, 662.9, 211.38, 665.0, 228.0, 649.0, 229.0, 641.48, 219.34, 641.04, 202.67, 633.0, 191.0]
rec: CF.......................
