text_instance: 0
bbox: [118, 59, 332, 183]
bezier_pts: [118.0, 204.0, 196.98, 92.74, 315.2, 38.96, 449.0, 65.0, 442.0, 121.0, 329.99, 100.32, 235.3, 159.07, 166.0, 241.0]
rec: PANGSAPURI...............
text_instance: 1
bbox: [488, 80, 194, 168]
bezier_pts: [508.0, 80.0, 574.07, 104.0, 637.72, 146.25, 681.0, 206.0, 642.0, 247.0, 603.13, 190.79, 546.43, 156.03, 488.0, 132.0]
rec: PINANG...................
text_instance: 2
bbox: [61, 310, 248, 62]
bezier_pts: [63.0, 310.0, 141.33, 310.0, 219.67, 310.0, 298.0, 310.0, 308.0, 367.0, 226.15, 370.31, 144.37, 370.4, 61.0, 371.0]
rec: PENHILL..................
text_instance: 3
bbox: [396, 307, 344, 65]
bezier_pts: [396.0, 309.0, 508.67, 308.33, 621.33, 307.67, 734.0, 307.0, 739.0, 371.0, 624.67, 371.0, 510.33, 371.0, 396.0, 371.0]
rec: APARTMENT................
