text_instance: 0
bbox: [172, 294, 141, 27]
bezier_pts: [172.0, 294.0, 218.67, 294.0, 265.33, 294.0, 312.0, 294.0, 312.0, 318.0, 264.66, 319.84, 218.04, 319.84, 172.0, 318.0]
rec: DOWNSTAIRS...............
text_instance: 1
bbox: [28, 372, 105, 25]
bezier_pts: [28.0, 372.0, 62.67, 372.0, 97.33, 372.0, 132.0, 372.0, 132.0, 394.0, 97.33, 395.91, 62.67, 396.67, 28.0, 394.0]
rec: FASCINATIN...............
text_instance: 2
bbox: [76, 420, 35, 29]
bezier_pts: [76.0, 420.0, 87.33, 420.0, 98.67, 420.0, 110.0, 420.0, 110.0, 446.0, 98.51, 447.7, 87.46, 447.59, 76.0, 446.0]
rec: THE......................
text_instance: 3
bbox: [43, 421, 32, 27]
bezier_pts: [43.0, 421.0, 53.33, 421.0, 63.67, 421.0, 74.0, 421.0, 74.0, 446.0, 63.7, 446.0, 53.0, 446.0, 43.0, 446.0]
rec: FOR......................
text_instance: 4
bbox: [96, 100, 85, 142]
bezier_pts: [96.0, 208.0, 126.55, 176.08, 137.35, 123.57, 180.0, 100.0, 178.0, 163.0, 142.92, 176.29, 136.51, 216.27, 117.0, 241.0]
rec: SPIRIT...................
text_instance: 5
bbox: [183, 41, 329, 141]
bezier_pts: [183.0, 69.0, 297.35, 9.62, 409.39, 38.75, 511.0, 109.0, 461.0, 181.0, 392.6, 106.74, 297.3, 92.0, 202.0, 127.0]
rec: MONTEREY.................
text_instance: 6
bbox: [271, 120, 83, 50]
bezier_pts: [271.0, 120.0, 299.24, 124.42, 326.85, 126.9, 353.0, 141.0, 338.0, 169.0, 315.67, 162.0, 293.33, 155.0, 271.0, 148.0]
rec: Cannery..................
text_instance: 7
bbox: [350, 133, 52, 49]
bezier_pts: [353.0, 133.0, 370.72, 139.82, 386.14, 151.96, 401.0, 162.0, 388.0, 181.0, 375.33, 176.67, 362.67, 172.33, 350.0, 168.0]
rec: Row......................
text_instance: 8
bbox: [196, 201, 239, 83]
bezier_pts: [196.0, 235.0, 273.33, 223.67, 350.67, 212.33, 428.0, 201.0, 434.0, 266.0, 354.67, 271.67, 275.33, 277.33, 196.0, 283.0]
rec: MUSEUM...................
text_instance: 9
bbox: [124, 239, 64, 45]
bezier_pts: [124.0, 250.0, 144.67, 246.33, 165.33, 242.67, 186.0, 239.0, 187.0, 278.0, 167.0, 279.67, 147.0, 281.33, 127.0, 283.0]
rec: WAX......................
