text_instance: 0
bbox: [199, 161, 241, 48]
bezier_pts: [199.0, 181.0, 274.52, 143.86, 365.25, 157.37, 439.0, 183.0, 426.0, 208.0, 356.09, 190.13, 282.64, 183.13, 211.0, 203.0]
rec: COMMIT...................
text_instance: 1
bbox: [181, 230, 269, 43]
bezier_pts: [184.0, 230.0, 268.31, 232.82, 357.75, 231.91, 442.0, 239.0, 449.0, 272.0, 359.67, 269.67, 270.33, 267.33, 181.0, 265.0]
rec: NUISANCE.................
text_instance: 2
bbox: [274, 197, 83, 36]
bezier_pts: [276.0, 199.0, 301.36, 194.65, 326.94, 199.15, 354.0, 200.0, 356.0, 231.0, 329.04, 231.73, 302.06, 231.78, 274.0, 232.0]
rec: NO.......................
