text_instance: 0
bbox: [155, 334, 75, 18]
bezier_pts: [155.0, 334.0, 179.67, 334.0, 204.33, 334.0, 229.0, 334.0, 229.0, 350.0, 204.16, 351.69, 179.28, 351.47, 155.0, 350.0]
rec: COFFEE...................
text_instance: 1
bbox: [238, 333, 100, 19]
bezier_pts: [238.0, 333.0, 271.0, 333.0, 304.0, 333.0, 337.0, 333.0, 337.0, 350.0, 304.94, 351.55, 271.39, 351.59, 238.0, 350.0]
rec: ROASTERS.................
text_instance: 2
bbox: [137, 282, 215, 45]
bezier_pts: [137.0, 306.0, 208.21, 279.92, 283.1, 270.03, 351.0, 303.0, 346.0, 326.0, 280.11, 300.92, 210.66, 322.25, 143.0, 326.0]
rec: STUMPTOWN................
