text_instance: 0
bbox: [215, 125, 39, 28]
bezier_pts: [215.0, 125.0, 223.99, 127.47, 241.51, 129.78, 253.0, 125.0, 253.0, 151.0, 240.51, 153.09, 227.83, 150.99, 215.0, 151.0]
rec: CA.......................
text_instance: 1
bbox: [46, 162, 91, 16]
bezier_pts: [46.0, 162.0, 76.0, 162.0, 106.0, 162.0, 136.0, 162.0, 136.0, 176.0, 106.67, 175.2, 76.1, 178.53, 46.0, 176.0]
rec: STEINBECK................
text_instance: 2
bbox: [170, 162, 51, 14]
bezier_pts: [170.0, 162.0, 186.67, 162.0, 203.33, 162.0, 220.0, 162.0, 220.0, 175.0, 203.33, 175.0, 186.67, 175.0, 170.0, 175.0]
rec: PLAZA....................
text_instance: 3
bbox: [222, 162, 35, 15]
bezier_pts: [222.0, 162.0, 233.33, 162.0, 244.67, 162.0, 256.0, 162.0, 256.0, 175.0, 244.85, 176.57, 233.34, 176.53, 222.0, 175.0]
rec: TWO......................
text_instance: 4
bbox: [67, 65, 119, 52]
bezier_pts: [67.0, 102.0, 94.85, 63.16, 143.95, 59.56, 185.0, 69.0, 173.0, 92.0, 142.62, 84.12, 113.19, 90.04, 94.0, 116.0]
rec: CANNERY..................
text_instance: 5
bbox: [181, 71, 56, 46]
bezier_pts: [196.0, 71.0, 208.71, 81.44, 228.65, 88.55, 236.0, 105.0, 211.0, 116.0, 201.0, 107.33, 191.0, 98.67, 181.0, 90.0]
rec: ROW......................
text_instance: 6
bbox: [42, 123, 150, 31]
bezier_pts: [43.0, 123.0, 92.0, 123.33, 141.0, 123.67, 190.0, 124.0, 191.0, 152.0, 141.33, 152.0, 91.67, 152.0, 42.0, 152.0]
rec: MONTEREY.................
