text_instance: 0
bbox: [90, 153, 78, 33]
bezier_pts: [104.0, 153.0, 116.5, 169.33, 143.5, 182.55, 156.0, 157.0, 167.0, 170.0, 140.39, 196.41, 113.19, 186.8, 90.0, 162.0]
rec: EXPRESS..................
text_instance: 1
bbox: [172, 133, 208, 79]
bezier_pts: [172.0, 133.0, 239.0, 141.33, 306.0, 149.67, 373.0, 158.0, 379.0, 211.0, 311.0, 207.35, 243.0, 202.02, 175.0, 195.0]
rec: TEPPAN...................
text_instance: 2
bbox: [388, 161, 104, 66]
bezier_pts: [388.0, 161.0, 420.67, 165.33, 453.33, 169.67, 486.0, 174.0, 491.0, 226.0, 459.33, 223.33, 427.67, 220.67, 396.0, 218.0]
rec: YAKI.....................
