text_instance: 0
bbox: [391, 365, 364, 256]
bezier_pts: [415.0, 365.0, 499.39, 381.1, 597.69, 353.47, 674.0, 426.0, 754.0, 563.0, 645.08, 616.94, 512.47, 629.04, 391.0, 612.0]
rec: Zum......................
text_instance: 1
bbox: [664, 324, 944, 354]
bezier_pts: [664.0, 368.0, 1024.93, 270.53, 1345.1, 309.33, 1607.0, 582.0, 1537.0, 677.0, 1298.69, 598.42, 1020.63, 442.6, 753.0, 589.0]
rec: Franziskaner.............
text_instance: 2
bbox: [354, 658, 458, 196]
bezier_pts: [354.0, 658.0, 504.33, 666.0, 654.67, 674.0, 805.0, 682.0, 811.0, 853.0, 659.55, 850.11, 506.7, 845.62, 354.0, 838.0]
rec: Ungang...................
text_instance: 3
bbox: [842, 688, 303, 154]
bezier_pts: [842.0, 688.0, 934.33, 689.0, 1026.67, 690.0, 1119.0, 691.0, 1144.0, 841.0, 1046.22, 837.59, 948.04, 831.22, 851.0, 822.0]
rec: runt.....................
text_instance: 4
bbox: [1196, 688, 406, 175]
bezier_pts: [1196.0, 688.0, 1325.0, 698.33, 1454.0, 708.67, 1583.0, 719.0, 1601.0, 862.0, 1467.0, 860.0, 1333.0, 858.0, 1199.0, 856.0]
rec: hornet...................
text_instance: 5
bbox: [351, 905, 562, 211]
bezier_pts: [351.0, 905.0, 533.0, 911.0, 715.0, 917.0, 897.0, 923.0, 912.0, 1103.0, 731.0, 1107.0, 550.0, 1111.0, 369.0, 1115.0]
rec: Gingang..................
text_instance: 6
bbox: [1132, 917, 190, 166]
bezier_pts: [1132.0, 917.0, 1192.0, 917.0, 1252.0, 917.0, 1312.0, 917.0, 1321.0, 1082.0, 1261.0, 1079.67, 1201.0, 1077.33, 1141.0, 1075.0]
rec: die......................
text_instance: 7
bbox: [1348, 935, 251, 157]
bezier_pts: [1354.0, 935.0, 1430.33, 939.0, 1506.67, 943.0, 1583.0, 947.0, 1598.0, 1085.0, 1514.67, 1087.0, 1431.33, 1089.0, 1348.0, 1091.0]
rec: ecke.....................
text_instance: 8
bbox: [412, 1173, 343, 169]
bezier_pts: [430.0, 1173.0, 538.0, 1173.0, 646.0, 1173.0, 754.0, 1173.0, 744.0, 1341.0, 633.33, 1340.0, 522.67, 1339.0, 412.0, 1338.0]
rec: Man......................
text_instance: 9
bbox: [833, 1197, 226, 147]
bezier_pts: [860.0, 1197.0, 926.0, 1197.0, 992.0, 1197.0, 1058.0, 1197.0, 1055.0, 1341.0, 980.99, 1340.31, 906.55, 1341.02, 833.0, 1338.0]
rec: Fri......................
text_instance: 10
bbox: [1098, 1188, 172, 138]
bezier_pts: [1098.0, 1188.0, 1155.0, 1188.0, 1212.0, 1188.0, 1269.0, 1188.0, 1257.0, 1322.0, 1205.16, 1323.15, 1153.18, 1322.15, 1101.0, 1319.0]
rec: 1130.....................
text_instance: 11
bbox: [1324, 1191, 211, 175]
bezier_pts: [1324.0, 1191.0, 1394.72, 1192.36, 1465.26, 1191.51, 1534.0, 1207.0, 1528.0, 1365.0, 1463.0, 1364.0, 1398.0, 1363.0, 1333.0, 1362.0]
rec: 0130.....................
text_instance: 12
bbox: [641, 1377, 245, 163]
bezier_pts: [641.0, 1377.0, 721.33, 1380.0, 801.67, 1383.0, 882.0, 1386.0, 885.0, 1539.0, 803.67, 1539.0, 722.33, 1539.0, 641.0, 1539.0]
rec: Lor......................
text_instance: 13
bbox: [903, 1396, 217, 140]
bezier_pts: [903.0, 1396.0, 975.0, 1397.0, 1047.0, 1398.0, 1119.0, 1399.0, 1110.0, 1533.0, 1045.0, 1533.0, 980.0, 1533.0, 915.0, 1533.0]
rec: 1200.....................
text_instance: 14
bbox: [1159, 1377, 224, 178]
bezier_pts: [1159.0, 1377.0, 1233.33, 1383.33, 1307.67, 1389.67, 1382.0, 1396.0, 1379.0, 1554.0, 1310.67, 1549.0, 1242.33, 1544.0, 1174.0, 1539.0]
rec: 0130.....................
text_instance: 15
bbox: [650, 1557, 794, 161]
bezier_pts: [680.0, 1557.0, 934.33, 1564.33, 1188.67, 1571.67, 1443.0, 1579.0, 1430.0, 1716.0, 1170.42, 1714.93, 909.85, 1713.72, 650.0, 1710.0]
rec: Ualkommen................
text_instance: 16
bbox: [110, 1002, 199, 65]
bezier_pts: [110.0, 1002.0, 173.0, 1005.0, 236.0, 1008.0, 299.0, 1011.0, 308.0, 1066.0, 245.0, 1064.0, 182.0, 1062.0, 119.0, 1060.0]
rec: LARM.....................
text_instance: 17
bbox: [119, 874, 175, 93]
bezier_pts: [119.0, 905.0, 170.0, 894.67, 221.0, 884.33, 272.0, 874.0, 293.0, 926.0, 243.33, 939.33, 193.67, 952.67, 144.0, 966.0]
rec: Direct...................
text_instance: 18
bbox: [833, 2021, 269, 68]
bezier_pts: [833.0, 2033.0, 921.33, 2029.0, 1009.67, 2025.0, 1098.0, 2021.0, 1101.0, 2082.0, 1017.67, 2084.0, 934.33, 2086.0, 851.0, 2088.0]
rec: VARUNTAG.................
text_instance: 19
bbox: [936, 961, 191, 110]
bezier_pts: [942.0, 961.0, 1000.63, 960.86, 1053.13, 960.94, 1110.0, 966.0, 1126.0, 1070.0, 1062.67, 1068.0, 999.33, 1066.0, 936.0, 1064.0]
rec: um.......................
