text_instance: 0
bbox: [475, 1115, 167, 535]
bezier_pts: [558.0, 1649.0, 481.02, 1472.08, 462.92, 1307.58, 482.0, 1115.0, 555.0, 1127.0, 536.51, 1293.5, 551.07, 1474.94, 641.0, 1627.0]
rec: CONFISSERIE..............
text_instance: 1
bbox: [497, 859, 172, 242]
bezier_pts: [497.0, 1075.0, 524.91, 997.21, 551.26, 920.71, 607.0, 859.0, 668.0, 905.0, 633.02, 970.1, 593.5, 1033.16, 574.0, 1100.0]
rec: HADJI....................
text_instance: 2
bbox: [632, 676, 266, 211]
bezier_pts: [632.0, 819.0, 710.64, 760.62, 799.2, 715.64, 885.0, 676.0, 897.0, 758.0, 815.85, 774.73, 748.78, 825.84, 693.0, 886.0]
rec: ISMAIL...................
text_instance: 3
bbox: [894, 676, 272, 117]
bezier_pts: [894.0, 676.0, 988.27, 680.17, 1076.87, 697.96, 1165.0, 731.0, 1141.0, 792.0, 1063.67, 781.67, 986.33, 771.33, 909.0, 761.0]
rec: HAKKI....................
text_instance: 4
bbox: [1156, 737, 199, 214]
bezier_pts: [1193.0, 737.0, 1254.91, 787.34, 1304.34, 841.0, 1354.0, 902.0, 1287.0, 950.0, 1258.71, 886.56, 1218.36, 837.45, 1156.0, 807.0]
rec: ZADE.....................
text_instance: 5
bbox: [635, 1694, 525, 211]
bezier_pts: [692.0, 1694.0, 807.35, 1828.03, 980.16, 1862.05, 1138.0, 1806.0, 1159.0, 1856.0, 961.4, 1961.08, 769.47, 1893.85, 635.0, 1734.0]
rec: ESTABLISHED..............
text_instance: 6
bbox: [1153, 1676, 175, 172]
bezier_pts: [1153.0, 1789.0, 1192.67, 1751.33, 1232.33, 1713.67, 1272.0, 1676.0, 1327.0, 1719.0, 1284.33, 1763.81, 1239.72, 1806.79, 1193.0, 1847.0]
rec: 1864.....................
text_instance: 7
bbox: [1315, 1197, 150, 441]
bezier_pts: [1464.0, 1197.0, 1463.85, 1350.64, 1465.54, 1495.15, 1382.0, 1637.0, 1315.0, 1603.0, 1396.69, 1478.53, 1390.93, 1343.76, 1394.0, 1207.0]
rec: MOUSTAFA.................
text_instance: 8
bbox: [1309, 929, 141, 248]
bezier_pts: [1369.0, 929.0, 1420.66, 997.25, 1437.23, 1076.85, 1449.0, 1161.0, 1388.0, 1176.0, 1363.8, 1108.97, 1351.5, 1027.56, 1309.0, 966.0]
rec: HAFIZ....................
