text_instance: 0
bbox: [156, 115, 1369, 502]
bezier_pts: [156.0, 291.0, 596.02, 209.13, 1077.31, 50.69, 1520.0, 229.0, 1524.0, 556.0, 1075.01, 428.67, 625.95, 565.94, 161.0, 577.0]
rec: FARWESTFUNGI.............
text_instance: 1
bbox: [139, 577, 488, 151]
bezier_pts: [147.0, 577.0, 293.61, 658.1, 445.8, 663.39, 601.0, 617.0, 626.0, 692.0, 458.26, 763.3, 284.91, 738.07, 139.0, 653.0]
rec: CALIFORNIA...............
text_instance: 2
bbox: [717, 503, 792, 208]
bezier_pts: [717.0, 547.0, 988.3, 466.66, 1267.42, 459.36, 1508.0, 595.0, 1490.0, 710.0, 1233.94, 613.01, 976.49, 589.26, 726.0, 670.0]
rec: MUSHROOMS................
text_instance: 3
bbox: [738, 675, 177, 113]
bezier_pts: [738.0, 721.0, 794.49, 690.95, 852.18, 675.28, 914.0, 675.0, 914.0, 742.0, 857.67, 757.0, 801.33, 772.0, 745.0, 787.0]
rec: MOSS.....................
text_instance: 4
bbox: [940, 669, 353, 110]
bezier_pts: [940.0, 671.0, 1053.56, 665.94, 1173.11, 668.06, 1288.0, 704.0, 1292.0, 778.0, 1175.33, 763.67, 1058.67, 749.33, 942.0, 735.0]
rec: lANDING..................
text_instance: 5
bbox: [1319, 719, 93, 114]
bezier_pts: [1328.0, 719.0, 1353.0, 729.0, 1378.0, 739.0, 1403.0, 749.0, 1411.0, 832.0, 1380.33, 818.67, 1349.67, 805.33, 1319.0, 792.0]
rec: CA.......................
