text_instance: 0
bbox: [326, 325, 122, 41]
bezier_pts: [326.0, 325.0, 366.33, 325.0, 406.67, 325.0, 447.0, 325.0, 447.0, 365.0, 406.67, 365.0, 366.33, 365.0, 326.0, 365.0]
rec: Coffee...................
text_instance: 1
bbox: [452, 323, 93, 37]
bezier_pts: [452.0, 323.0, 482.67, 323.0, 513.33, 323.0, 544.0, 323.0, 544.0, 357.0, 513.3, 358.89, 482.77, 359.64, 452.0, 357.0]
rec: Mill.....................
text_instance: 2
bbox: [259, 211, 347, 125]
bezier_pts: [269.0, 211.0, 379.35, 213.61, 493.55, 213.61, 605.0, 217.0, 597.0, 335.0, 484.38, 337.64, 375.28, 315.4, 259.0, 311.0]
rec: Anthony..................
text_instance: 3
bbox: [249, 356, 57, 102]
bezier_pts: [277.0, 356.0, 300.34, 381.78, 281.23, 418.22, 305.0, 444.0, 283.0, 457.0, 253.46, 432.67, 258.59, 392.45, 249.0, 362.0]
rec: Since....................
text_instance: 4
bbox: [291, 451, 78, 79]
bezier_pts: [308.0, 451.0, 328.0, 466.33, 348.0, 481.67, 368.0, 497.0, 356.0, 529.0, 328.73, 513.96, 303.93, 496.57, 291.0, 466.0]
rec: 1933.....................
text_instance: 5
bbox: [367, 503, 116, 47]
bezier_pts: [382.0, 503.0, 411.33, 505.33, 440.67, 507.67, 470.0, 510.0, 482.0, 535.0, 443.85, 556.28, 403.43, 546.94, 367.0, 535.0]
rec: Oldest...................
text_instance: 6
bbox: [488, 438, 93, 87]
bezier_pts: [488.0, 500.0, 512.67, 479.33, 537.33, 458.67, 562.0, 438.0, 580.0, 449.0, 572.01, 492.86, 533.64, 504.6, 501.0, 524.0]
rec: Coffee...................
text_instance: 7
bbox: [563, 348, 46, 88]
bezier_pts: [563.0, 423.0, 577.05, 399.39, 578.32, 372.96, 583.0, 348.0, 608.0, 359.0, 607.91, 386.06, 603.05, 411.46, 587.0, 435.0]
rec: Mill.....................
