text_instance: 0
bbox: [58, 222, 30, 65]
bezier_pts: [74.0, 226.0, 70.33, 242.79, 76.37, 260.12, 87.0, 274.0, 79.0, 286.0, 52.99, 271.63, 55.39, 245.27, 61.0, 222.0]
rec: DOMINE...................
text_instance: 1
bbox: [93, 267, 69, 24]
bezier_pts: [100.0, 267.0, 116.67, 273.86, 136.16, 278.87, 153.0, 267.0, 161.0, 279.0, 142.72, 297.34, 113.01, 295.19, 93.0, 281.0]
rec: DIRIGA...................
text_instance: 2
bbox: [172, 239, 26, 43]
bezier_pts: [172.0, 268.0, 181.96, 260.87, 179.81, 250.18, 184.0, 239.0, 197.0, 246.0, 199.28, 261.58, 193.11, 273.67, 180.0, 281.0]
rec: ROB......................
