text_instance: 0
bbox: [263, 113, 175, 60]
bezier_pts: [263.0, 150.0, 314.83, 99.99, 378.65, 94.83, 437.0, 142.0, 423.0, 163.0, 374.24, 137.38, 322.99, 135.62, 279.0, 172.0]
rec: NORTH....................
text_instance: 1
bbox: [231, 257, 250, 108]
bezier_pts: [259.0, 264.0, 306.86, 367.89, 410.94, 357.83, 454.0, 257.0, 480.0, 266.0, 437.33, 403.24, 285.58, 412.32, 231.0, 276.0]
rec: BROADWAY.................
text_instance: 2
bbox: [306, 296, 50, 26]
bezier_pts: [317.0, 296.0, 329.67, 299.0, 342.33, 302.0, 355.0, 305.0, 354.0, 321.0, 337.51, 319.85, 321.37, 315.85, 306.0, 309.0]
rec: EST......................
text_instance: 3
bbox: [360, 290, 43, 33]
bezier_pts: [362.0, 305.0, 372.33, 300.0, 382.67, 295.0, 393.0, 290.0, 402.0, 298.0, 393.88, 315.64, 376.61, 318.78, 360.0, 322.0]
rec: 2012.....................
text_instance: 4
bbox: [303, 168, 101, 133]
bezier_pts: [306.0, 169.0, 336.8, 166.35, 366.93, 169.82, 398.0, 169.0, 403.0, 298.0, 369.47, 291.85, 337.04, 310.19, 303.0, 293.0]
rec: 8........................
text_instance: 5
bbox: [149, 409, 91, 17]
bezier_pts: [149.0, 409.0, 179.0, 410.67, 209.0, 412.33, 239.0, 414.0, 239.0, 424.0, 209.33, 424.0, 179.67, 424.0, 150.0, 424.0]
rec: Custom...................
text_instance: 6
bbox: [251, 409, 67, 20]
bezier_pts: [251.0, 409.0, 273.0, 410.33, 295.0, 411.67, 317.0, 413.0, 316.0, 425.0, 294.14, 428.26, 272.42, 428.63, 251.0, 426.0]
rec: Signs....................
text_instance: 7
bbox: [327, 408, 28, 22]
bezier_pts: [327.0, 408.0, 336.0, 409.67, 345.0, 411.33, 354.0, 413.0, 347.0, 429.0, 340.33, 427.33, 333.67, 425.67, 327.0, 424.0]
rec: by.......................
text_instance: 8
bbox: [387, 407, 106, 20]
bezier_pts: [387.0, 407.0, 422.0, 409.0, 457.0, 411.0, 492.0, 413.0, 492.0, 425.0, 457.0, 425.33, 422.0, 425.67, 387.0, 426.0]
rec: Saunzee..................
text_instance: 9
bbox: [502, 413, 51, 14]
bezier_pts: [502.0, 413.0, 517.7, 413.44, 533.6, 411.72, 550.0, 414.0, 552.0, 425.0, 535.83, 427.06, 520.3, 425.92, 504.0, 424.0]
rec: com......................
