text_instance: 0
bbox: [516, 553, 84, 16]
bezier_pts: [518.0, 553.0, 545.0, 554.0, 572.0, 555.0, 599.0, 556.0, 599.0, 568.0, 571.33, 566.67, 543.67, 565.33, 516.0, 564.0]
rec: HAHNDORF.................
text_instance: 1
bbox: [469, 436, 27, 17]
bezier_pts: [469.0, 436.0, 477.67, 436.0, 486.33, 436.0, 495.0, 436.0, 495.0, 451.0, 486.31, 452.66, 477.44, 452.53, 469.0, 451.0]
rec: EST......................
text_instance: 2
bbox: [503, 442, 33, 12]
bezier_pts: [504.0, 442.0, 514.33, 442.33, 524.67, 442.67, 535.0, 443.0, 535.0, 453.0, 524.33, 452.33, 513.67, 451.67, 503.0, 451.0]
rec: 2015.....................
text_instance: 3
bbox: [380, 374, 91, 78]
bezier_pts: [380.0, 436.0, 402.43, 408.65, 433.71, 393.74, 462.0, 374.0, 470.0, 396.0, 436.56, 401.44, 408.96, 418.99, 399.0, 451.0]
rec: AUTHENTIC................
text_instance: 4
bbox: [471, 373, 76, 24]
bezier_pts: [471.0, 373.0, 495.78, 377.49, 522.6, 371.53, 546.0, 380.0, 545.0, 396.0, 522.0, 395.67, 499.0, 395.33, 476.0, 395.0]
rec: ITALIAN..................
text_instance: 5
bbox: [551, 383, 67, 59]
bezier_pts: [556.0, 383.0, 578.91, 396.13, 599.79, 409.08, 617.0, 429.0, 605.0, 441.0, 587.0, 426.0, 569.0, 411.0, 551.0, 396.0]
rec: CUISINE..................
text_instance: 6
bbox: [316, 455, 371, 154]
bezier_pts: [343.0, 471.0, 450.95, 478.15, 585.79, 412.63, 686.0, 491.0, 675.0, 563.0, 557.93, 581.75, 432.93, 616.31, 316.0, 608.0]
rec: gepettos.................
text_instance: 7
bbox: [416, 603, 96, 43]
bezier_pts: [421.0, 603.0, 451.0, 612.33, 481.0, 621.67, 511.0, 631.0, 511.0, 645.0, 478.25, 636.59, 446.64, 625.02, 416.0, 611.0]
rec: BREAKFAST................
text_instance: 8
bbox: [515, 611, 66, 38]
bezier_pts: [517.0, 627.0, 533.33, 621.67, 549.67, 616.33, 566.0, 611.0, 580.0, 624.0, 559.45, 634.79, 537.76, 642.93, 515.0, 648.0]
rec: LUNCH....................
text_instance: 9
bbox: [576, 564, 59, 57]
bezier_pts: [576.0, 606.0, 591.86, 592.98, 613.06, 588.16, 617.0, 564.0, 634.0, 572.0, 620.35, 589.85, 604.95, 606.08, 587.0, 620.0]
rec: DINNER...................
