text_instance: 0
bbox: [404, 964, 359, 101]
bezier_pts: [404.0, 994.0, 520.67, 984.0, 637.33, 974.0, 754.0, 964.0, 762.0, 1034.0, 648.67, 1044.0, 535.33, 1054.0, 422.0, 1064.0]
rec: BARBE....................
text_instance: 1
bbox: [888, 980, 273, 123]
bezier_pts: [898.0, 980.0, 984.29, 991.58, 1071.27, 1005.23, 1160.0, 1032.0, 1154.0, 1102.0, 1065.33, 1082.0, 976.67, 1062.0, 888.0, 1042.0]
rec: PAPA.....................
text_instance: 2
bbox: [554, 1056, 291, 31]
bezier_pts: [554.0, 1058.0, 650.0, 1057.33, 746.0, 1056.67, 842.0, 1056.0, 844.0, 1086.0, 747.33, 1086.0, 650.67, 1086.0, 554.0, 1086.0]
rec: RESTAURANT...............
text_instance: 3
bbox: [245, 1004, 151, 89]
bezier_pts: [245.0, 1032.0, 292.67, 1022.67, 340.33, 1013.33, 388.0, 1004.0, 395.0, 1068.0, 348.67, 1076.0, 302.33, 1084.0, 256.0, 1092.0]
rec: LE.......................
text_instance: 4
bbox: [782, 967, 87, 70]
bezier_pts: [791.0, 967.0, 814.09, 970.94, 842.36, 973.24, 865.0, 980.0, 868.0, 1035.0, 839.0, 1035.83, 809.93, 1032.92, 782.0, 1031.0]
rec: A........................
