text_instance: 0
bbox: [337, 748, 234, 61]
bezier_pts: [337.0, 748.0, 414.67, 748.0, 492.33, 748.0, 570.0, 748.0, 570.0, 807.0, 492.33, 807.0, 414.67, 807.0, 337.0, 807.0]
rec: Spaghetti................
text_instance: 1
bbox: [953, 749, 175, 62]
bezier_pts: [953.0, 749.0, 1011.0, 749.0, 1069.0, 749.0, 1127.0, 749.0, 1127.0, 809.0, 1069.0, 809.0, 1011.0, 809.0, 953.0, 809.0]
rec: Curry....................
text_instance: 2
bbox: [403, 438, 455, 128]
bezier_pts: [403.0, 438.0, 554.33, 438.0, 705.67, 438.0, 857.0, 438.0, 857.0, 563.0, 705.67, 563.0, 554.33, 563.0, 403.0, 563.0]
rec: Shakeys..................
text_instance: 3
bbox: [118, 749, 165, 50]
bezier_pts: [118.0, 749.0, 172.67, 749.0, 227.33, 749.0, 282.0, 749.0, 282.0, 797.0, 227.55, 798.8, 172.16, 798.28, 118.0, 797.0]
rec: Pizza....................
text_instance: 4
bbox: [709, 752, 206, 56]
bezier_pts: [709.0, 752.0, 777.33, 752.0, 845.67, 752.0, 914.0, 752.0, 914.0, 805.0, 845.7, 806.79, 777.31, 806.69, 709.0, 805.0]
rec: Potato...................
text_instance: 5
bbox: [278, 685, 140, 47]
bezier_pts: [278.0, 685.0, 324.33, 685.0, 370.67, 685.0, 417.0, 685.0, 417.0, 730.0, 371.51, 730.06, 325.67, 730.25, 278.0, 730.0]
rec: Shakeys..................
text_instance: 6
bbox: [853, 696, 126, 42]
bezier_pts: [853.0, 696.0, 894.67, 696.0, 936.33, 696.0, 978.0, 696.0, 978.0, 737.0, 936.33, 737.0, 894.67, 737.0, 853.0, 737.0]
rec: Shakeys..................
text_instance: 7
bbox: [76, 354, 290, 176]
bezier_pts: [76.0, 453.0, 160.27, 417.97, 249.39, 385.9, 332.0, 354.0, 365.0, 415.0, 282.67, 453.0, 200.33, 491.0, 118.0, 529.0]
rec: Pizza....................
text_instance: 8
bbox: [883, 372, 266, 185]
bezier_pts: [919.0, 372.0, 995.44, 409.18, 1073.11, 449.95, 1148.0, 493.0, 1124.0, 556.0, 1049.51, 510.54, 968.57, 468.65, 883.0, 433.0]
rec: Pizza....................
