text_instance: 0
bbox: [66, 407, 258, 414]
bezier_pts: [66.0, 820.0, 77.35, 679.58, 76.67, 516.11, 200.0, 407.0, 323.0, 494.0, 272.83, 595.34, 195.74, 673.83, 244.0, 790.0]
rec: aux......................
text_instance: 1
bbox: [311, 208, 746, 406]
bezier_pts: [311.0, 260.0, 601.03, 137.1, 903.31, 205.87, 1056.0, 503.0, 925.0, 613.0, 784.46, 392.53, 532.76, 359.26, 315.0, 469.0]
rec: crieurs..................
text_instance: 2
bbox: [928, 584, 228, 258]
bezier_pts: [1118.0, 584.0, 1163.16, 660.07, 1144.4, 759.95, 1155.0, 841.0, 937.0, 839.0, 930.94, 763.99, 926.83, 692.07, 928.0, 615.0]
rec: de.......................
text_instance: 3
bbox: [337, 494, 469, 343]
bezier_pts: [337.0, 498.0, 492.33, 496.67, 647.67, 495.33, 803.0, 494.0, 805.0, 826.0, 657.0, 829.33, 509.0, 832.67, 361.0, 836.0]
rec: VIN......................
