text_instance: 0
bbox: [261, 327, 328, 89]
bezier_pts: [261.0, 327.0, 370.0, 327.0, 479.0, 327.0, 588.0, 327.0, 588.0, 415.0, 479.0, 415.0, 370.0, 415.0, 261.0, 415.0]
rec: HEWELL...................
text_instance: 1
bbox: [364, 274, 124, 44]
bezier_pts: [364.0, 274.0, 405.0, 274.0, 446.0, 274.0, 487.0, 274.0, 487.0, 316.0, 446.0, 316.0, 405.0, 316.0, 364.0, 316.0]
rec: HMP......................
text_instance: 2
bbox: [303, 228, 193, 57]
bezier_pts: [303.0, 252.0, 367.0, 231.31, 431.0, 224.0, 495.0, 230.0, 491.0, 262.0, 436.93, 258.14, 373.51, 249.75, 323.0, 284.0]
rec: WELCOME..................
text_instance: 3
bbox: [499, 228, 49, 53]
bezier_pts: [503.0, 228.0, 517.67, 236.0, 532.33, 244.0, 547.0, 252.0, 537.0, 280.0, 523.55, 275.39, 510.74, 268.72, 499.0, 262.0]
rec: TO.......................
