text_instance: 0
bbox: [256, 117, 156, 63]
bezier_pts: [256.0, 172.0, 289.83, 93.35, 371.82, 88.34, 411.0, 170.0, 389.0, 178.0, 357.88, 119.95, 303.16, 124.7, 274.0, 179.0]
rec: BARTLETT.................
text_instance: 1
bbox: [183, 212, 301, 58]
bezier_pts: [183.0, 213.0, 282.67, 213.0, 382.33, 213.0, 482.0, 213.0, 483.0, 269.0, 385.46, 250.56, 281.91, 253.44, 183.0, 267.0]
rec: DENTAL...................
text_instance: 2
bbox: [260, 270, 142, 26]
bezier_pts: [260.0, 270.0, 307.0, 270.0, 354.0, 270.0, 401.0, 270.0, 401.0, 295.0, 354.0, 294.67, 307.0, 294.33, 260.0, 294.0]
rec: STATION..................
