text_instance: 0
bbox: [348, 230, 127, 46]
bezier_pts: [348.0, 230.0, 390.0, 230.0, 432.0, 230.0, 474.0, 230.0, 474.0, 273.0, 432.0, 273.0, 390.0, 273.0, 348.0, 273.0]
rec: Spray....................
text_instance: 1
bbox: [145, 283, 67, 34]
bezier_pts: [145.0, 283.0, 167.0, 283.0, 189.0, 283.0, 211.0, 283.0, 211.0, 316.0, 189.0, 316.0, 167.0, 316.0, 145.0, 316.0]
rec: Bee......................
text_instance: 2
bbox: [1, 514, 257, 90]
bezier_pts: [1.0, 554.0, 84.42, 489.49, 184.49, 503.68, 257.0, 575.0, 204.0, 601.0, 146.22, 540.35, 84.12, 569.34, 30.0, 603.0]
rec: HAPPY....................
text_instance: 3
bbox: [605, 280, 71, 43]
bezier_pts: [606.0, 293.0, 627.77, 285.45, 652.7, 284.52, 675.0, 280.0, 674.0, 314.0, 651.37, 318.41, 628.58, 320.79, 605.0, 321.0]
rec: HAPP.....................
text_instance: 4
bbox: [582, 319, 115, 42]
bezier_pts: [582.0, 335.0, 618.33, 329.67, 654.67, 324.33, 691.0, 319.0, 696.0, 349.0, 660.16, 355.71, 624.0, 359.34, 588.0, 360.0]
rec: GIRAFFE..................
text_instance: 5
bbox: [658, 491, 103, 43]
bezier_pts: [658.0, 503.0, 686.81, 490.07, 720.35, 493.47, 751.0, 491.0, 760.0, 524.0, 730.5, 529.26, 701.0, 530.82, 670.0, 533.0]
rec: CUTE.....................
text_instance: 6
bbox: [673, 529, 115, 51]
bezier_pts: [673.0, 546.0, 704.17, 534.53, 737.74, 534.32, 772.0, 529.0, 787.0, 559.0, 754.31, 568.62, 720.6, 575.32, 687.0, 579.0]
rec: LION.....................
text_instance: 7
bbox: [736, 235, 110, 57]
bezier_pts: [736.0, 246.0, 776.57, 228.42, 819.77, 225.16, 845.0, 268.0, 824.0, 291.0, 799.33, 287.0, 774.67, 283.0, 750.0, 279.0]
rec: Biddy....................
text_instance: 8
bbox: [1013, 480, 67, 51]
bezier_pts: [1013.0, 501.0, 1033.94, 489.14, 1056.62, 489.12, 1079.0, 480.0, 1079.0, 514.0, 1063.15, 522.27, 1046.38, 527.47, 1029.0, 530.0]
rec: FIRE.....................
text_instance: 9
bbox: [988, 534, 91, 51]
bezier_pts: [988.0, 557.0, 1015.67, 549.33, 1043.33, 541.67, 1071.0, 534.0, 1078.0, 570.0, 1057.29, 577.67, 1035.76, 582.42, 1014.0, 584.0]
rec: ENGI.....................
