text_instance: 0
bbox: [391, 114, 106, 32]
bezier_pts: [394.0, 114.0, 428.0, 115.33, 462.0, 116.67, 496.0, 118.0, 490.0, 142.0, 457.0, 143.0, 424.0, 144.0, 391.0, 145.0]
rec: Historic.................
text_instance: 1
bbox: [194, 180, 165, 74]
bezier_pts: [194.0, 216.0, 246.02, 199.85, 303.87, 186.95, 358.0, 180.0, 355.0, 220.0, 303.67, 231.0, 252.33, 242.0, 201.0, 253.0]
rec: CITY.....................
text_instance: 2
bbox: [400, 175, 297, 74]
bezier_pts: [400.0, 176.0, 504.28, 171.01, 600.18, 180.42, 696.0, 216.0, 679.0, 248.0, 592.92, 220.49, 491.03, 206.38, 400.0, 211.0]
rec: MARKET...................
text_instance: 3
bbox: [388, 245, 71, 18]
bezier_pts: [388.0, 250.0, 410.66, 245.11, 433.33, 243.78, 456.0, 246.0, 458.0, 258.0, 435.12, 259.44, 412.65, 262.52, 389.0, 262.0]
rec: KANSAS...................
text_instance: 4
bbox: [463, 246, 44, 16]
bezier_pts: [463.0, 248.0, 476.5, 244.86, 492.44, 245.5, 506.0, 249.0, 506.0, 261.0, 491.63, 261.16, 478.18, 260.68, 464.0, 259.0]
rec: CITY.....................
text_instance: 5
bbox: [707, 237, 48, 31]
bezier_pts: [713.0, 237.0, 726.62, 241.9, 742.03, 247.23, 754.0, 256.0, 745.0, 267.0, 732.33, 261.33, 719.67, 255.67, 707.0, 250.0]
rec: 1857.....................
text_instance: 6
bbox: [37, 583, 14, 15]
bezier_pts: [37.0, 583.0, 40.0, 583.0, 43.0, 583.0, 46.0, 583.0, 50.0, 595.0, 45.79, 597.55, 41.2, 598.04, 37.0, 595.0]
rec: C........................
text_instance: 7
bbox: [64, 581, 91, 20]
bezier_pts: [66.0, 581.0, 95.0, 582.67, 124.0, 584.33, 153.0, 586.0, 154.0, 598.0, 124.54, 599.83, 94.32, 600.8, 64.0, 599.0]
rec: STEPHEN..................
text_instance: 8
bbox: [168, 580, 87, 20]
bezier_pts: [168.0, 580.0, 196.67, 581.67, 225.33, 583.33, 254.0, 585.0, 254.0, 598.0, 224.5, 599.39, 197.16, 599.28, 168.0, 598.0]
rec: MELVIN...................
