text_instance: 0
bbox: [26, 345, 52, 14]
bezier_pts: [26.0, 345.0, 43.0, 345.0, 60.0, 345.0, 77.0, 345.0, 77.0, 357.0, 59.54, 359.06, 43.27, 357.38, 26.0, 357.0]
rec: RESTAURANT...............
text_instance: 1
bbox: [355, 379, 72, 17]
bezier_pts: [355.0, 379.0, 378.67, 379.0, 402.33, 379.0, 426.0, 379.0, 426.0, 394.0, 402.33, 394.0, 378.67, 394.0, 355.0, 394.0]
rec: ELIZABETH................
text_instance: 2
bbox: [13, 312, 25, 15]
bezier_pts: [13.0, 312.0, 21.0, 312.0, 29.0, 312.0, 37.0, 312.0, 37.0, 324.0, 29.2, 325.62, 21.07, 325.62, 13.0, 324.0]
rec: Cross....................
text_instance: 3
bbox: [40, 311, 27, 16]
bezier_pts: [40.0, 311.0, 48.67, 311.0, 57.33, 311.0, 66.0, 311.0, 66.0, 324.0, 57.1, 326.33, 48.64, 326.72, 40.0, 324.0]
rec: Butts....................
text_instance: 4
bbox: [10, 345, 19, 12]
bezier_pts: [10.0, 345.0, 16.0, 345.0, 22.0, 345.0, 28.0, 345.0, 28.0, 355.0, 22.05, 356.7, 16.09, 356.64, 10.0, 355.0]
rec: BAR......................
text_instance: 5
bbox: [1, 298, 48, 13]
bezier_pts: [1.0, 298.0, 16.67, 298.0, 32.33, 298.0, 48.0, 298.0, 48.0, 308.0, 32.48, 310.66, 17.23, 309.81, 1.0, 308.0]
rec: ccomodation..............
text_instance: 6
bbox: [368, 79, 31, 14]
bezier_pts: [368.0, 80.0, 378.0, 79.67, 388.0, 79.33, 398.0, 79.0, 396.0, 90.0, 386.97, 92.46, 377.2, 92.09, 368.0, 92.0]
rec: CLUB.....................
text_instance: 7
bbox: [23, 369, 34, 52]
bezier_pts: [23.0, 416.0, 24.58, 396.19, 41.12, 383.39, 53.0, 369.0, 56.0, 390.0, 49.88, 383.67, 38.64, 402.88, 39.0, 420.0]
rec: Whitby...................
text_instance: 8
bbox: [56, 369, 38, 19]
bezier_pts: [56.0, 369.0, 68.38, 368.86, 82.16, 368.84, 93.0, 375.0, 90.0, 387.0, 80.0, 385.67, 70.0, 384.33, 60.0, 383.0]
rec: Town.....................
text_instance: 9
bbox: [91, 375, 27, 35]
bezier_pts: [97.0, 375.0, 110.87, 381.26, 112.83, 395.87, 117.0, 409.0, 103.0, 409.0, 109.77, 401.96, 97.81, 389.59, 91.0, 388.0]
rec: Tour.....................
