text_instance: 0
bbox: [170, 75, 61, 42]
bezier_pts: [172.0, 75.0, 195.4, 75.62, 211.25, 89.16, 230.0, 100.0, 225.0, 116.0, 206.67, 108.67, 188.33, 101.33, 170.0, 94.0]
rec: FAIFOO...................
text_instance: 1
bbox: [135, 99, 61, 25]
bezier_pts: [137.0, 99.0, 156.33, 103.0, 175.67, 107.0, 195.0, 111.0, 192.0, 123.0, 173.0, 120.33, 154.0, 117.67, 135.0, 115.0]
rec: BOUTIQUE.................
text_instance: 2
bbox: [196, 115, 32, 23]
bezier_pts: [196.0, 115.0, 206.3, 119.02, 217.0, 125.21, 227.0, 130.0, 224.0, 137.0, 214.36, 132.62, 204.95, 127.35, 196.0, 121.0]
rec: HOTEL....................
