text_instance: 0
bbox: [155, 80, 52, 209]
bezier_pts: [177.0, 80.0, 186.63, 145.5, 172.19, 217.17, 155.0, 279.0, 185.0, 288.0, 200.12, 220.61, 208.9, 149.83, 206.0, 81.0]
rec: HAVANA...................
text_instance: 1
bbox: [154, 314, 78, 35]
bezier_pts: [155.0, 316.0, 180.33, 315.67, 205.67, 315.33, 231.0, 315.0, 231.0, 338.0, 205.33, 341.33, 179.67, 344.67, 154.0, 348.0]
rec: Central..................
text_instance: 2
bbox: [155, 371, 74, 20]
bezier_pts: [155.0, 371.0, 179.02, 373.91, 203.05, 368.84, 226.0, 376.0, 228.0, 388.0, 205.95, 388.42, 177.97, 396.95, 156.0, 384.0]
rec: RESTAURANT...............
text_instance: 3
bbox: [177, 392, 29, 18]
bezier_pts: [177.0, 392.0, 186.33, 392.67, 195.67, 393.33, 205.0, 394.0, 202.0, 408.0, 193.23, 408.67, 185.15, 409.48, 177.0, 407.0]
rec: BAR......................
text_instance: 4
bbox: [233, 459, 161, 46]
bezier_pts: [233.0, 459.0, 286.33, 462.67, 339.67, 466.33, 393.0, 470.0, 393.0, 499.0, 338.83, 507.56, 288.71, 512.62, 238.0, 492.0]
rec: Imperial.................
text_instance: 5
bbox: [77, 473, 40, 28]
bezier_pts: [77.0, 475.0, 89.67, 474.33, 102.33, 473.67, 115.0, 473.0, 116.0, 499.0, 104.15, 500.62, 91.95, 500.63, 80.0, 499.0]
rec: imperial.................
