text_instance: 0
bbox: [47, 170, 145, 52]
bezier_pts: [47.0, 209.0, 90.41, 175.65, 137.78, 169.31, 191.0, 170.0, 187.0, 183.0, 141.69, 182.61, 95.53, 194.29, 55.0, 221.0]
rec: HOLLY....................
text_instance: 1
bbox: [167, 6, 22, 101]
bezier_pts: [168.0, 6.0, 167.46, 38.97, 168.9, 73.75, 167.0, 105.0, 188.0, 106.0, 184.49, 72.25, 184.17, 38.98, 186.0, 6.0]
rec: OLLYWOOD.................
text_instance: 2
bbox: [200, 171, 115, 58]
bezier_pts: [201.0, 171.0, 244.73, 176.91, 281.04, 193.39, 314.0, 219.0, 305.0, 228.0, 271.9, 204.09, 241.24, 187.68, 200.0, 182.0]
rec: WOOD.....................
