text_instance: 0
bbox: [232, 75, 81, 55]
bezier_pts: [232.0, 90.0, 255.0, 85.0, 278.0, 80.0, 301.0, 75.0, 312.0, 111.0, 289.46, 132.12, 259.98, 123.73, 234.0, 129.0]
rec: CAFE.....................
text_instance: 1
bbox: [303, 70, 33, 40]
bezier_pts: [303.0, 75.0, 310.67, 73.33, 318.33, 71.67, 326.0, 70.0, 335.0, 99.0, 334.63, 108.24, 326.2, 104.07, 317.0, 109.0]
rec: du.......................
text_instance: 2
bbox: [334, 63, 125, 71]
bezier_pts: [334.0, 63.0, 375.33, 75.33, 416.67, 87.67, 458.0, 100.0, 458.0, 133.0, 417.33, 122.0, 376.67, 111.0, 336.0, 100.0]
rec: COIFFEUR.................
text_instance: 3
bbox: [256, 112, 180, 50]
bezier_pts: [257.0, 120.0, 315.25, 111.91, 377.31, 99.2, 433.0, 128.0, 435.0, 147.0, 375.83, 154.49, 316.57, 158.85, 256.0, 161.0]
rec: JVincent.................
text_instance: 4
bbox: [612, 37, 47, 56]
bezier_pts: [626.0, 37.0, 638.41, 47.99, 650.67, 59.26, 658.0, 74.0, 644.0, 92.0, 625.09, 87.01, 620.47, 68.21, 612.0, 55.0]
rec: BAR......................
