text_instance: 0
bbox: [2, 253, 26, 40]
bezier_pts: [3.0, 253.0, 10.67, 253.33, 18.33, 253.67, 26.0, 254.0, 27.0, 292.0, 18.67, 292.0, 10.33, 292.0, 2.0, 292.0]
rec: HE.......................
text_instance: 1
bbox: [25, 249, 48, 43]
bezier_pts: [25.0, 253.0, 40.0, 251.67, 55.0, 250.33, 70.0, 249.0, 72.0, 290.0, 57.33, 290.33, 42.67, 290.67, 28.0, 291.0]
rec: FISH.....................
text_instance: 2
bbox: [72, 248, 59, 42]
bezier_pts: [72.0, 251.0, 91.33, 250.0, 110.67, 249.0, 130.0, 248.0, 130.0, 287.0, 113.59, 288.22, 96.38, 289.11, 79.0, 289.0]
rec: BOWL.....................
text_instance: 3
bbox: [4, 290, 48, 21]
bezier_pts: [12.0, 293.0, 24.67, 292.0, 37.33, 291.0, 50.0, 290.0, 51.0, 309.0, 35.33, 309.33, 19.67, 309.67, 4.0, 310.0]
rec: ONE......................
text_instance: 4
bbox: [67, 288, 69, 20]
bezier_pts: [69.0, 291.0, 91.0, 290.0, 113.0, 289.0, 135.0, 288.0, 134.0, 305.0, 111.69, 306.78, 89.88, 307.18, 67.0, 307.0]
rec: SHOP.....................
text_instance: 5
bbox: [535, 340, 43, 24]
bezier_pts: [536.0, 341.0, 548.33, 340.67, 560.67, 340.33, 573.0, 340.0, 577.0, 363.0, 563.0, 362.67, 549.0, 362.33, 535.0, 362.0]
rec: WE.......................
text_instance: 6
bbox: [590, 337, 64, 27]
bezier_pts: [596.0, 338.0, 612.67, 337.67, 629.33, 337.33, 646.0, 337.0, 653.0, 359.0, 632.55, 362.89, 611.49, 363.51, 590.0, 363.0]
rec: ARE......................
text_instance: 7
bbox: [669, 314, 115, 45]
bezier_pts: [670.0, 333.0, 707.0, 326.67, 744.0, 320.33, 781.0, 314.0, 783.0, 336.0, 745.36, 346.28, 707.81, 353.44, 669.0, 358.0]
rec: HIRING...................
text_instance: 8
bbox: [520, 394, 81, 17]
bezier_pts: [528.0, 396.0, 551.67, 395.33, 575.33, 394.67, 599.0, 394.0, 600.0, 409.0, 573.33, 409.33, 546.67, 409.67, 520.0, 410.0]
rec: Interested...............
text_instance: 9
bbox: [606, 392, 49, 24]
bezier_pts: [608.0, 394.0, 622.33, 393.33, 636.67, 392.67, 651.0, 392.0, 654.0, 409.0, 638.0, 411.0, 622.0, 413.0, 606.0, 415.0]
rec: Please...................
text_instance: 10
bbox: [657, 384, 53, 24]
bezier_pts: [658.0, 393.0, 674.67, 390.0, 691.33, 387.0, 708.0, 384.0, 709.0, 399.0, 691.67, 401.67, 674.33, 404.33, 657.0, 407.0]
rec: contac...................
text_instance: 11
bbox: [712, 368, 95, 34]
bezier_pts: [712.0, 386.0, 742.33, 380.0, 772.67, 374.0, 803.0, 368.0, 806.0, 384.0, 775.0, 389.67, 744.0, 395.33, 713.0, 401.0]
rec: 0123038017...............
text_instance: 12
bbox: [1071, 238, 93, 32]
bezier_pts: [1078.0, 241.0, 1106.33, 240.0, 1134.67, 239.0, 1163.0, 238.0, 1152.0, 267.0, 1125.64, 266.87, 1097.91, 267.25, 1071.0, 268.0]
rec: perl.....................
text_instance: 13
bbox: [1199, 231, 79, 26]
bezier_pts: [1200.0, 237.0, 1225.67, 235.0, 1251.33, 233.0, 1277.0, 231.0, 1274.0, 255.0, 1249.18, 255.84, 1224.57, 255.54, 1199.0, 254.0]
rec: rma......................
text_instance: 14
bbox: [196, 604, 51, 17]
bezier_pts: [196.0, 604.0, 212.67, 604.33, 229.33, 604.67, 246.0, 605.0, 246.0, 619.0, 229.49, 619.25, 214.17, 620.29, 198.0, 620.0]
rec: BJW6382..................
text_instance: 15
bbox: [1110, 188, 135, 56]
bezier_pts: [1141.0, 193.0, 1175.33, 191.33, 1209.67, 189.67, 1244.0, 188.0, 1235.0, 243.0, 1193.33, 243.0, 1151.67, 243.0, 1110.0, 243.0]
rec: AR.......................
