text_instance: 0
bbox: [92, 96, 136, 124]
bezier_pts: [92.0, 169.0, 121.2, 135.56, 158.24, 108.82, 200.0, 96.0, 227.0, 157.0, 194.12, 169.69, 169.88, 192.53, 146.0, 219.0]
rec: WE.......................
text_instance: 1
bbox: [238, 78, 249, 171]
bezier_pts: [238.0, 78.0, 335.91, 76.21, 425.01, 120.79, 486.0, 196.0, 438.0, 248.0, 400.91, 174.54, 330.87, 135.4, 250.0, 147.0]
rec: LEARN....................
text_instance: 2
bbox: [172, 419, 161, 90]
bezier_pts: [175.0, 419.0, 220.44, 443.66, 266.46, 469.46, 320.0, 457.0, 332.0, 508.0, 278.33, 506.0, 218.36, 502.75, 172.0, 472.0]
rec: Whats....................
text_instance: 3
bbox: [343, 397, 103, 111]
bezier_pts: [343.0, 459.0, 380.75, 452.95, 403.9, 425.85, 425.0, 397.0, 445.0, 439.0, 400.99, 441.12, 407.86, 493.54, 370.0, 507.0]
rec: Your.....................
text_instance: 4
bbox: [180, 502, 271, 77]
bezier_pts: [180.0, 527.0, 269.0, 518.67, 358.0, 510.33, 447.0, 502.0, 450.0, 541.0, 361.23, 551.75, 276.01, 576.53, 189.0, 578.0]
rec: superpower...............
text_instance: 5
bbox: [707, 112, 29, 31]
bezier_pts: [707.0, 117.0, 716.74, 116.26, 724.14, 109.49, 734.0, 113.0, 735.0, 138.0, 726.0, 139.33, 717.0, 140.67, 708.0, 142.0]
rec: MA.......................
