text_instance: 0
bbox: [225, 170, 115, 59]
bezier_pts: [225.0, 197.0, 260.56, 180.31, 299.11, 180.03, 336.0, 170.0, 339.0, 204.0, 303.67, 212.0, 268.33, 220.0, 233.0, 228.0]
rec: AYAM.....................
text_instance: 1
bbox: [353, 166, 181, 61]
bezier_pts: [355.0, 166.0, 417.69, 168.65, 476.03, 177.09, 533.0, 199.0, 515.0, 226.0, 461.86, 209.85, 407.89, 195.18, 353.0, 203.0]
rec: TANGKAP..................
text_instance: 2
bbox: [272, 221, 85, 30]
bezier_pts: [274.0, 223.0, 301.0, 222.33, 328.0, 221.67, 355.0, 221.0, 356.0, 250.0, 328.0, 249.67, 300.0, 249.33, 272.0, 249.0]
rec: BLANG....................
text_instance: 3
bbox: [364, 222, 111, 29]
bezier_pts: [364.0, 222.0, 399.76, 224.88, 436.61, 220.04, 473.0, 226.0, 474.0, 250.0, 437.33, 249.0, 400.67, 248.0, 364.0, 247.0]
rec: BINTANG..................
