text_instance: 0
bbox: [220, 635, 265, 91]
bezier_pts: [220.0, 701.0, 285.34, 605.08, 403.61, 608.96, 484.0, 690.0, 459.0, 723.0, 390.45, 650.74, 312.11, 676.29, 240.0, 725.0]
rec: CALIFORNI................
text_instance: 1
bbox: [267, 727, 175, 44]
bezier_pts: [267.0, 727.0, 324.14, 732.61, 386.47, 730.65, 441.0, 739.0, 439.0, 769.0, 382.62, 768.05, 326.32, 763.94, 271.0, 757.0]
rec: BAKERY...................
text_instance: 2
bbox: [267, 766, 71, 30]
bezier_pts: [268.0, 766.0, 289.67, 767.67, 311.33, 769.33, 333.0, 771.0, 337.0, 795.0, 313.67, 794.0, 290.33, 793.0, 267.0, 792.0]
rec: orno.....................
text_instance: 3
bbox: [339, 771, 116, 38]
bezier_pts: [343.0, 771.0, 380.2, 772.94, 418.16, 771.29, 454.0, 780.0, 447.0, 808.0, 411.13, 805.53, 375.45, 803.4, 339.0, 798.0]
rec: dAmer....................
