text_instance: 0
bbox: [201, 234, 71, 36]
bezier_pts: [212.0, 234.0, 226.44, 252.43, 247.94, 253.89, 269.0, 253.0, 271.0, 269.0, 244.45, 265.5, 216.24, 266.22, 201.0, 241.0]
rec: JACKSON..................
text_instance: 1
bbox: [277, 205, 53, 59]
bezier_pts: [277.0, 249.0, 293.79, 237.52, 310.8, 226.16, 317.0, 205.0, 329.0, 209.0, 321.65, 234.42, 304.86, 250.45, 282.0, 263.0]
rec: SQUARE...................
text_instance: 2
bbox: [155, 155, 178, 52]
bezier_pts: [155.0, 170.0, 209.29, 152.41, 271.62, 166.94, 326.0, 155.0, 332.0, 194.0, 279.58, 214.89, 212.39, 204.19, 158.0, 205.0]
rec: GRILL....................
text_instance: 3
bbox: [186, 212, 28, 20]
bezier_pts: [203.0, 212.0, 203.2, 219.73, 208.6, 224.24, 213.0, 230.0, 200.0, 231.0, 194.16, 226.49, 189.51, 220.51, 186.0, 214.0]
rec: AT.......................
