text_instance: 0
bbox: [325, 483, 19, 11]
bezier_pts: [325.0, 483.0, 331.0, 483.0, 337.0, 483.0, 343.0, 483.0, 343.0, 493.0, 337.0, 493.0, 331.0, 493.0, 325.0, 493.0]
rec: RM.......................
text_instance: 1
bbox: [348, 483, 17, 12]
bezier_pts: [348.0, 483.0, 353.33, 483.0, 358.67, 483.0, 364.0, 483.0, 364.0, 492.0, 358.8, 494.81, 353.3, 493.8, 348.0, 492.0]
rec: 600......................
text_instance: 2
bbox: [146, 60, 144, 157]
bezier_pts: [197.0, 60.0, 233.64, 91.36, 247.56, 145.79, 289.0, 172.0, 241.0, 216.0, 200.08, 182.33, 183.35, 128.38, 146.0, 93.0]
rec: PAN......................
text_instance: 3
bbox: [290, 185, 156, 93]
bezier_pts: [313.0, 185.0, 357.0, 197.67, 401.0, 210.33, 445.0, 223.0, 437.0, 277.0, 386.24, 277.96, 336.46, 255.39, 290.0, 233.0]
rec: MEE......................
text_instance: 4
bbox: [485, 190, 148, 92]
bezier_pts: [485.0, 226.0, 528.99, 224.21, 571.06, 219.91, 607.0, 190.0, 632.0, 244.0, 590.93, 265.41, 542.7, 275.97, 498.0, 281.0]
rec: YEE......................
text_instance: 5
bbox: [641, 79, 128, 142]
bezier_pts: [641.0, 177.0, 675.41, 154.01, 710.08, 120.89, 722.0, 79.0, 768.0, 104.0, 754.79, 160.98, 716.83, 184.61, 675.0, 220.0]
rec: MEE......................
text_instance: 6
bbox: [140, 486, 32, 14]
bezier_pts: [141.0, 487.0, 151.0, 486.67, 161.0, 486.33, 171.0, 486.0, 171.0, 497.0, 160.77, 499.57, 150.49, 499.71, 140.0, 498.0]
rec: YEEMEE...................
text_instance: 7
bbox: [174, 485, 44, 16]
bezier_pts: [174.0, 486.0, 188.0, 485.67, 202.0, 485.33, 216.0, 485.0, 217.0, 500.0, 203.0, 499.67, 189.0, 499.33, 175.0, 499.0]
rec: RM650....................
text_instance: 8
bbox: [241, 486, 29, 14]
bezier_pts: [244.0, 487.0, 252.0, 486.67, 260.0, 486.33, 268.0, 486.0, 269.0, 497.0, 259.58, 498.43, 250.19, 499.08, 241.0, 499.0]
rec: 700......................
text_instance: 9
bbox: [383, 483, 28, 14]
bezier_pts: [383.0, 484.0, 392.0, 483.67, 401.0, 483.33, 410.0, 483.0, 410.0, 492.0, 402.42, 495.36, 394.06, 496.47, 386.0, 496.0]
rec: 650......................
text_instance: 10
bbox: [467, 481, 41, 15]
bezier_pts: [467.0, 482.0, 480.33, 481.67, 493.67, 481.33, 507.0, 481.0, 507.0, 493.0, 493.67, 493.67, 480.33, 494.33, 467.0, 495.0]
rec: RM600....................
text_instance: 11
bbox: [511, 479, 42, 16]
bezier_pts: [513.0, 481.0, 526.0, 480.33, 539.0, 479.67, 552.0, 479.0, 552.0, 494.0, 538.33, 494.0, 524.67, 494.0, 511.0, 494.0]
rec: RM650....................
text_instance: 12
bbox: [601, 475, 40, 17]
bezier_pts: [601.0, 478.0, 614.0, 477.0, 627.0, 476.0, 640.0, 475.0, 640.0, 490.0, 627.67, 490.33, 615.33, 490.67, 603.0, 491.0]
rec: RM600....................
text_instance: 13
bbox: [652, 474, 40, 16]
bezier_pts: [652.0, 475.0, 664.67, 474.67, 677.33, 474.33, 690.0, 474.0, 691.0, 487.0, 678.0, 487.67, 665.0, 488.33, 652.0, 489.0]
rec: RM650....................
text_instance: 14
bbox: [754, 478, 19, 15]
bezier_pts: [756.0, 478.0, 761.0, 478.0, 766.0, 478.0, 771.0, 478.0, 772.0, 492.0, 766.0, 492.0, 760.0, 492.0, 754.0, 492.0]
rec: 50.......................
