text_instance: 0
bbox: [363, 61, 318, 81]
bezier_pts: [363.0, 104.0, 466.04, 38.6, 580.43, 43.16, 680.0, 114.0, 657.0, 141.0, 576.71, 84.62, 471.97, 75.6, 394.0, 140.0]
rec: SEASONS..................
text_instance: 1
bbox: [329, 249, 387, 112]
bezier_pts: [348.0, 252.0, 447.55, 300.41, 573.65, 345.33, 677.0, 249.0, 715.0, 288.0, 606.38, 384.99, 442.6, 407.8, 329.0, 297.0]
rec: GREETINGS................
text_instance: 2
bbox: [395, 143, 267, 128]
bezier_pts: [400.0, 145.0, 483.67, 146.0, 567.33, 147.0, 651.0, 148.0, 661.0, 267.0, 573.3, 268.68, 484.59, 267.29, 395.0, 264.0]
rec: 575......................
