text_instance: 0
bbox: [415, 213, 172, 95]
bezier_pts: [415.0, 291.0, 466.53, 252.17, 522.94, 228.1, 583.0, 213.0, 586.0, 249.0, 536.53, 253.67, 488.93, 270.1, 454.0, 307.0]
rec: GREAT....................
text_instance: 1
bbox: [599, 211, 160, 78]
bezier_pts: [610.0, 211.0, 662.72, 218.55, 720.01, 229.92, 758.0, 270.0, 713.0, 288.0, 683.74, 254.9, 640.16, 246.96, 599.0, 244.0]
rec: FOOD.....................
text_instance: 2
bbox: [322, 310, 269, 73]
bezier_pts: [329.0, 331.0, 413.36, 319.56, 502.1, 313.15, 590.0, 310.0, 586.0, 360.0, 497.15, 369.44, 408.88, 375.98, 322.0, 382.0]
rec: JOLTN....................
text_instance: 3
bbox: [610, 292, 221, 66]
bezier_pts: [619.0, 309.0, 686.66, 293.79, 752.69, 295.32, 821.0, 292.0, 830.0, 343.0, 756.67, 347.67, 683.33, 352.33, 610.0, 357.0]
rec: JOES.....................
text_instance: 4
bbox: [386, 385, 180, 100]
bezier_pts: [436.0, 385.0, 465.52, 430.66, 518.12, 439.46, 565.0, 445.0, 545.0, 484.0, 485.9, 485.72, 421.8, 465.11, 386.0, 417.0]
rec: GREAT....................
text_instance: 5
bbox: [574, 358, 187, 121]
bezier_pts: [574.0, 435.0, 633.91, 435.5, 676.79, 393.34, 719.0, 358.0, 760.0, 376.0, 725.74, 447.61, 654.42, 477.2, 580.0, 478.0]
rec: TIMES....................
