text_instance: 0
bbox: [269, 340, 197, 40]
bezier_pts: [273.0, 342.0, 337.0, 341.33, 401.0, 340.67, 465.0, 340.0, 463.0, 372.0, 398.33, 374.33, 333.67, 376.67, 269.0, 379.0]
rec: Hillsborough.............
text_instance: 1
bbox: [310, 381, 73, 39]
bezier_pts: [310.0, 383.0, 333.33, 382.33, 356.67, 381.67, 380.0, 381.0, 382.0, 417.0, 357.83, 418.43, 334.79, 418.92, 311.0, 419.0]
rec: April....................
text_instance: 2
bbox: [388, 380, 78, 33]
bezier_pts: [388.0, 381.0, 413.67, 380.67, 439.33, 380.33, 465.0, 380.0, 464.0, 411.0, 438.94, 410.96, 414.85, 411.61, 390.0, 410.0]
rec: 1989.....................
text_instance: 3
bbox: [651, 312, 49, 92]
bezier_pts: [651.0, 398.0, 653.21, 367.16, 663.69, 335.43, 684.0, 312.0, 699.0, 329.0, 672.36, 346.1, 672.03, 377.35, 671.0, 403.0]
rec: NEVER....................
text_instance: 4
bbox: [708, 301, 122, 100]
bezier_pts: [708.0, 303.0, 780.25, 282.42, 839.65, 326.55, 829.0, 400.0, 812.0, 400.0, 817.24, 336.59, 772.26, 300.69, 710.0, 320.0]
rec: FORGOTTEN................
text_instance: 5
bbox: [716, 431, 93, 40]
bezier_pts: [719.0, 449.0, 745.16, 453.68, 774.69, 451.57, 794.0, 431.0, 808.0, 447.0, 782.22, 466.48, 748.01, 471.89, 716.0, 470.0]
rec: YEARS....................
text_instance: 6
bbox: [263, 380, 44, 32]
bezier_pts: [264.0, 381.0, 276.71, 379.54, 289.53, 378.96, 303.0, 381.0, 306.0, 411.0, 292.04, 410.89, 277.4, 411.57, 263.0, 410.0]
rec: 15.......................
text_instance: 7
bbox: [714, 361, 49, 33]
bezier_pts: [714.0, 362.0, 729.82, 360.17, 746.53, 360.39, 762.0, 362.0, 762.0, 392.0, 746.44, 393.68, 730.93, 393.58, 715.0, 392.0]
rec: 96.......................
text_instance: 8
bbox: [675, 429, 38, 31]
bezier_pts: [685.0, 429.0, 694.0, 435.0, 703.0, 441.0, 712.0, 447.0, 701.0, 459.0, 692.33, 453.67, 683.67, 448.33, 675.0, 443.0]
rec: 25.......................
