text_instance: 0
bbox: [88, 287, 103, 69]
bezier_pts: [95.0, 287.0, 125.0, 298.67, 155.0, 310.33, 185.0, 322.0, 190.0, 355.0, 155.78, 345.78, 122.29, 332.77, 88.0, 321.0]
rec: Castle...................
text_instance: 1
bbox: [197, 332, 78, 58]
bezier_pts: [203.0, 332.0, 226.33, 340.0, 249.67, 348.0, 273.0, 356.0, 274.0, 389.0, 248.33, 379.67, 222.67, 370.33, 197.0, 361.0]
rec: Area.....................
text_instance: 2
bbox: [86, 351, 153, 84]
bezier_pts: [95.0, 351.0, 142.33, 369.0, 189.67, 387.0, 237.0, 405.0, 238.0, 434.0, 187.33, 418.0, 136.67, 402.0, 86.0, 386.0]
rec: Riverside................
text_instance: 3
bbox: [171, 501, 45, 36]
bezier_pts: [171.0, 511.0, 185.67, 507.67, 200.33, 504.33, 215.0, 501.0, 210.0, 529.0, 198.45, 533.77, 185.89, 535.23, 173.0, 536.0]
rec: City.....................
text_instance: 4
bbox: [213, 480, 68, 43]
bezier_pts: [213.0, 497.0, 235.0, 491.33, 257.0, 485.67, 279.0, 480.0, 280.0, 505.0, 259.59, 511.41, 239.99, 517.12, 219.0, 522.0]
rec: Centre...................
text_instance: 5
bbox: [419, 253, 67, 61]
bezier_pts: [419.0, 310.0, 425.2, 278.8, 456.13, 230.45, 485.0, 267.0, 478.0, 282.0, 450.94, 252.36, 437.4, 289.43, 433.0, 313.0]
rec: THECITYOF................
text_instance: 6
bbox: [431, 315, 49, 39]
bezier_pts: [431.0, 334.0, 446.75, 340.29, 460.6, 331.98, 465.0, 315.0, 479.0, 324.0, 468.28, 340.09, 452.39, 351.22, 432.0, 353.0]
rec: YORK.....................
