text_instance: 0
bbox: [122, 59, 107, 42]
bezier_pts: [122.0, 78.0, 156.72, 63.36, 193.28, 64.27, 228.0, 59.0, 224.0, 85.0, 191.67, 90.0, 159.33, 95.0, 127.0, 100.0]
rec: SELAMAT..................
text_instance: 1
bbox: [233, 57, 90, 27]
bezier_pts: [233.0, 58.0, 262.35, 59.16, 292.49, 54.15, 320.0, 59.0, 322.0, 79.0, 293.33, 80.33, 264.67, 81.67, 236.0, 83.0]
rec: DATANG...................
text_instance: 2
bbox: [346, 60, 110, 41]
bezier_pts: [346.0, 60.0, 383.51, 63.44, 420.47, 68.79, 455.0, 80.0, 453.0, 100.0, 417.67, 93.67, 382.33, 87.33, 347.0, 81.0]
rec: WELCOME..................
text_instance: 3
bbox: [138, 108, 112, 36]
bezier_pts: [138.0, 123.0, 175.88, 115.32, 211.11, 112.1, 249.0, 108.0, 249.0, 131.0, 213.67, 135.0, 178.33, 139.0, 143.0, 143.0]
rec: FIREFLY..................
text_instance: 4
bbox: [260, 105, 76, 24]
bezier_pts: [263.0, 105.0, 285.33, 105.33, 307.67, 105.67, 330.0, 106.0, 335.0, 126.0, 309.57, 127.82, 284.4, 127.5, 260.0, 125.0]
rec: PARK.....................
text_instance: 5
bbox: [347, 108, 101, 36]
bezier_pts: [347.0, 108.0, 380.33, 112.67, 413.67, 117.33, 447.0, 122.0, 442.0, 143.0, 410.33, 138.0, 378.67, 133.0, 347.0, 128.0]
rec: RESORT...................
text_instance: 6
bbox: [125, 216, 50, 13]
bezier_pts: [125.0, 216.0, 141.0, 216.0, 157.0, 216.0, 173.0, 216.0, 174.0, 226.0, 157.49, 228.7, 141.26, 227.41, 125.0, 227.0]
rec: PEMERIKSAAN..............
text_instance: 7
bbox: [172, 216, 25, 13]
bezier_pts: [173.0, 217.0, 180.67, 216.67, 188.33, 216.33, 196.0, 216.0, 196.0, 226.0, 188.03, 227.68, 179.75, 227.67, 172.0, 226.0]
rec: TIKET....................
text_instance: 8
bbox: [210, 216, 39, 14]
bezier_pts: [210.0, 216.0, 222.67, 216.0, 235.33, 216.0, 248.0, 216.0, 248.0, 228.0, 235.33, 228.0, 222.67, 228.0, 210.0, 228.0]
rec: PELAYARAN................
text_instance: 9
bbox: [138, 225, 32, 15]
bezier_pts: [139.0, 227.0, 148.0, 226.33, 157.0, 225.67, 166.0, 225.0, 169.0, 238.0, 158.76, 239.71, 148.15, 239.55, 138.0, 238.0]
rec: SAILING..................
text_instance: 10
bbox: [168, 226, 27, 13]
bezier_pts: [168.0, 227.0, 176.0, 226.67, 184.0, 226.33, 192.0, 226.0, 194.0, 238.0, 185.33, 238.0, 176.67, 238.0, 168.0, 238.0]
rec: TICKET...................
text_instance: 11
bbox: [195, 226, 42, 13]
bezier_pts: [195.0, 226.0, 208.0, 226.0, 221.0, 226.0, 234.0, 226.0, 236.0, 236.0, 223.4, 237.46, 210.44, 238.21, 197.0, 238.0]
rec: INSPECTION...............
text_instance: 12
bbox: [40, 204, 26, 22]
bezier_pts: [42.0, 204.0, 49.74, 204.21, 57.68, 203.37, 65.0, 205.0, 65.0, 224.0, 57.01, 225.53, 48.38, 224.87, 40.0, 225.0]
rec: IN.......................
text_instance: 13
bbox: [194, 217, 20, 11]
bezier_pts: [195.0, 218.0, 201.08, 216.02, 207.1, 217.26, 213.0, 217.0, 212.0, 227.0, 206.0, 227.0, 200.0, 227.0, 194.0, 227.0]
rec: BOT......................
