text_instance: 0
bbox: [8, 41, 91, 63]
bezier_pts: [8.0, 81.0, 34.49, 62.09, 67.14, 53.43, 98.0, 41.0, 95.0, 71.0, 65.7, 77.78, 41.56, 90.0, 16.0, 103.0]
rec: SPACE....................
text_instance: 1
bbox: [102, 37, 69, 48]
bezier_pts: [113.0, 37.0, 131.14, 44.06, 151.88, 48.83, 170.0, 56.0, 156.0, 84.0, 138.0, 79.33, 120.0, 74.67, 102.0, 70.0]
rec: AGE......................
text_instance: 2
bbox: [16, 87, 141, 37]
bezier_pts: [16.0, 106.0, 61.3, 93.74, 111.47, 93.17, 156.0, 87.0, 155.0, 100.0, 109.0, 107.67, 63.0, 115.33, 17.0, 123.0]
rec: RESTAURANT...............
