text_instance: 0
bbox: [224, 305, 112, 170]
bezier_pts: [224.0, 474.0, 237.52, 415.36, 230.13, 353.97, 268.0, 305.0, 335.0, 344.0, 305.47, 379.83, 303.07, 425.8, 308.0, 467.0]
rec: GOVT.....................
text_instance: 1
bbox: [274, 181, 189, 150]
bezier_pts: [274.0, 287.0, 318.28, 235.82, 374.27, 201.49, 437.0, 181.0, 462.0, 250.0, 405.23, 248.6, 367.35, 285.42, 339.0, 330.0]
rec: GANDHI...................
text_instance: 2
bbox: [459, 177, 255, 156]
bezier_pts: [459.0, 177.0, 551.81, 177.26, 650.33, 215.93, 713.0, 290.0, 666.0, 332.0, 618.2, 267.22, 546.7, 231.77, 468.0, 241.0]
rec: SECONDARY................
text_instance: 3
bbox: [673, 311, 92, 183]
bezier_pts: [721.0, 311.0, 753.74, 363.29, 769.42, 429.67, 763.0, 493.0, 705.0, 493.0, 717.56, 440.82, 691.54, 389.56, 673.0, 342.0]
rec: SCHOOL...................
text_instance: 4
bbox: [380, 306, 248, 54]
bezier_pts: [383.0, 306.0, 460.68, 306.88, 542.79, 309.55, 624.0, 314.0, 627.0, 359.0, 544.67, 357.67, 462.33, 356.33, 380.0, 355.0]
rec: PASIGHAT.................
text_instance: 5
bbox: [423, 361, 89, 36]
bezier_pts: [423.0, 361.0, 451.0, 362.0, 479.0, 363.0, 507.0, 364.0, 511.0, 396.0, 484.67, 394.67, 458.33, 393.33, 432.0, 392.0]
rec: ESTD.....................
text_instance: 6
bbox: [516, 364, 61, 32]
bezier_pts: [516.0, 365.0, 535.33, 364.67, 554.67, 364.33, 574.0, 364.0, 576.0, 394.0, 556.63, 394.0, 537.89, 394.0, 518.0, 394.0]
rec: 1963.....................
text_instance: 7
bbox: [414, 401, 136, 30]
bezier_pts: [414.0, 401.0, 458.0, 402.0, 502.0, 403.0, 546.0, 404.0, 549.0, 429.0, 505.0, 429.0, 461.0, 429.0, 417.0, 429.0]
rec: UPGRADED.................
text_instance: 8
bbox: [314, 430, 67, 35]
bezier_pts: [314.0, 430.0, 335.67, 430.33, 357.33, 430.67, 379.0, 431.0, 380.0, 461.0, 358.33, 462.0, 336.67, 463.0, 315.0, 464.0]
rec: GOVT.....................
text_instance: 9
bbox: [380, 431, 48, 31]
bezier_pts: [380.0, 431.0, 395.0, 431.33, 410.0, 431.67, 425.0, 432.0, 427.0, 459.0, 412.36, 461.67, 398.68, 461.14, 384.0, 461.0]
rec: SEC......................
text_instance: 10
bbox: [428, 434, 100, 29]
bezier_pts: [432.0, 434.0, 463.33, 434.33, 494.67, 434.67, 526.0, 435.0, 527.0, 461.0, 494.68, 461.08, 461.47, 460.42, 428.0, 459.0]
rec: SCHOOL...................
text_instance: 11
bbox: [598, 432, 45, 34]
bezier_pts: [598.0, 432.0, 612.33, 433.0, 626.67, 434.0, 641.0, 435.0, 642.0, 465.0, 630.67, 464.67, 619.33, 464.33, 608.0, 464.0]
rec: DEC......................
text_instance: 12
bbox: [643, 436, 57, 28]
bezier_pts: [644.0, 437.0, 662.0, 436.67, 680.0, 436.33, 698.0, 436.0, 699.0, 461.0, 680.31, 462.39, 661.74, 462.74, 643.0, 462.0]
rec: 2009.....................
text_instance: 13
bbox: [370, 474, 73, 26]
bezier_pts: [370.0, 474.0, 393.0, 474.33, 416.0, 474.67, 439.0, 475.0, 442.0, 499.0, 419.0, 499.0, 396.0, 499.0, 373.0, 499.0]
rec: EAST.....................
text_instance: 14
bbox: [453, 471, 79, 31]
bezier_pts: [453.0, 472.0, 477.67, 471.67, 502.33, 471.33, 527.0, 471.0, 531.0, 499.0, 505.14, 501.53, 479.61, 501.23, 453.0, 501.0]
rec: SIANG....................
text_instance: 15
bbox: [541, 474, 122, 28]
bezier_pts: [541.0, 474.0, 579.33, 474.0, 617.67, 474.0, 656.0, 474.0, 662.0, 501.0, 621.67, 500.33, 581.33, 499.67, 541.0, 499.0]
rec: DISTRICT.................
text_instance: 16
bbox: [385, 506, 154, 31]
bezier_pts: [385.0, 506.0, 435.33, 507.0, 485.67, 508.0, 536.0, 509.0, 538.0, 534.0, 486.06, 536.55, 435.61, 536.12, 385.0, 536.0]
rec: ARUNACHAL................
text_instance: 17
bbox: [542, 506, 101, 32]
bezier_pts: [542.0, 506.0, 574.0, 506.67, 606.0, 507.33, 638.0, 508.0, 642.0, 535.0, 609.3, 536.78, 577.02, 537.68, 544.0, 536.0]
rec: PRADESH..................
text_instance: 18
bbox: [554, 405, 45, 27]
bezier_pts: [554.0, 405.0, 567.33, 405.33, 580.67, 405.67, 594.0, 406.0, 598.0, 429.0, 583.67, 429.67, 569.33, 430.33, 555.0, 431.0]
rec: TO.......................
text_instance: 19
bbox: [534, 436, 28, 27]
bezier_pts: [534.0, 437.0, 542.33, 436.67, 550.67, 436.33, 559.0, 436.0, 561.0, 462.0, 551.99, 461.86, 543.74, 462.59, 535.0, 461.0]
rec: ON.......................
text_instance: 20
bbox: [560, 434, 31, 30]
bezier_pts: [561.0, 435.0, 570.33, 435.0, 579.67, 435.0, 589.0, 435.0, 590.0, 462.0, 579.78, 464.05, 570.19, 462.58, 560.0, 461.0]
rec: 22.......................
