text_instance: 0
bbox: [237, 18, 175, 166]
bezier_pts: [237.0, 168.0, 270.8, 95.22, 319.55, 32.89, 406.0, 18.0, 411.0, 52.0, 342.0, 65.04, 298.38, 126.18, 269.0, 183.0]
rec: PREMIUM..................
text_instance: 1
bbox: [430, 15, 131, 78]
bezier_pts: [430.0, 15.0, 480.07, 10.38, 520.25, 31.77, 560.0, 59.0, 544.0, 92.0, 513.87, 65.05, 471.47, 47.96, 430.0, 49.0]
rec: LAGER....................
text_instance: 2
bbox: [553, 77, 89, 111]
bezier_pts: [579.0, 77.0, 613.42, 100.89, 620.23, 141.6, 641.0, 172.0, 608.0, 187.0, 590.4, 157.97, 575.48, 124.63, 553.0, 100.0]
rec: BEER.....................
text_instance: 3
bbox: [349, 100, 74, 56]
bezier_pts: [349.0, 136.0, 367.16, 120.06, 388.42, 102.56, 413.0, 100.0, 422.0, 119.0, 403.19, 133.32, 383.11, 145.45, 361.0, 155.0]
rec: ANNO.....................
text_instance: 4
bbox: [458, 106, 64, 48]
bezier_pts: [464.0, 106.0, 487.68, 108.1, 509.77, 115.3, 521.0, 142.0, 509.0, 153.0, 492.0, 143.0, 475.0, 133.0, 458.0, 123.0]
rec: 1366.....................
text_instance: 5
bbox: [273, 233, 327, 69]
bezier_pts: [274.0, 233.0, 380.67, 235.0, 487.33, 237.0, 594.0, 239.0, 599.0, 301.0, 490.33, 298.33, 381.67, 295.67, 273.0, 293.0]
rec: STELLA...................
text_instance: 6
bbox: [269, 308, 331, 65]
bezier_pts: [269.0, 308.0, 378.67, 308.33, 488.33, 308.67, 598.0, 309.0, 599.0, 372.0, 491.18, 372.61, 380.98, 371.4, 271.0, 367.0]
rec: ARTOIS...................
text_instance: 7
bbox: [352, 416, 164, 34]
bezier_pts: [354.0, 416.0, 407.67, 417.0, 461.33, 418.0, 515.0, 419.0, 514.0, 448.0, 460.0, 448.33, 406.0, 448.67, 352.0, 449.0]
rec: LEUVEN...................
text_instance: 8
bbox: [244, 447, 145, 150]
bezier_pts: [275.0, 447.0, 302.27, 498.41, 333.12, 543.94, 388.0, 566.0, 378.0, 596.0, 317.98, 567.27, 262.16, 530.94, 244.0, 463.0]
rec: BREWED...................
text_instance: 9
bbox: [392, 564, 65, 45]
bezier_pts: [403.0, 564.0, 418.67, 565.33, 434.33, 566.67, 450.0, 568.0, 456.0, 603.0, 434.67, 607.05, 413.33, 608.05, 392.0, 606.0]
rec: IN.......................
text_instance: 10
bbox: [464, 449, 168, 154]
bezier_pts: [464.0, 568.0, 526.01, 549.43, 570.38, 506.28, 599.0, 449.0, 631.0, 467.0, 597.48, 528.9, 546.46, 588.83, 473.0, 602.0]
rec: BELGIUM..................
