text_instance: 0
bbox: [272, 343, 53, 43]
bezier_pts: [272.0, 343.0, 288.2, 344.71, 304.92, 344.83, 321.0, 351.0, 324.0, 384.0, 307.95, 384.64, 292.49, 381.5, 276.0, 378.0]
rec: TEA......................
text_instance: 1
bbox: [263, 384, 70, 44]
bezier_pts: [263.0, 384.0, 283.8, 387.25, 305.85, 388.14, 327.0, 393.0, 332.0, 427.0, 310.0, 425.33, 288.0, 423.67, 266.0, 422.0]
rec: SHOp.....................
text_instance: 2
bbox: [211, 457, 58, 65]
bezier_pts: [225.0, 457.0, 241.92, 462.48, 254.58, 471.85, 268.0, 483.0, 259.0, 521.0, 237.68, 520.79, 218.08, 507.59, 211.0, 487.0]
rec: TEA......................
text_instance: 3
bbox: [298, 465, 79, 68]
bezier_pts: [298.0, 493.0, 322.0, 483.67, 346.0, 474.33, 370.0, 465.0, 376.0, 503.0, 358.05, 526.9, 329.66, 533.72, 301.0, 532.0]
rec: SCONES...................
