text_instance: 0
bbox: [72, 359, 131, 37]
bezier_pts: [87.0, 359.0, 125.33, 360.67, 163.67, 362.33, 202.0, 364.0, 189.0, 391.0, 150.39, 394.28, 111.72, 395.02, 72.0, 393.0]
rec: HOUSE....................
text_instance: 1
bbox: [362, 334, 62, 27]
bezier_pts: [362.0, 334.0, 381.7, 342.98, 402.98, 342.39, 423.0, 334.0, 423.0, 359.0, 402.67, 359.0, 382.33, 359.0, 362.0, 359.0]
rec: OPEN.....................
text_instance: 2
bbox: [2, 133, 57, 55]
bezier_pts: [4.0, 133.0, 21.47, 135.54, 40.62, 151.02, 58.0, 138.0, 50.0, 187.0, 34.0, 184.33, 18.0, 181.67, 2.0, 179.0]
rec: dy.......................
text_instance: 3
bbox: [65, 141, 130, 49]
bezier_pts: [70.0, 141.0, 107.74, 147.05, 146.52, 155.47, 187.0, 153.0, 194.0, 189.0, 151.0, 184.33, 108.0, 179.67, 65.0, 175.0]
rec: Street...................
text_instance: 4
bbox: [193, 40, 118, 77]
bezier_pts: [193.0, 112.0, 203.09, 26.35, 261.01, 52.21, 310.0, 40.0, 304.0, 82.0, 274.31, 75.15, 250.32, 85.44, 240.0, 116.0]
rec: Vietnam..................
text_instance: 5
bbox: [313, 32, 73, 105]
bezier_pts: [326.0, 32.0, 358.41, 52.47, 394.11, 90.14, 384.0, 133.0, 357.0, 136.0, 349.8, 110.4, 337.64, 87.04, 313.0, 73.0]
rec: House....................
text_instance: 6
bbox: [244, 122, 113, 29]
bezier_pts: [245.0, 122.0, 282.0, 126.67, 319.0, 131.33, 356.0, 136.0, 353.0, 150.0, 315.76, 148.45, 279.83, 144.88, 244.0, 139.0]
rec: Restaurant...............
text_instance: 7
bbox: [390, 176, 64, 31]
bezier_pts: [390.0, 176.0, 411.83, 175.33, 432.19, 179.17, 453.0, 182.0, 450.0, 206.0, 430.27, 206.76, 411.13, 203.81, 391.0, 202.0]
rec: 415......................
text_instance: 8
bbox: [3, 353, 38, 45]
bezier_pts: [9.0, 354.0, 19.33, 353.67, 29.67, 353.33, 40.0, 353.0, 40.0, 394.0, 27.67, 395.0, 15.33, 396.0, 3.0, 397.0]
rec: M........................
text_instance: 9
bbox: [477, 182, 24, 28]
bezier_pts: [477.0, 183.0, 484.45, 180.78, 492.02, 182.64, 499.0, 185.0, 500.0, 208.0, 492.42, 208.77, 484.7, 208.65, 477.0, 208.0]
rec: 8........................
