text_instance: 0
bbox: [221, 501, 120, 45]
bezier_pts: [239.0, 501.0, 272.67, 506.33, 306.33, 511.67, 340.0, 517.0, 337.0, 544.0, 297.92, 542.01, 259.39, 536.94, 221.0, 529.0]
rec: Seafood..................
text_instance: 1
bbox: [352, 477, 98, 70]
bezier_pts: [352.0, 513.0, 376.33, 501.0, 400.67, 489.0, 425.0, 477.0, 449.0, 490.0, 419.52, 511.19, 388.38, 530.26, 356.0, 546.0]
rec: Market...................
text_instance: 2
bbox: [184, 468, 56, 42]
bezier_pts: [205.0, 468.0, 216.33, 478.33, 227.67, 488.67, 239.0, 499.0, 217.0, 509.0, 203.96, 500.58, 193.26, 489.63, 184.0, 477.0]
rec: KL.......................
