text_instance: 0
bbox: [246, 232, 287, 126]
bezier_pts: [246.0, 301.0, 331.27, 229.61, 431.68, 234.32, 532.0, 232.0, 514.0, 304.0, 427.09, 300.37, 352.29, 311.82, 276.0, 357.0]
rec: COFFEE...................
text_instance: 1
bbox: [295, 369, 202, 100]
bezier_pts: [295.0, 408.0, 356.03, 392.53, 423.23, 379.73, 489.0, 369.0, 496.0, 426.0, 430.13, 443.0, 363.74, 457.0, 297.0, 468.0]
rec: MATE.....................
text_instance: 2
bbox: [261, 513, 260, 121]
bezier_pts: [261.0, 586.0, 333.69, 516.02, 431.98, 512.03, 520.0, 513.0, 516.0, 562.0, 428.14, 546.43, 343.33, 596.75, 265.0, 633.0]
rec: BIENVENIDOS..............
text_instance: 3
bbox: [280, 636, 37, 41]
bezier_pts: [280.0, 640.0, 290.0, 638.67, 300.0, 637.33, 310.0, 636.0, 316.0, 672.0, 308.29, 675.14, 299.9, 676.43, 292.0, 676.0]
rec: A........................
text_instance: 4
bbox: [319, 619, 61, 52]
bezier_pts: [319.0, 631.0, 337.67, 627.0, 356.33, 623.0, 375.0, 619.0, 379.0, 658.0, 364.31, 664.63, 349.24, 667.89, 333.0, 670.0]
rec: LA.......................
text_instance: 5
bbox: [387, 591, 121, 65]
bezier_pts: [387.0, 621.0, 424.49, 602.43, 464.19, 592.31, 507.0, 591.0, 505.0, 628.0, 470.01, 639.83, 433.99, 648.9, 397.0, 655.0]
rec: FERIA....................
text_instance: 6
bbox: [364, 660, 49, 37]
bezier_pts: [364.0, 670.0, 377.36, 664.29, 393.77, 662.95, 408.0, 660.0, 412.0, 682.0, 399.0, 689.63, 384.98, 694.24, 370.0, 696.0]
rec: DE.......................
text_instance: 7
bbox: [279, 711, 83, 61]
bezier_pts: [279.0, 712.0, 305.33, 711.67, 331.67, 711.33, 358.0, 711.0, 361.0, 748.0, 336.39, 758.57, 311.24, 766.27, 285.0, 771.0]
rec: SAN......................
text_instance: 8
bbox: [364, 663, 136, 83]
bezier_pts: [364.0, 708.0, 407.0, 693.0, 450.0, 678.0, 493.0, 663.0, 499.0, 712.0, 455.19, 725.95, 410.94, 737.03, 366.0, 745.0]
rec: PEDRO....................
text_instance: 9
bbox: [307, 726, 166, 86]
bezier_pts: [307.0, 777.0, 359.89, 752.43, 412.82, 736.64, 468.0, 726.0, 472.0, 769.0, 421.0, 783.0, 370.0, 797.0, 319.0, 811.0]
rec: TELMO....................
text_instance: 10
bbox: [97, 240, 85, 100]
bezier_pts: [97.0, 240.0, 140.21, 235.73, 168.32, 258.45, 181.0, 301.0, 174.0, 339.0, 151.99, 315.07, 141.62, 281.51, 105.0, 283.0]
rec: WELCOM...................
text_instance: 11
bbox: [103, 283, 39, 67]
bezier_pts: [105.0, 283.0, 118.18, 292.4, 132.57, 298.73, 141.0, 313.0, 132.0, 349.0, 122.33, 339.67, 112.67, 330.33, 103.0, 321.0]
rec: San......................
