text_instance: 0
bbox: [690, 252, 85, 50]
bezier_pts: [690.0, 268.0, 712.1, 255.64, 739.84, 257.03, 763.0, 252.0, 774.0, 282.0, 749.33, 288.33, 724.67, 294.67, 700.0, 301.0]
rec: YOu......................
text_instance: 1
bbox: [781, 244, 70, 43]
bezier_pts: [781.0, 253.0, 802.0, 250.0, 823.0, 247.0, 844.0, 244.0, 850.0, 276.0, 828.3, 282.27, 806.05, 285.48, 783.0, 286.0]
rec: ARE......................
text_instance: 2
bbox: [860, 240, 85, 40]
bezier_pts: [860.0, 241.0, 888.0, 240.67, 916.0, 240.33, 944.0, 240.0, 938.0, 271.0, 913.92, 274.41, 889.3, 276.85, 865.0, 279.0]
rec: NOW......................
text_instance: 3
bbox: [959, 241, 171, 51]
bezier_pts: [959.0, 241.0, 1016.88, 240.74, 1073.45, 240.49, 1129.0, 258.0, 1124.0, 291.0, 1069.86, 286.03, 1015.02, 279.33, 961.0, 270.0]
rec: ENTERING.................
text_instance: 4
bbox: [1139, 259, 73, 46]
bezier_pts: [1142.0, 259.0, 1164.47, 259.95, 1188.78, 268.02, 1211.0, 271.0, 1205.0, 304.0, 1183.0, 300.0, 1161.0, 296.0, 1139.0, 292.0]
rec: THE......................
text_instance: 5
bbox: [726, 286, 189, 61]
bezier_pts: [726.0, 303.0, 788.27, 289.51, 850.19, 290.2, 914.0, 286.0, 914.0, 322.0, 857.67, 330.0, 801.33, 338.0, 745.0, 346.0]
rec: WORLD....................
text_instance: 6
bbox: [949, 285, 226, 64]
bezier_pts: [950.0, 285.0, 1026.67, 283.84, 1102.16, 291.02, 1174.0, 313.0, 1166.0, 348.0, 1092.35, 342.65, 1020.36, 334.76, 949.0, 324.0]
rec: FAMOUS...................
text_instance: 7
bbox: [589, 332, 346, 117]
bezier_pts: [591.0, 382.0, 704.26, 334.72, 805.49, 328.37, 926.0, 333.0, 934.0, 390.0, 819.0, 409.33, 704.0, 428.67, 589.0, 448.0]
rec: ALASKA...................
text_instance: 8
bbox: [962, 330, 368, 126]
bezier_pts: [963.0, 330.0, 1089.48, 332.52, 1211.47, 357.18, 1329.0, 404.0, 1297.0, 455.0, 1185.33, 432.33, 1073.67, 409.67, 962.0, 387.0]
rec: HIGHWAY..................
text_instance: 9
bbox: [812, 407, 115, 36]
bezier_pts: [812.0, 414.0, 850.95, 412.72, 887.45, 403.92, 925.0, 408.0, 926.0, 438.0, 888.0, 439.33, 850.0, 440.67, 812.0, 442.0]
rec: DAWSON...................
text_instance: 10
bbox: [935, 405, 94, 38]
bezier_pts: [935.0, 405.0, 964.67, 405.33, 994.33, 405.67, 1024.0, 406.0, 1028.0, 442.0, 997.0, 441.67, 966.0, 441.33, 935.0, 441.0]
rec: CREEK....................
text_instance: 11
bbox: [1031, 410, 55, 37]
bezier_pts: [1035.0, 410.0, 1052.75, 409.04, 1068.63, 412.11, 1085.0, 417.0, 1081.0, 446.0, 1064.33, 443.67, 1047.67, 441.33, 1031.0, 439.0]
rec: BC.......................
