text_instance: 0
bbox: [87, 220, 99, 170]
bezier_pts: [87.0, 377.0, 94.09, 323.47, 112.33, 263.26, 147.0, 220.0, 185.0, 234.0, 163.41, 286.3, 151.36, 336.43, 131.0, 389.0]
rec: SHOPS....................
text_instance: 1
bbox: [187, 53, 342, 150]
bezier_pts: [187.0, 170.0, 273.69, 71.24, 401.77, 32.94, 528.0, 63.0, 526.0, 101.0, 410.68, 84.76, 298.68, 113.16, 216.0, 202.0]
rec: RESTAURANTS..............
text_instance: 2
bbox: [572, 77, 278, 334]
bezier_pts: [583.0, 77.0, 732.76, 137.85, 841.53, 228.2, 849.0, 407.0, 805.0, 410.0, 790.85, 269.87, 708.91, 164.07, 572.0, 117.0]
rec: ENTERTAINMENT............
