text_instance: 0
bbox: [229, 194, 380, 123]
bezier_pts: [229.0, 229.0, 342.67, 162.95, 481.74, 194.36, 602.0, 210.0, 608.0, 271.0, 498.33, 286.0, 388.67, 301.0, 279.0, 316.0]
rec: Welcome..................
text_instance: 1
bbox: [733, 172, 176, 109]
bezier_pts: [733.0, 172.0, 792.38, 178.15, 848.3, 185.98, 908.0, 200.0, 893.0, 280.0, 840.67, 276.67, 788.33, 273.33, 736.0, 270.0]
rec: Our......................
text_instance: 2
bbox: [917, 184, 241, 140]
bezier_pts: [932.0, 184.0, 1003.58, 220.93, 1090.31, 174.88, 1157.0, 227.0, 1156.0, 323.0, 1076.33, 307.67, 996.67, 292.33, 917.0, 277.0]
rec: Porch....................
text_instance: 3
bbox: [195, 354, 82, 70]
bezier_pts: [201.0, 354.0, 224.0, 354.33, 247.0, 354.67, 270.0, 355.0, 276.0, 423.0, 249.0, 421.67, 222.0, 420.33, 195.0, 419.0]
rec: Sit......................
text_instance: 4
bbox: [284, 354, 141, 84]
bezier_pts: [284.0, 354.0, 329.33, 354.67, 374.67, 355.33, 420.0, 356.0, 424.0, 436.0, 377.14, 435.97, 331.17, 436.64, 284.0, 435.0]
rec: Long.....................
text_instance: 5
bbox: [480, 351, 118, 70]
bezier_pts: [480.0, 353.0, 518.0, 352.33, 556.0, 351.67, 594.0, 351.0, 597.0, 419.0, 558.88, 420.15, 520.38, 419.16, 482.0, 416.0]
rec: Talk.....................
text_instance: 6
bbox: [615, 354, 157, 70]
bezier_pts: [617.0, 354.0, 665.0, 354.0, 713.0, 354.0, 761.0, 354.0, 771.0, 422.0, 719.0, 422.0, 667.0, 422.0, 615.0, 422.0]
rec: Much.....................
text_instance: 7
bbox: [829, 355, 180, 83]
bezier_pts: [829.0, 355.0, 886.0, 355.0, 943.0, 355.0, 1000.0, 355.0, 1008.0, 437.0, 947.32, 436.92, 888.51, 436.28, 829.0, 435.0]
rec: Laugh....................
text_instance: 8
bbox: [1025, 356, 162, 86]
bezier_pts: [1025.0, 357.0, 1078.0, 356.67, 1131.0, 356.33, 1184.0, 356.0, 1186.0, 438.0, 1132.6, 440.95, 1079.6, 440.41, 1028.0, 440.0]
rec: Often....................
text_instance: 9
bbox: [624, 173, 100, 99]
bezier_pts: [624.0, 173.0, 653.33, 174.67, 682.67, 176.33, 712.0, 178.0, 723.0, 268.0, 690.33, 269.0, 657.67, 270.0, 625.0, 271.0]
rec: To.......................
