text_instance: 0
bbox: [368, 66, 96, 57]
bezier_pts: [368.0, 93.0, 389.63, 68.69, 428.66, 73.33, 457.0, 66.0, 463.0, 97.0, 441.22, 108.1, 418.05, 116.72, 394.0, 122.0]
rec: FIVE.....................
text_instance: 1
bbox: [466, 66, 121, 63]
bezier_pts: [466.0, 66.0, 510.54, 63.85, 551.35, 76.6, 586.0, 102.0, 574.0, 128.0, 541.54, 110.38, 505.51, 91.82, 467.0, 97.0]
rec: POINTS...................
text_instance: 2
bbox: [372, 300, 164, 63]
bezier_pts: [392.0, 300.0, 430.1, 322.84, 470.55, 335.3, 516.0, 328.0, 535.0, 352.0, 480.07, 371.06, 410.97, 371.41, 372.0, 319.0]
rec: BREWING..................
text_instance: 3
bbox: [461, 192, 40, 45]
bezier_pts: [465.0, 193.0, 476.39, 191.08, 487.03, 191.43, 498.0, 193.0, 500.0, 233.0, 487.1, 236.56, 474.33, 236.93, 461.0, 235.0]
rec: 5........................
text_instance: 4
bbox: [527, 299, 50, 48]
bezier_pts: [527.0, 326.0, 536.18, 315.74, 548.43, 307.5, 559.0, 299.0, 576.0, 314.0, 564.67, 324.67, 553.33, 335.33, 542.0, 346.0]
rec: CO.......................
text_instance: 5
bbox: [402, 372, 31, 17]
bezier_pts: [402.0, 374.0, 411.19, 371.04, 422.55, 373.86, 432.0, 375.0, 431.0, 386.0, 421.2, 388.11, 411.86, 386.52, 402.0, 386.0]
rec: San......................
text_instance: 6
bbox: [437, 373, 40, 19]
bezier_pts: [438.0, 373.0, 450.67, 374.0, 463.33, 375.0, 476.0, 376.0, 476.0, 390.0, 462.85, 391.96, 449.66, 390.62, 437.0, 389.0]
rec: Diego....................
text_instance: 7
bbox: [482, 372, 74, 21]
bezier_pts: [482.0, 373.0, 505.52, 373.31, 531.33, 371.95, 555.0, 374.0, 554.0, 392.0, 530.0, 391.33, 506.0, 390.67, 482.0, 390.0]
rec: California...............
