text_instance: 0
bbox: [103, 480, 118, 70]
bezier_pts: [109.0, 521.0, 140.37, 496.72, 176.73, 480.67, 217.0, 480.0, 220.0, 504.0, 177.62, 508.58, 136.07, 515.79, 103.0, 549.0]
rec: ARDINIAN.................
text_instance: 1
bbox: [338, 481, 81, 64]
bezier_pts: [338.0, 481.0, 364.67, 492.0, 391.33, 503.0, 418.0, 514.0, 417.0, 544.0, 391.0, 533.33, 365.0, 522.67, 339.0, 512.0]
rec: WINE.....................
text_instance: 2
bbox: [425, 522, 32, 54]
bezier_pts: [431.0, 522.0, 439.0, 531.33, 447.0, 540.67, 455.0, 550.0, 456.0, 575.0, 445.67, 565.0, 435.33, 555.0, 425.0, 545.0]
rec: BAR......................
text_instance: 3
bbox: [112, 405, 345, 143]
bezier_pts: [123.0, 439.0, 231.45, 381.42, 361.32, 380.61, 448.0, 470.0, 456.0, 547.0, 355.71, 459.64, 212.4, 452.81, 112.0, 521.0]
rec: Fregatt..................
