text_instance: 0
bbox: [213, 255, 213, 196]
bezier_pts: [213.0, 420.0, 260.47, 347.24, 318.07, 287.25, 403.0, 255.0, 425.0, 308.0, 356.48, 337.26, 301.0, 380.08, 277.0, 450.0]
rec: WELCOME..................
text_instance: 1
bbox: [415, 238, 79, 77]
bezier_pts: [415.0, 248.0, 433.67, 244.67, 452.33, 241.33, 471.0, 238.0, 493.0, 302.0, 473.0, 306.0, 453.0, 310.0, 433.0, 314.0]
rec: TO.......................
text_instance: 2
bbox: [493, 242, 101, 89]
bezier_pts: [497.0, 242.0, 529.0, 248.67, 561.0, 255.33, 593.0, 262.0, 577.0, 330.0, 558.43, 297.92, 526.48, 300.1, 493.0, 306.0]
rec: SEA......................
text_instance: 3
bbox: [585, 264, 193, 213]
bezier_pts: [607.0, 264.0, 690.33, 296.45, 737.17, 372.5, 777.0, 446.0, 714.0, 476.0, 715.24, 395.89, 650.88, 350.63, 585.0, 320.0]
rec: PARADISE.................
text_instance: 4
bbox: [277, 522, 139, 47]
bezier_pts: [277.0, 522.0, 317.67, 522.67, 358.33, 523.33, 399.0, 524.0, 415.0, 568.0, 372.33, 566.0, 329.67, 564.0, 287.0, 562.0]
rec: SEA......................
text_instance: 5
bbox: [423, 530, 298, 51]
bezier_pts: [427.0, 530.0, 524.67, 533.33, 622.33, 536.67, 720.0, 540.0, 720.0, 580.0, 621.0, 576.67, 522.0, 573.33, 423.0, 570.0]
rec: PARADISE.................
text_instance: 6
bbox: [390, 574, 111, 21]
bezier_pts: [390.0, 574.0, 424.39, 576.88, 462.54, 576.89, 498.0, 582.0, 500.0, 593.0, 464.59, 594.22, 429.88, 592.25, 394.0, 589.0]
rec: YOKOHAMA.................
text_instance: 7
bbox: [505, 581, 109, 18]
bezier_pts: [505.0, 581.0, 540.33, 582.67, 575.67, 584.33, 611.0, 586.0, 613.0, 597.0, 577.09, 597.47, 541.7, 595.89, 506.0, 593.0]
rec: HAKKEIJIMA...............
