text_instance: 0
bbox: [339, 284, 56, 62]
bezier_pts: [339.0, 335.0, 343.74, 305.46, 367.17, 298.33, 389.0, 284.0, 394.0, 303.0, 367.19, 301.46, 359.8, 324.54, 355.0, 345.0]
rec: CANADIAN.................
text_instance: 1
bbox: [394, 284, 43, 32]
bezier_pts: [395.0, 284.0, 410.24, 286.42, 423.5, 291.18, 436.0, 299.0, 429.0, 315.0, 417.33, 311.33, 405.67, 307.67, 394.0, 304.0]
rec: HAND.....................
text_instance: 2
bbox: [434, 304, 30, 54]
bezier_pts: [445.0, 304.0, 463.42, 313.82, 460.99, 338.42, 463.0, 357.0, 449.0, 355.0, 452.17, 337.86, 447.92, 323.25, 434.0, 315.0]
rec: BLOWN....................
text_instance: 3
bbox: [346, 355, 42, 50]
bezier_pts: [358.0, 355.0, 367.67, 365.33, 377.33, 375.67, 387.0, 386.0, 382.0, 404.0, 365.84, 393.31, 350.7, 381.84, 346.0, 362.0]
rec: UNIQUE...................
text_instance: 4
bbox: [387, 390, 34, 19]
bezier_pts: [393.0, 390.0, 402.0, 390.67, 411.0, 391.33, 420.0, 392.0, 420.0, 408.0, 409.0, 408.0, 398.0, 408.0, 387.0, 408.0]
rec: ART......................
text_instance: 5
bbox: [418, 366, 39, 47]
bezier_pts: [418.0, 386.0, 426.67, 379.33, 435.33, 372.67, 444.0, 366.0, 456.0, 378.0, 446.23, 390.68, 433.97, 400.97, 422.0, 412.0]
rec: GLASS....................
text_instance: 6
bbox: [545, 350, 79, 33]
bezier_pts: [545.0, 350.0, 570.0, 352.33, 595.0, 354.67, 620.0, 357.0, 623.0, 382.0, 597.0, 380.67, 571.0, 379.33, 545.0, 378.0]
rec: FATBURGER................
text_instance: 7
bbox: [155, 268, 58, 90]
bezier_pts: [159.0, 268.0, 176.28, 270.82, 194.88, 264.44, 212.0, 271.0, 211.0, 357.0, 192.33, 355.67, 173.67, 354.33, 155.0, 353.0]
rec: i........................
