text_instance: 0
bbox: [142, 298, 98, 98]
bezier_pts: [142.0, 381.0, 166.83, 355.44, 181.7, 318.36, 215.0, 298.0, 239.0, 324.0, 214.11, 341.08, 187.79, 360.69, 182.0, 395.0]
rec: YEGUA....................
text_instance: 1
bbox: [233, 284, 128, 52]
bezier_pts: [233.0, 290.0, 275.34, 275.75, 319.44, 288.96, 360.0, 303.0, 346.0, 335.0, 313.93, 310.27, 276.35, 311.11, 240.0, 324.0]
rec: AIRGUN...................
text_instance: 2
bbox: [350, 316, 73, 83]
bezier_pts: [370.0, 316.0, 389.8, 337.84, 412.97, 357.75, 422.0, 388.0, 390.0, 398.0, 381.53, 374.21, 371.2, 354.36, 350.0, 340.0]
rec: CLUB.....................
text_instance: 3
bbox: [140, 442, 54, 67]
bezier_pts: [173.0, 442.0, 177.77, 455.48, 180.5, 475.97, 193.0, 487.0, 165.0, 508.0, 153.67, 489.74, 149.44, 467.09, 140.0, 448.0]
rec: THE......................
text_instance: 4
bbox: [169, 500, 157, 78]
bezier_pts: [196.0, 500.0, 226.07, 540.49, 272.39, 547.39, 318.0, 545.0, 325.0, 576.0, 265.78, 583.64, 212.89, 563.38, 169.0, 524.0]
rec: REPUBLIC.................
text_instance: 5
bbox: [360, 442, 72, 99]
bezier_pts: [360.0, 516.0, 386.66, 498.92, 389.98, 470.49, 399.0, 442.0, 431.0, 442.0, 431.95, 480.91, 413.24, 514.49, 383.0, 540.0]
rec: TEXAS....................
text_instance: 6
bbox: [324, 526, 48, 46]
bezier_pts: [324.0, 541.0, 335.18, 535.84, 347.45, 531.04, 359.0, 526.0, 371.0, 546.0, 360.78, 556.12, 348.3, 563.35, 336.0, 571.0]
rec: OF.......................
