text_instance: 0
bbox: [589, 466, 184, 257]
bezier_pts: [589.0, 709.0, 614.94, 612.09, 674.68, 529.69, 747.0, 466.0, 772.0, 530.0, 715.49, 578.41, 668.78, 642.39, 665.0, 722.0]
rec: FATiH....................
text_instance: 1
bbox: [781, 434, 384, 250]
bezier_pts: [781.0, 462.0, 962.63, 382.74, 1130.5, 464.14, 1164.0, 659.0, 1105.0, 683.0, 1076.82, 527.67, 945.36, 456.75, 797.0, 522.0]
rec: BELEDiVESi...............
text_instance: 2
bbox: [595, 774, 132, 86]
bezier_pts: [595.0, 786.0, 638.67, 782.0, 682.33, 778.0, 726.0, 774.0, 723.0, 847.0, 687.33, 851.0, 651.67, 855.0, 616.0, 859.0]
rec: Tarihi...................
text_instance: 3
bbox: [732, 764, 199, 84]
bezier_pts: [732.0, 780.0, 797.89, 774.67, 861.11, 769.33, 927.0, 764.0, 930.0, 822.0, 867.0, 830.33, 804.0, 838.67, 741.0, 847.0]
rec: Yarimada.................
text_instance: 4
bbox: [952, 749, 104, 71]
bezier_pts: [952.0, 755.0, 984.33, 753.0, 1016.67, 751.0, 1049.0, 749.0, 1055.0, 804.0, 1022.92, 811.93, 990.27, 816.93, 958.0, 819.0]
rec: Yesil....................
text_instance: 5
bbox: [1055, 731, 102, 86]
bezier_pts: [1055.0, 743.0, 1088.67, 739.0, 1122.33, 735.0, 1156.0, 731.0, 1156.0, 804.0, 1126.67, 808.0, 1097.33, 812.0, 1068.0, 816.0]
rec: Fatih....................
text_instance: 6
bbox: [647, 856, 260, 87]
bezier_pts: [647.0, 877.0, 728.33, 870.0, 809.67, 863.0, 891.0, 856.0, 906.0, 923.0, 822.47, 931.98, 739.5, 937.92, 656.0, 941.0]
rec: Mustafa..................
text_instance: 7
bbox: [912, 835, 199, 89]
bezier_pts: [912.0, 859.0, 976.55, 847.19, 1044.51, 840.08, 1110.0, 835.0, 1104.0, 899.0, 1044.34, 908.05, 984.44, 916.07, 924.0, 923.0]
rec: DEMiR....................
text_instance: 8
bbox: [699, 953, 89, 50]
bezier_pts: [699.0, 966.0, 728.33, 961.67, 757.67, 957.33, 787.0, 953.0, 787.0, 996.0, 760.67, 998.0, 734.33, 1000.0, 708.0, 1002.0]
rec: Fatih....................
text_instance: 9
bbox: [796, 935, 141, 74]
bezier_pts: [796.0, 947.0, 842.67, 943.0, 889.33, 939.0, 936.0, 935.0, 933.0, 990.0, 890.33, 996.0, 847.67, 1002.0, 805.0, 1008.0]
rec: Belediye.................
text_instance: 10
bbox: [946, 920, 135, 65]
bezier_pts: [946.0, 938.0, 990.67, 932.0, 1035.33, 926.0, 1080.0, 920.0, 1074.0, 969.0, 1032.33, 974.0, 990.67, 979.0, 949.0, 984.0]
rec: Baskani..................
