text_instance: 0
bbox: [310, 494, 77, 30]
bezier_pts: [310.0, 494.0, 335.33, 494.0, 360.67, 494.0, 386.0, 494.0, 386.0, 523.0, 360.67, 523.0, 335.33, 523.0, 310.0, 523.0]
rec: WINE.....................
text_instance: 1
bbox: [304, 374, 187, 87]
bezier_pts: [304.0, 445.0, 329.67, 340.98, 456.87, 349.54, 490.0, 455.0, 466.0, 460.0, 440.62, 392.62, 365.46, 365.15, 329.0, 447.0]
rec: VINOTHEQUE...............
text_instance: 2
bbox: [347, 532, 130, 31]
bezier_pts: [348.0, 532.0, 390.33, 534.33, 432.67, 536.67, 475.0, 539.0, 476.0, 562.0, 432.06, 561.36, 389.84, 559.94, 347.0, 555.0]
rec: TASTING..................
