text_instance: 0
bbox: [5, 29, 626, 119]
bezier_pts: [7.0, 85.0, 209.17, 3.51, 432.83, 17.96, 630.0, 75.0, 630.0, 140.0, 420.03, 66.91, 213.47, 74.58, 5.0, 147.0]
rec: DUNLOP...................
text_instance: 1
bbox: [86, 174, 165, 32]
bezier_pts: [89.0, 175.0, 142.67, 174.67, 196.33, 174.33, 250.0, 174.0, 240.0, 203.0, 188.43, 204.66, 137.16, 203.33, 86.0, 199.0]
rec: DRIVING..................
text_instance: 2
bbox: [316, 171, 75, 34]
bezier_pts: [317.0, 172.0, 341.33, 171.67, 365.67, 171.33, 390.0, 171.0, 389.0, 202.0, 364.67, 202.0, 340.33, 202.0, 316.0, 202.0]
rec: THE......................
text_instance: 3
bbox: [395, 169, 156, 34]
bezier_pts: [398.0, 173.0, 448.0, 171.67, 498.0, 170.33, 548.0, 169.0, 550.0, 202.0, 498.33, 201.33, 446.67, 200.67, 395.0, 200.0]
rec: FUTURE...................
text_instance: 4
bbox: [255, 172, 54, 31]
bezier_pts: [260.0, 173.0, 276.01, 171.54, 291.98, 170.16, 308.0, 174.0, 308.0, 202.0, 290.33, 202.0, 272.67, 202.0, 255.0, 202.0]
rec: TO.......................
