text_instance: 0
bbox: [133, 24, 69, 64]
bezier_pts: [133.0, 75.0, 149.43, 50.14, 173.47, 35.88, 201.0, 24.0, 201.0, 40.0, 181.68, 53.79, 157.68, 63.77, 147.0, 87.0]
rec: MAJLIS...................
text_instance: 1
bbox: [207, 21, 116, 64]
bezier_pts: [207.0, 21.0, 251.01, 19.52, 295.96, 31.07, 322.0, 70.0, 305.0, 84.0, 282.82, 46.63, 249.43, 37.61, 209.0, 40.0]
rec: BANDARAYA................
text_instance: 2
bbox: [145, 104, 60, 17]
bezier_pts: [145.0, 105.0, 163.67, 104.67, 182.33, 104.33, 201.0, 104.0, 204.0, 120.0, 185.33, 119.67, 166.67, 119.33, 148.0, 119.0]
rec: MELAKA...................
text_instance: 3
bbox: [205, 101, 97, 20]
bezier_pts: [206.0, 104.0, 237.67, 103.0, 269.33, 102.0, 301.0, 101.0, 299.0, 119.0, 267.67, 119.0, 236.33, 119.0, 205.0, 119.0]
rec: BERSEJARAH...............
text_instance: 4
bbox: [128, 144, 192, 29]
bezier_pts: [129.0, 144.0, 192.33, 144.33, 255.67, 144.67, 319.0, 145.0, 319.0, 172.0, 255.33, 171.33, 191.67, 170.67, 128.0, 170.0]
rec: PERKAMPUNGAN.............
text_instance: 5
bbox: [127, 180, 194, 33]
bezier_pts: [128.0, 180.0, 192.0, 180.33, 256.0, 180.67, 320.0, 181.0, 318.0, 212.0, 254.53, 211.55, 189.69, 211.37, 127.0, 210.0]
rec: PORTUGIS.................
text_instance: 6
bbox: [136, 218, 56, 15]
bezier_pts: [136.0, 218.0, 154.0, 218.33, 172.0, 218.67, 190.0, 219.0, 191.0, 231.0, 172.26, 231.66, 154.23, 231.36, 136.0, 230.0]
rec: POSKOD...................
text_instance: 7
bbox: [193, 218, 44, 15]
bezier_pts: [193.0, 218.0, 207.0, 218.67, 221.0, 219.33, 235.0, 220.0, 236.0, 232.0, 221.67, 232.0, 207.33, 232.0, 193.0, 232.0]
rec: 75050....................
text_instance: 8
bbox: [241, 221, 61, 16]
bezier_pts: [241.0, 221.0, 261.0, 221.67, 281.0, 222.33, 301.0, 223.0, 300.0, 236.0, 280.49, 234.89, 260.91, 235.45, 241.0, 232.0]
rec: MELAKA...................
