text_instance: 0
bbox: [1, 58, 58, 36]
bezier_pts: [1.0, 58.0, 20.0, 58.0, 39.0, 58.0, 58.0, 58.0, 58.0, 93.0, 39.0, 93.0, 20.0, 93.0, 1.0, 93.0]
rec: EEZIT....................
text_instance: 1
bbox: [2, 3, 152, 43]
bezier_pts: [2.0, 3.0, 52.33, 3.0, 102.67, 3.0, 153.0, 3.0, 153.0, 43.0, 102.13, 46.63, 52.76, 46.64, 2.0, 43.0]
rec: Kelloggs.................
text_instance: 2
bbox: [81, 50, 74, 40]
bezier_pts: [81.0, 75.0, 102.04, 58.7, 125.33, 51.78, 151.0, 50.0, 154.0, 64.0, 130.34, 70.14, 104.78, 71.02, 86.0, 89.0]
rec: RICEKRISPIES.............
text_instance: 3
bbox: [84, 64, 73, 46]
bezier_pts: [84.0, 90.0, 106.16, 75.12, 130.14, 66.42, 156.0, 64.0, 153.0, 88.0, 132.96, 88.31, 116.62, 101.65, 98.0, 109.0]
rec: TREATS...................
text_instance: 4
bbox: [234, 195, 45, 20]
bezier_pts: [234.0, 195.0, 248.67, 195.0, 263.33, 195.0, 278.0, 195.0, 274.0, 214.0, 260.67, 213.67, 247.33, 213.33, 234.0, 213.0]
rec: RAT......................
text_instance: 5
bbox: [122, 198, 43, 20]
bezier_pts: [124.0, 198.0, 135.67, 198.0, 147.33, 198.0, 159.0, 198.0, 164.0, 215.0, 149.88, 216.51, 135.93, 216.82, 122.0, 216.0]
rec: AR.......................
