text_instance: 0
bbox: [220, 202, 42, 37]
bezier_pts: [220.0, 202.0, 233.0, 202.67, 246.0, 203.33, 259.0, 204.0, 261.0, 238.0, 250.0, 237.67, 239.0, 237.33, 228.0, 237.0]
rec: THE......................
text_instance: 1
bbox: [61, 241, 354, 124]
bezier_pts: [61.0, 295.0, 172.05, 208.76, 307.2, 239.61, 414.0, 302.0, 412.0, 364.0, 312.69, 287.8, 174.2, 291.84, 69.0, 343.0]
rec: CAMBRIDGE................
text_instance: 2
bbox: [197, 314, 37, 38]
bezier_pts: [197.0, 314.0, 208.33, 314.33, 219.67, 314.67, 231.0, 315.0, 233.0, 349.0, 221.18, 350.87, 209.52, 351.93, 198.0, 350.0]
rec: EST......................
text_instance: 3
bbox: [237, 318, 42, 36]
bezier_pts: [238.0, 318.0, 251.0, 318.67, 264.0, 319.33, 277.0, 320.0, 278.0, 353.0, 263.93, 353.42, 250.73, 353.41, 237.0, 350.0]
rec: 2013.....................
text_instance: 4
bbox: [137, 353, 200, 64]
bezier_pts: [137.0, 353.0, 201.56, 355.22, 269.67, 359.22, 336.0, 365.0, 333.0, 415.0, 267.31, 414.96, 201.96, 411.96, 137.0, 406.0]
rec: BREW.....................
text_instance: 5
bbox: [117, 418, 237, 71]
bezier_pts: [117.0, 418.0, 193.0, 419.0, 275.22, 420.89, 353.0, 429.0, 351.0, 488.0, 272.79, 486.03, 195.64, 481.96, 117.0, 475.0]
rec: HOUSE....................
