text_instance: 0
bbox: [237, 28, 119, 108]
bezier_pts: [237.0, 86.0, 256.69, 31.83, 311.16, 38.72, 353.0, 28.0, 355.0, 102.0, 326.0, 113.0, 297.0, 124.0, 268.0, 135.0]
rec: NO.......................
text_instance: 1
bbox: [409, 42, 160, 429]
bezier_pts: [435.0, 42.0, 602.33, 144.41, 617.34, 321.64, 494.0, 470.0, 462.0, 426.0, 586.1, 305.1, 531.67, 175.24, 409.0, 92.0]
rec: STRETCHED................
text_instance: 2
bbox: [250, 245, 229, 98]
bezier_pts: [250.0, 283.0, 323.95, 255.11, 394.08, 235.31, 475.0, 250.0, 478.0, 299.0, 405.95, 314.4, 332.81, 328.67, 259.0, 342.0]
rec: LOVE.....................
text_instance: 3
bbox: [148, 197, 65, 64]
bezier_pts: [148.0, 248.0, 152.11, 231.1, 157.41, 214.3, 158.0, 197.0, 212.0, 212.0, 213.22, 228.52, 206.59, 244.56, 201.0, 260.0]
rec: H........................
text_instance: 4
bbox: [182, 411, 115, 105]
bezier_pts: [263.0, 515.0, 234.99, 490.52, 206.32, 469.32, 182.0, 443.0, 233.0, 411.0, 235.97, 447.03, 273.34, 459.97, 296.0, 478.0]
rec: GH.......................
text_instance: 5
bbox: [359, 466, 88, 62]
bezier_pts: [446.0, 509.0, 417.21, 512.96, 390.68, 525.46, 360.0, 527.0, 359.0, 490.0, 385.0, 482.0, 411.0, 474.0, 437.0, 466.0]
rec: DO.......................
