text_instance: 0
bbox: [123, 107, 125, 43]
bezier_pts: [124.0, 109.0, 164.67, 108.33, 205.33, 107.67, 246.0, 107.0, 247.0, 149.0, 206.85, 149.54, 164.62, 147.73, 123.0, 147.0]
rec: GYM......................
text_instance: 1
bbox: [84, 216, 99, 28]
bezier_pts: [84.0, 225.0, 114.04, 216.18, 146.26, 218.16, 179.0, 216.0, 182.0, 231.0, 151.0, 235.0, 120.0, 239.0, 89.0, 243.0]
rec: FITNESS..................
text_instance: 2
bbox: [195, 216, 93, 26]
bezier_pts: [195.0, 216.0, 225.67, 215.11, 256.33, 217.78, 287.0, 224.0, 286.0, 241.0, 256.0, 238.0, 226.0, 235.0, 196.0, 232.0]
rec: CENTER...................
