text_instance: 0
bbox: [451, 559, 223, 56]
bezier_pts: [451.0, 590.0, 513.89, 534.4, 615.26, 541.73, 673.0, 603.0, 645.0, 614.0, 596.5, 567.38, 524.97, 563.44, 475.0, 601.0]
rec: MOOKHA...................
text_instance: 1
bbox: [421, 636, 163, 87]
bezier_pts: [453.0, 636.0, 481.14, 676.46, 528.1, 711.76, 583.0, 687.0, 582.0, 722.0, 523.95, 711.98, 457.76, 704.57, 421.0, 648.0]
rec: QUALITY..................
text_instance: 2
bbox: [593, 643, 85, 78]
bezier_pts: [593.0, 684.0, 622.61, 695.74, 646.8, 670.63, 651.0, 643.0, 677.0, 654.0, 665.39, 696.26, 621.54, 696.62, 593.0, 720.0]
rec: GOOD.....................
