text_instance: 0
bbox: [227, 279, 194, 36]
bezier_pts: [227.0, 279.0, 291.33, 279.0, 355.67, 279.0, 420.0, 279.0, 420.0, 314.0, 355.67, 314.0, 291.33, 314.0, 227.0, 314.0]
rec: 1234567890...............
text_instance: 1
bbox: [250, 331, 80, 25]
bezier_pts: [250.0, 331.0, 276.33, 331.0, 302.67, 331.0, 329.0, 331.0, 329.0, 355.0, 302.67, 355.0, 276.33, 355.0, 250.0, 355.0]
rec: GOOD.....................
text_instance: 2
bbox: [344, 331, 57, 25]
bezier_pts: [344.0, 331.0, 362.67, 331.0, 381.33, 331.0, 400.0, 331.0, 400.0, 354.0, 381.33, 354.0, 362.67, 354.0, 344.0, 354.0]
rec: BYE......................
text_instance: 3
bbox: [203, 117, 36, 19]
bezier_pts: [203.0, 117.0, 214.67, 117.0, 226.33, 117.0, 238.0, 117.0, 238.0, 135.0, 226.33, 135.0, 214.67, 135.0, 203.0, 135.0]
rec: YES......................
text_instance: 4
bbox: [172, 166, 306, 80]
bezier_pts: [172.0, 204.0, 266.57, 145.02, 385.79, 135.0, 477.0, 209.0, 457.0, 245.0, 371.4, 195.61, 274.23, 187.11, 187.0, 241.0]
rec: ABCDEFGHIJKLM............
text_instance: 5
bbox: [174, 207, 301, 81]
bezier_pts: [174.0, 253.0, 263.11, 185.34, 380.05, 186.68, 474.0, 259.0, 453.0, 287.0, 370.49, 224.7, 274.4, 226.29, 194.0, 281.0]
rec: NOPQRSTUVWXYZ............
text_instance: 6
bbox: [418, 116, 33, 25]
bezier_pts: [419.0, 117.0, 427.7, 115.38, 437.28, 115.01, 446.0, 117.0, 450.0, 139.0, 439.33, 139.88, 428.67, 140.08, 418.0, 140.0]
rec: NO.......................
