text_instance: 0
bbox: [31, 150, 631, 252]
bezier_pts: [31.0, 310.0, 207.37, 205.97, 416.39, 149.18, 621.0, 150.0, 661.0, 243.0, 466.37, 245.84, 287.64, 294.72, 124.0, 401.0]
rec: KUNDASANG................
text_instance: 1
bbox: [730, 169, 211, 131]
bezier_pts: [730.0, 169.0, 801.36, 183.17, 875.47, 202.2, 940.0, 233.0, 937.0, 299.0, 880.33, 284.0, 823.67, 269.0, 767.0, 254.0]
rec: WAR......................
text_instance: 2
bbox: [1001, 263, 390, 345]
bezier_pts: [1012.0, 263.0, 1165.23, 323.29, 1291.06, 418.26, 1390.0, 535.0, 1375.0, 607.0, 1269.07, 497.7, 1141.95, 394.81, 1001.0, 334.0]
rec: MEMORIAl.................
