text_instance: 0
bbox: [368, 6, 34, 26]
bezier_pts: [368.0, 11.0, 378.67, 7.56, 389.34, 7.67, 400.0, 6.0, 401.0, 25.0, 391.22, 29.07, 381.25, 30.97, 371.0, 31.0]
rec: THE......................
text_instance: 1
bbox: [302, 42, 48, 44]
bezier_pts: [302.0, 69.0, 315.16, 59.64, 328.9, 48.45, 344.0, 42.0, 349.0, 65.0, 338.0, 71.67, 327.0, 78.33, 316.0, 85.0]
rec: SUN......................
text_instance: 2
bbox: [350, 31, 63, 30]
bezier_pts: [350.0, 38.0, 370.21, 33.25, 390.81, 32.48, 412.0, 31.0, 408.0, 54.0, 390.09, 58.69, 371.47, 60.56, 353.0, 60.0]
rec: GOES.....................
text_instance: 3
bbox: [412, 31, 69, 48]
bezier_pts: [414.0, 31.0, 437.94, 35.91, 460.84, 37.12, 480.0, 54.0, 465.0, 78.0, 449.67, 66.15, 432.45, 58.1, 412.0, 55.0]
rec: DOWN.....................
