text_instance: 0
bbox: [161, 84, 112, 69]
bezier_pts: [161.0, 119.0, 195.63, 102.57, 230.27, 86.69, 269.0, 84.0, 272.0, 116.0, 238.0, 128.0, 204.0, 140.0, 170.0, 152.0]
rec: SUARA....................
text_instance: 1
bbox: [296, 78, 108, 61]
bezier_pts: [309.0, 78.0, 340.26, 86.45, 374.4, 89.22, 403.0, 107.0, 392.0, 138.0, 360.0, 130.67, 328.0, 123.33, 296.0, 116.0]
rec: ALAM.....................
text_instance: 2
bbox: [44, 233, 257, 89]
bezier_pts: [44.0, 233.0, 129.33, 234.0, 214.67, 235.0, 300.0, 236.0, 300.0, 321.0, 214.67, 321.0, 129.33, 321.0, 44.0, 321.0]
rec: SAFARI...................
text_instance: 3
bbox: [354, 225, 213, 98]
bezier_pts: [354.0, 225.0, 419.33, 225.0, 484.67, 225.0, 550.0, 225.0, 566.0, 316.0, 496.45, 319.46, 429.55, 321.2, 360.0, 322.0]
rec: TREK.....................
