text_instance: 0
bbox: [316, 55, 100, 72]
bezier_pts: [316.0, 79.0, 347.0, 71.0, 378.0, 63.0, 409.0, 55.0, 415.0, 100.0, 392.67, 108.67, 370.33, 117.33, 348.0, 126.0]
rec: BAY......................
text_instance: 1
bbox: [421, 49, 130, 109]
bezier_pts: [421.0, 49.0, 469.25, 63.41, 513.02, 88.65, 550.0, 121.0, 537.0, 157.0, 504.98, 125.26, 469.14, 101.53, 424.0, 99.0]
rec: CREEK....................
text_instance: 2
bbox: [331, 133, 214, 73]
bezier_pts: [331.0, 133.0, 402.0, 143.0, 473.0, 153.0, 544.0, 163.0, 541.0, 205.0, 473.83, 197.0, 404.43, 187.99, 336.0, 178.0]
rec: Neighborhood.............
