text_instance: 0
bbox: [60, 219, 134, 104]
bezier_pts: [60.0, 284.0, 84.98, 251.95, 114.38, 214.48, 161.0, 219.0, 193.0, 256.0, 162.67, 278.0, 132.33, 300.0, 102.0, 322.0]
rec: Old......................
text_instance: 1
bbox: [166, 151, 216, 102]
bezier_pts: [166.0, 191.0, 236.49, 158.1, 307.38, 144.17, 381.0, 154.0, 375.0, 206.0, 312.7, 192.13, 257.03, 223.87, 208.0, 252.0]
rec: Coffee...................
text_instance: 2
bbox: [387, 130, 199, 106]
bezier_pts: [392.0, 130.0, 462.72, 122.71, 516.67, 178.14, 585.0, 191.0, 560.0, 235.0, 503.18, 216.84, 443.74, 228.93, 387.0, 202.0]
rec: house....................
