text_instance: 0
bbox: [381, 326, 133, 29]
bezier_pts: [381.0, 326.0, 425.0, 326.0, 469.0, 326.0, 513.0, 326.0, 513.0, 351.0, 468.29, 352.85, 425.23, 351.51, 381.0, 351.0]
rec: DELIVERY.................
text_instance: 1
bbox: [305, 326, 69, 24]
bezier_pts: [305.0, 326.0, 327.67, 326.0, 350.33, 326.0, 373.0, 326.0, 373.0, 349.0, 350.33, 349.0, 327.67, 349.0, 305.0, 349.0]
rec: FREE.....................
text_instance: 2
bbox: [139, 325, 99, 27]
bezier_pts: [139.0, 325.0, 171.67, 325.0, 204.33, 325.0, 237.0, 325.0, 237.0, 349.0, 204.47, 351.08, 172.53, 349.62, 139.0, 349.0]
rec: DINNER...................
text_instance: 3
bbox: [1, 321, 30, 27]
bezier_pts: [1.0, 321.0, 10.67, 321.0, 20.33, 321.0, 30.0, 321.0, 30.0, 346.0, 20.24, 347.95, 10.44, 346.32, 1.0, 346.0]
rec: ST.......................
text_instance: 4
bbox: [96, 172, 441, 97]
bezier_pts: [96.0, 231.0, 241.28, 181.92, 386.56, 133.74, 536.0, 191.0, 532.0, 249.0, 387.99, 164.75, 250.21, 222.69, 108.0, 268.0]
rec: PATZERI..................
text_instance: 5
bbox: [154, 241, 207, 31]
bezier_pts: [174.0, 241.0, 236.0, 241.67, 298.0, 242.33, 360.0, 243.0, 347.0, 270.0, 281.98, 271.09, 218.41, 269.94, 154.0, 266.0]
rec: PERFECT..................
text_instance: 6
bbox: [366, 240, 141, 31]
bezier_pts: [376.0, 240.0, 419.33, 240.33, 462.67, 240.67, 506.0, 241.0, 505.0, 269.0, 457.71, 269.54, 411.59, 267.43, 366.0, 263.0]
rec: PIZZA....................
text_instance: 7
bbox: [12, 273, 235, 28]
bezier_pts: [25.0, 273.0, 98.67, 273.33, 172.33, 273.67, 246.0, 274.0, 228.0, 296.0, 152.86, 305.57, 88.41, 299.25, 12.0, 295.0]
rec: BREAKFAsT................
text_instance: 8
bbox: [257, 276, 151, 23]
bezier_pts: [269.0, 276.0, 315.0, 276.0, 361.0, 276.0, 407.0, 276.0, 401.0, 295.0, 353.73, 298.06, 306.14, 297.42, 257.0, 297.0]
rec: h........................
text_instance: 9
bbox: [426, 276, 111, 26]
bezier_pts: [435.0, 276.0, 468.67, 276.33, 502.33, 276.67, 536.0, 277.0, 525.0, 301.0, 492.0, 299.67, 459.0, 298.33, 426.0, 297.0]
rec: DINN.....................
text_instance: 10
bbox: [43, 325, 86, 26]
bezier_pts: [43.0, 325.0, 71.33, 325.0, 99.67, 325.0, 128.0, 325.0, 128.0, 350.0, 99.82, 350.2, 70.74, 350.54, 43.0, 348.0]
rec: LUNCH....................
text_instance: 11
bbox: [129, 366, 84, 42]
bezier_pts: [129.0, 379.0, 151.67, 374.67, 174.33, 370.33, 197.0, 366.0, 212.0, 391.0, 189.03, 408.67, 161.6, 407.06, 135.0, 407.0]
rec: PASTA....................
text_instance: 12
bbox: [128, 395, 92, 41]
bezier_pts: [132.0, 409.0, 157.13, 397.4, 184.49, 400.34, 211.0, 395.0, 219.0, 421.0, 193.9, 439.01, 156.29, 429.61, 128.0, 435.0]
rec: HEROS....................
text_instance: 13
bbox: [20, 399, 18, 46]
bezier_pts: [24.0, 400.0, 19.79, 415.38, 22.58, 427.32, 20.0, 442.0, 37.0, 444.0, 37.57, 428.33, 35.25, 414.69, 36.0, 399.0]
rec: ATM......................
text_instance: 14
bbox: [48, 397, 14, 46]
bezier_pts: [48.0, 398.0, 50.96, 412.81, 45.89, 426.82, 49.0, 441.0, 61.0, 442.0, 61.94, 425.34, 58.4, 411.8, 61.0, 397.0]
rec: ATM......................
text_instance: 15
bbox: [318, 413, 21, 30]
bezier_pts: [318.0, 414.0, 324.67, 413.67, 331.33, 413.33, 338.0, 413.0, 337.0, 439.0, 331.29, 436.23, 320.61, 447.61, 319.0, 440.0]
rec: B........................
