text_instance: 0
bbox: [90, 228, 45, 56]
bezier_pts: [90.0, 278.0, 93.27, 259.05, 100.21, 243.23, 111.0, 228.0, 134.0, 240.0, 126.41, 254.09, 121.13, 268.0, 117.0, 283.0]
rec: THE......................
text_instance: 1
bbox: [113, 135, 155, 107]
bezier_pts: [113.0, 222.0, 144.74, 163.53, 203.89, 140.4, 266.0, 135.0, 267.0, 157.0, 215.05, 171.58, 161.39, 192.0, 131.0, 241.0]
rec: INCORPRORATED............
text_instance: 2
bbox: [272, 137, 118, 57]
bezier_pts: [272.0, 137.0, 315.04, 137.72, 358.98, 147.78, 389.0, 179.0, 377.0, 193.0, 347.54, 179.22, 315.14, 160.29, 280.0, 161.0]
rec: TRUSTEES.................
text_instance: 3
bbox: [399, 214, 44, 51]
bezier_pts: [420.0, 214.0, 430.99, 224.73, 436.4, 244.55, 442.0, 259.0, 415.0, 264.0, 412.48, 251.1, 406.93, 239.59, 399.0, 229.0]
rec: THE......................
text_instance: 4
bbox: [412, 263, 35, 98]
bezier_pts: [441.0, 263.0, 445.03, 293.58, 451.51, 331.23, 434.0, 360.0, 412.0, 348.0, 421.31, 320.06, 426.16, 292.05, 416.0, 264.0]
rec: ISLAMIC..................
text_instance: 5
bbox: [298, 356, 134, 107]
bezier_pts: [431.0, 363.0, 409.67, 421.26, 352.68, 448.33, 300.0, 462.0, 298.0, 432.0, 345.31, 424.37, 385.6, 397.43, 405.0, 356.0]
rec: COMMUNITY................
text_instance: 6
bbox: [217, 433, 74, 31]
bezier_pts: [290.0, 461.0, 264.51, 465.03, 241.83, 464.14, 217.0, 458.0, 222.0, 433.0, 244.0, 434.33, 266.0, 435.67, 288.0, 437.0]
rec: FUND.....................
text_instance: 7
bbox: [114, 363, 69, 72]
bezier_pts: [167.0, 434.0, 144.26, 419.73, 127.36, 402.07, 114.0, 378.0, 133.0, 363.0, 149.33, 380.33, 165.67, 397.67, 182.0, 415.0]
rec: HONG.....................
text_instance: 8
bbox: [93, 299, 39, 72]
bezier_pts: [108.0, 370.0, 95.21, 347.7, 93.89, 325.73, 93.0, 301.0, 118.0, 299.0, 117.88, 320.78, 123.27, 341.66, 131.0, 361.0]
rec: KONG.....................
text_instance: 9
bbox: [213, 284, 131, 52]
bezier_pts: [218.0, 284.0, 259.0, 285.67, 300.0, 287.33, 341.0, 289.0, 343.0, 333.0, 298.26, 329.33, 257.11, 344.2, 213.0, 328.0]
rec: HALAL....................
text_instance: 10
bbox: [383, 185, 30, 35]
bezier_pts: [391.0, 185.0, 400.65, 190.26, 406.29, 199.6, 412.0, 209.0, 400.0, 219.0, 392.26, 214.79, 386.64, 208.0, 383.0, 200.0]
rec: OF.......................
text_instance: 11
bbox: [173, 417, 47, 42]
bezier_pts: [210.0, 458.0, 196.73, 452.89, 182.83, 447.21, 173.0, 437.0, 187.0, 417.0, 197.67, 421.0, 208.33, 425.0, 219.0, 429.0]
rec: OF.......................
