text_instance: 0
bbox: [35, 184, 399, 196]
bezier_pts: [35.0, 315.0, 124.7, 170.08, 280.55, 167.38, 433.0, 198.0, 428.0, 271.0, 296.8, 249.41, 180.33, 313.36, 79.0, 379.0]
rec: Celebrate................
text_instance: 1
bbox: [447, 208, 241, 257]
bezier_pts: [475.0, 208.0, 582.2, 247.61, 639.46, 331.22, 687.0, 429.0, 618.0, 464.0, 588.81, 375.77, 536.87, 300.79, 447.0, 269.0]
rec: Breath...................
text_instance: 2
bbox: [51, 517, 416, 255]
bezier_pts: [129.0, 517.0, 187.3, 654.54, 304.24, 718.43, 452.0, 706.0, 466.0, 763.0, 273.3, 795.36, 107.74, 733.22, 51.0, 540.0]
rec: Celebrate................
text_instance: 3
bbox: [465, 582, 179, 170]
bezier_pts: [465.0, 682.0, 509.41, 647.06, 553.74, 606.77, 606.0, 582.0, 643.0, 613.0, 627.21, 685.77, 553.27, 713.72, 502.0, 751.0]
rec: Life.....................
