text_instance: 0
bbox: [81, 414, 436, 152]
bezier_pts: [86.0, 414.0, 229.27, 419.56, 376.17, 412.8, 516.0, 463.0, 468.0, 565.0, 351.44, 506.99, 218.5, 486.88, 81.0, 497.0]
rec: bluebird.................
text_instance: 1
bbox: [90, 506, 81, 42]
bezier_pts: [167.0, 506.0, 141.33, 507.0, 115.67, 508.0, 90.0, 509.0, 95.0, 547.0, 120.0, 546.33, 145.0, 545.67, 170.0, 545.0]
rec: SHOP.....................
text_instance: 2
bbox: [174, 502, 97, 43]
bezier_pts: [268.0, 508.0, 236.67, 506.0, 205.33, 504.0, 174.0, 502.0, 178.0, 544.0, 208.67, 544.0, 239.33, 544.0, 270.0, 544.0]
rec: COFFEE...................
