text_instance: 0
bbox: [129, 198, 537, 277]
bezier_pts: [129.0, 298.0, 293.66, 228.48, 452.95, 216.77, 631.0, 198.0, 665.0, 372.0, 509.88, 360.91, 370.61, 397.22, 233.0, 474.0]
rec: THAO.....................
text_instance: 1
bbox: [715, 224, 289, 207]
bezier_pts: [715.0, 224.0, 814.56, 241.84, 910.56, 267.6, 1003.0, 301.0, 993.0, 430.0, 902.0, 410.0, 811.0, 390.0, 720.0, 370.0]
rec: CAM......................
text_instance: 2
bbox: [1029, 320, 306, 297]
bezier_pts: [1029.0, 320.0, 1151.03, 353.25, 1242.69, 441.94, 1334.0, 516.0, 1296.0, 616.0, 1218.75, 556.18, 1147.9, 489.33, 1047.0, 460.0]
rec: VIEN.....................
text_instance: 3
bbox: [648, 416, 343, 146]
bezier_pts: [648.0, 416.0, 753.62, 475.17, 874.78, 449.81, 988.0, 500.0, 990.0, 561.0, 881.17, 551.08, 757.17, 525.95, 650.0, 507.0]
rec: Saigon...................
