text_instance: 0
bbox: [71, 138, 110, 44]
bezier_pts: [73.0, 138.0, 108.67, 139.67, 144.33, 141.33, 180.0, 143.0, 172.0, 180.0, 138.98, 180.39, 105.18, 179.06, 71.0, 176.0]
rec: SET......................
text_instance: 1
bbox: [194, 141, 42, 47]
bezier_pts: [194.0, 141.0, 206.33, 142.0, 218.67, 143.0, 231.0, 144.0, 235.0, 185.0, 221.33, 185.67, 207.67, 186.33, 194.0, 187.0]
rec: B........................
text_instance: 2
bbox: [9, 197, 58, 36]
bezier_pts: [9.0, 197.0, 26.33, 197.0, 43.67, 197.0, 61.0, 197.0, 66.0, 231.0, 49.0, 231.33, 32.0, 231.67, 15.0, 232.0]
rec: ORK......................
text_instance: 3
bbox: [68, 198, 73, 35]
bezier_pts: [68.0, 198.0, 92.0, 198.0, 116.0, 198.0, 140.0, 198.0, 140.0, 230.0, 117.42, 232.57, 94.88, 232.76, 72.0, 231.0]
rec: MISO.....................
text_instance: 4
bbox: [147, 199, 66, 34]
bezier_pts: [147.0, 199.0, 168.67, 199.0, 190.33, 199.0, 212.0, 199.0, 209.0, 230.0, 188.67, 230.67, 168.33, 231.33, 148.0, 232.0]
rec: SOUP.....................
text_instance: 5
bbox: [217, 200, 42, 33]
bezier_pts: [217.0, 200.0, 230.67, 200.0, 244.33, 200.0, 258.0, 200.0, 257.0, 230.0, 244.28, 231.6, 231.86, 230.81, 219.0, 231.0]
rec: SET......................
text_instance: 6
bbox: [27, 237, 73, 34]
bezier_pts: [27.0, 247.0, 48.33, 243.67, 69.67, 240.33, 91.0, 237.0, 99.0, 269.0, 76.0, 269.33, 53.0, 269.67, 30.0, 270.0]
rec: WITh.....................
text_instance: 7
bbox: [99, 232, 137, 41]
bezier_pts: [99.0, 234.0, 143.0, 233.33, 187.0, 232.67, 231.0, 232.0, 235.0, 272.0, 191.33, 271.33, 147.67, 270.67, 104.0, 270.0]
rec: SHISHAMO.................
text_instance: 8
bbox: [96, 333, 110, 46]
bezier_pts: [97.0, 337.0, 133.0, 335.67, 169.0, 334.33, 205.0, 333.0, 198.0, 374.0, 164.0, 375.33, 130.0, 376.67, 96.0, 378.0]
rec: RM37.....................
text_instance: 9
bbox: [536, 1, 84, 45]
bezier_pts: [539.0, 1.0, 565.67, 2.33, 592.33, 3.67, 619.0, 5.0, 615.0, 45.0, 588.67, 42.33, 562.33, 39.67, 536.0, 37.0]
rec: SET......................
text_instance: 10
bbox: [621, 5, 40, 42]
bezier_pts: [630.0, 5.0, 640.0, 5.0, 650.0, 5.0, 660.0, 5.0, 659.0, 46.0, 646.33, 45.67, 633.67, 45.33, 621.0, 45.0]
rec: A........................
text_instance: 11
bbox: [482, 51, 97, 41]
bezier_pts: [482.0, 51.0, 514.0, 53.67, 546.0, 56.33, 578.0, 59.0, 578.0, 91.0, 546.67, 90.33, 515.33, 89.67, 484.0, 89.0]
rec: JAPANESE.................
text_instance: 12
bbox: [580, 57, 102, 39]
bezier_pts: [580.0, 57.0, 613.67, 58.67, 647.33, 60.33, 681.0, 62.0, 679.0, 95.0, 647.67, 94.67, 616.33, 94.33, 585.0, 94.0]
rec: BREAKFAST................
text_instance: 13
bbox: [684, 62, 34, 41]
bezier_pts: [684.0, 62.0, 695.0, 63.67, 706.0, 65.33, 717.0, 67.0, 714.0, 102.0, 704.0, 102.0, 694.0, 102.0, 684.0, 102.0]
rec: SET......................
text_instance: 14
bbox: [556, 160, 85, 44]
bezier_pts: [561.0, 162.0, 587.33, 161.33, 613.67, 160.67, 640.0, 160.0, 640.0, 199.0, 612.0, 200.33, 584.0, 201.67, 556.0, 203.0]
rec: RM15.....................
text_instance: 15
bbox: [381, 239, 400, 91]
bezier_pts: [381.0, 256.0, 519.43, 233.43, 646.99, 228.09, 780.0, 256.0, 772.0, 314.0, 646.5, 308.68, 528.43, 306.8, 400.0, 329.0]
rec: TRIPLE...................
text_instance: 16
bbox: [353, 322, 293, 91]
bezier_pts: [353.0, 354.0, 452.25, 332.85, 548.11, 322.27, 645.0, 322.0, 638.0, 376.0, 550.18, 388.94, 471.61, 377.85, 384.0, 412.0]
rec: VALUE....................
text_instance: 17
bbox: [662, 321, 143, 70]
bezier_pts: [665.0, 321.0, 710.8, 323.9, 755.96, 330.87, 804.0, 335.0, 785.0, 390.0, 744.0, 386.0, 703.0, 382.0, 662.0, 378.0]
rec: SET......................
text_instance: 18
bbox: [879, 187, 71, 35]
bezier_pts: [879.0, 187.0, 902.33, 187.33, 925.67, 187.67, 949.0, 188.0, 944.0, 221.0, 922.33, 220.0, 900.67, 219.0, 879.0, 218.0]
rec: SET......................
text_instance: 19
bbox: [955, 187, 30, 42]
bezier_pts: [955.0, 187.0, 964.67, 188.0, 974.33, 189.0, 984.0, 190.0, 982.0, 228.0, 973.67, 228.0, 965.33, 228.0, 957.0, 228.0]
rec: C........................
text_instance: 20
bbox: [889, 225, 50, 32]
bezier_pts: [889.0, 225.0, 905.33, 225.33, 921.67, 225.67, 938.0, 226.0, 935.0, 256.0, 920.33, 255.67, 905.67, 255.33, 891.0, 255.0]
rec: SUSHI....................
text_instance: 21
bbox: [933, 225, 31, 29]
bezier_pts: [933.0, 225.0, 943.0, 225.33, 953.0, 225.67, 963.0, 226.0, 963.0, 251.0, 954.0, 251.67, 945.0, 252.33, 936.0, 253.0]
rec: SET......................
text_instance: 22
bbox: [897, 302, 59, 39]
bezier_pts: [900.0, 307.0, 918.0, 305.33, 936.0, 303.67, 954.0, 302.0, 955.0, 333.0, 936.15, 337.77, 916.09, 339.26, 897.0, 340.0]
rec: RM53.....................
