text_instance: 0
bbox: [101, 50, 103, 45]
bezier_pts: [101.0, 61.0, 131.28, 43.38, 176.9, 35.13, 203.0, 68.0, 193.0, 94.0, 165.26, 87.28, 137.11, 76.42, 109.0, 83.0]
rec: DETROIT..................
text_instance: 1
bbox: [127, 90, 41, 23]
bezier_pts: [127.0, 90.0, 139.21, 92.85, 153.81, 88.11, 166.0, 94.0, 167.0, 112.0, 155.0, 110.67, 143.0, 109.33, 131.0, 108.0]
rec: FIRE.....................
text_instance: 2
bbox: [100, 103, 106, 42]
bezier_pts: [105.0, 103.0, 137.75, 109.79, 166.97, 117.1, 200.0, 115.0, 205.0, 135.0, 169.06, 154.2, 130.07, 144.52, 100.0, 119.0]
rec: DEPARTMENT...............
text_instance: 3
bbox: [162, 28, 50, 14]
bezier_pts: [164.0, 29.0, 180.17, 27.5, 195.59, 26.27, 211.0, 30.0, 211.0, 41.0, 194.56, 39.93, 178.17, 40.27, 162.0, 37.0]
rec: ENFORCER.................
