text_instance: 0
bbox: [25, 3, 77, 86]
bezier_pts: [25.0, 69.0, 40.34, 49.56, 43.67, 12.6, 71.0, 3.0, 101.0, 15.0, 87.38, 41.17, 79.08, 70.4, 53.0, 88.0]
rec: ITA......................
text_instance: 1
bbox: [301, 85, 52, 87]
bezier_pts: [325.0, 85.0, 336.93, 110.48, 350.91, 135.4, 352.0, 166.0, 326.0, 171.0, 316.46, 145.45, 305.1, 121.27, 301.0, 94.0]
rec: EEN......................
text_instance: 2
bbox: [71, 76, 264, 148]
bezier_pts: [83.0, 76.0, 168.28, 102.48, 261.24, 87.28, 334.0, 154.0, 314.0, 223.0, 226.23, 210.57, 138.92, 221.48, 71.0, 154.0]
rec: Rozzis...................
text_instance: 3
bbox: [35, 129, 150, 187]
bezier_pts: [181.0, 315.0, 103.48, 281.37, 43.42, 222.41, 35.0, 129.0, 59.0, 130.0, 61.8, 208.56, 119.46, 256.23, 184.0, 280.0]
rec: CANTEEn..................
text_instance: 4
bbox: [221, 206, 131, 112]
bezier_pts: [351.0, 209.0, 342.85, 280.01, 291.77, 320.64, 223.0, 317.0, 221.0, 292.0, 278.95, 301.64, 322.3, 258.89, 327.0, 206.0]
rec: ITALIAN..................
