text_instance: 0
bbox: [48, 37, 54, 49]
bezier_pts: [48.0, 71.0, 64.14, 60.74, 73.02, 41.39, 93.0, 37.0, 101.0, 51.0, 82.82, 54.75, 76.7, 75.0, 63.0, 85.0]
rec: Centre...................
text_instance: 1
bbox: [37, 81, 41, 112]
bezier_pts: [63.0, 192.0, 36.27, 161.9, 29.89, 117.4, 43.0, 81.0, 63.0, 86.0, 46.94, 117.15, 59.2, 154.43, 77.0, 181.0]
rec: Rehabilitation...........
text_instance: 2
bbox: [69, 181, 41, 35]
bezier_pts: [106.0, 215.0, 89.52, 216.61, 81.05, 202.76, 69.0, 195.0, 81.0, 181.0, 88.23, 189.47, 96.96, 196.15, 109.0, 197.0]
rec: Utan.....................
text_instance: 3
bbox: [112, 196, 55, 23]
bezier_pts: [166.0, 213.0, 150.07, 222.82, 129.79, 219.82, 112.0, 215.0, 114.0, 196.0, 128.69, 200.74, 144.26, 204.57, 157.0, 198.0]
rec: Orang....................
text_instance: 4
bbox: [162, 162, 57, 52]
bezier_pts: [218.0, 175.0, 206.81, 192.19, 192.24, 203.49, 173.0, 213.0, 162.0, 194.0, 179.07, 189.33, 191.6, 174.7, 199.0, 162.0]
rec: Sepilok..................
text_instance: 5
bbox: [75, 89, 122, 34]
bezier_pts: [75.0, 91.0, 115.33, 90.33, 155.67, 89.67, 196.0, 89.0, 195.0, 121.0, 155.67, 121.33, 116.33, 121.67, 77.0, 122.0]
rec: Sepilok..................
text_instance: 6
bbox: [79, 118, 113, 31]
bezier_pts: [79.0, 118.0, 116.33, 118.0, 153.67, 118.0, 191.0, 118.0, 191.0, 146.0, 153.14, 147.5, 116.41, 146.92, 80.0, 147.0]
rec: Jungle...................
text_instance: 7
bbox: [83, 143, 109, 31]
bezier_pts: [84.0, 143.0, 119.67, 143.67, 155.33, 144.33, 191.0, 145.0, 190.0, 173.0, 154.01, 173.54, 119.39, 173.26, 83.0, 170.0]
rec: Resort...................
text_instance: 8
bbox: [182, 48, 45, 61]
bezier_pts: [195.0, 48.0, 205.86, 64.65, 231.58, 78.59, 226.0, 104.0, 214.0, 108.0, 208.63, 88.87, 199.44, 70.28, 182.0, 60.0]
rec: Minutes..................
text_instance: 9
bbox: [211, 105, 22, 43]
bezier_pts: [228.0, 105.0, 233.53, 119.24, 235.32, 133.04, 228.0, 147.0, 211.0, 143.0, 218.86, 134.11, 213.05, 120.13, 214.0, 108.0]
rec: walk.....................
text_instance: 10
bbox: [169, 37, 25, 19]
bezier_pts: [179.0, 37.0, 185.19, 37.15, 189.01, 40.81, 193.0, 45.0, 187.0, 55.0, 181.0, 54.0, 175.0, 53.0, 169.0, 52.0]
rec: 5........................
text_instance: 11
bbox: [206, 145, 24, 24]
bezier_pts: [229.0, 151.0, 226.08, 151.62, 225.21, 162.96, 219.0, 168.0, 206.0, 161.0, 205.58, 159.45, 210.58, 152.76, 212.0, 145.0]
rec: to.......................
