text_instance: 0
bbox: [173, 81, 230, 131]
bezier_pts: [173.0, 156.0, 244.27, 119.62, 312.09, 95.43, 390.0, 81.0, 402.0, 135.0, 327.66, 136.09, 266.59, 177.82, 201.0, 211.0]
rec: BLACK....................
text_instance: 1
bbox: [442, 66, 131, 61]
bezier_pts: [442.0, 66.0, 484.22, 70.62, 531.51, 71.23, 572.0, 83.0, 567.0, 126.0, 525.33, 125.67, 483.67, 125.33, 442.0, 125.0]
rec: CAT......................
text_instance: 2
bbox: [602, 74, 180, 134]
bezier_pts: [622.0, 74.0, 675.94, 95.73, 726.97, 127.8, 781.0, 155.0, 762.0, 207.0, 708.67, 183.33, 655.33, 159.67, 602.0, 136.0]
rec: CAFE.....................
text_instance: 3
bbox: [245, 215, 65, 30]
bezier_pts: [245.0, 215.0, 266.33, 215.0, 287.67, 215.0, 309.0, 215.0, 309.0, 242.0, 288.78, 244.19, 267.46, 244.0, 247.0, 241.0]
rec: Eat......................
text_instance: 4
bbox: [229, 255, 99, 32]
bezier_pts: [231.0, 255.0, 262.33, 256.0, 293.67, 257.0, 325.0, 258.0, 327.0, 284.0, 294.33, 284.67, 261.67, 285.33, 229.0, 286.0]
rec: DRINK....................
text_instance: 5
bbox: [654, 210, 73, 29]
bezier_pts: [654.0, 210.0, 677.33, 211.0, 700.67, 212.0, 724.0, 213.0, 726.0, 234.0, 704.54, 236.91, 683.38, 238.17, 661.0, 238.0]
rec: AND......................
text_instance: 6
bbox: [679, 244, 89, 32]
bezier_pts: [679.0, 244.0, 708.6, 244.95, 737.57, 248.16, 767.0, 249.0, 766.0, 273.0, 739.33, 273.67, 712.67, 274.33, 686.0, 275.0]
rec: SCARY....................
text_instance: 7
bbox: [330, 361, 110, 55]
bezier_pts: [335.0, 361.0, 369.67, 368.67, 404.33, 376.33, 439.0, 384.0, 426.0, 415.0, 393.77, 411.66, 361.79, 405.33, 330.0, 396.0]
rec: open.....................
text_instance: 8
bbox: [451, 370, 66, 38]
bezier_pts: [451.0, 370.0, 472.67, 370.33, 494.33, 370.67, 516.0, 371.0, 513.0, 407.0, 493.67, 406.33, 474.33, 405.67, 455.0, 405.0]
rec: all......................
text_instance: 9
bbox: [530, 352, 116, 60]
bezier_pts: [530.0, 371.0, 564.67, 364.67, 599.33, 358.33, 634.0, 352.0, 645.0, 391.0, 608.69, 402.55, 571.82, 414.12, 531.0, 411.0]
rec: night....................
text_instance: 10
bbox: [632, 244, 46, 35]
bezier_pts: [634.0, 245.0, 647.67, 245.67, 661.33, 246.33, 675.0, 247.0, 677.0, 278.0, 662.0, 277.0, 647.0, 276.0, 632.0, 275.0]
rec: BE.......................
