text_instance: 0
bbox: [129, 196, 130, 45]
bezier_pts: [129.0, 196.0, 172.0, 196.67, 215.0, 197.33, 258.0, 198.0, 258.0, 239.0, 215.0, 239.33, 172.0, 239.67, 129.0, 240.0]
rec: SHOP.....................
text_instance: 1
bbox: [90, 81, 203, 73]
bezier_pts: [90.0, 137.0, 139.31, 55.03, 232.68, 63.38, 292.0, 135.0, 264.0, 153.0, 221.66, 95.29, 157.52, 98.9, 117.0, 153.0]
rec: LAFAYETTE................
text_instance: 2
bbox: [84, 152, 209, 43]
bezier_pts: [84.0, 155.0, 153.0, 154.0, 222.0, 153.0, 291.0, 152.0, 292.0, 194.0, 222.53, 194.23, 153.74, 193.63, 84.0, 191.0]
rec: COFFEE...................
text_instance: 3
bbox: [94, 233, 115, 66]
bezier_pts: [113.0, 233.0, 136.99, 261.23, 170.44, 272.99, 208.0, 270.0, 208.0, 298.0, 166.35, 302.07, 119.5, 287.54, 94.0, 251.0]
rec: PRIME....................
text_instance: 4
bbox: [217, 232, 67, 60]
bezier_pts: [217.0, 264.0, 230.33, 253.33, 243.67, 242.67, 257.0, 232.0, 283.0, 250.0, 274.36, 279.0, 248.42, 287.79, 221.0, 291.0]
rec: RIB......................
