text_instance: 0
bbox: [165, 250, 54, 24]
bezier_pts: [165.0, 250.0, 182.67, 250.0, 200.33, 250.0, 218.0, 250.0, 218.0, 273.0, 200.33, 273.0, 182.67, 273.0, 165.0, 273.0]
rec: Love.....................
text_instance: 1
bbox: [230, 257, 44, 20]
bezier_pts: [230.0, 257.0, 244.8, 258.74, 259.03, 258.35, 273.0, 262.0, 269.0, 276.0, 256.01, 276.04, 242.48, 274.13, 230.0, 273.0]
rec: one......................
text_instance: 2
bbox: [253, 146, 26, 15]
bezier_pts: [253.0, 148.0, 260.9, 146.55, 269.3, 145.35, 277.0, 147.0, 278.0, 156.0, 269.86, 158.39, 261.48, 160.37, 253.0, 159.0]
rec: mm.......................
text_instance: 3
bbox: [253, 169, 27, 14]
bezier_pts: [253.0, 171.0, 261.33, 170.33, 269.67, 169.67, 278.0, 169.0, 279.0, 179.0, 271.31, 181.22, 262.9, 182.37, 255.0, 182.0]
rec: mm.......................
text_instance: 4
bbox: [449, 271, 50, 27]
bezier_pts: [449.0, 271.0, 465.33, 273.67, 481.67, 276.33, 498.0, 279.0, 496.0, 297.0, 480.61, 297.4, 466.54, 295.07, 451.0, 294.0]
rec: lov......................
text_instance: 5
bbox: [473, 82, 24, 15]
bezier_pts: [473.0, 83.0, 480.0, 83.0, 487.0, 83.0, 494.0, 83.0, 496.0, 95.0, 489.08, 96.03, 481.88, 96.04, 475.0, 96.0]
rec: Wa.......................
text_instance: 6
bbox: [312, 239, 61, 77]
bezier_pts: [322.0, 315.0, 292.62, 278.98, 325.28, 226.26, 372.0, 241.0, 369.0, 257.0, 336.99, 253.49, 322.52, 276.8, 335.0, 310.0]
rec: milkshake................
text_instance: 7
bbox: [376, 247, 33, 79]
bezier_pts: [388.0, 247.0, 401.44, 269.67, 417.7, 298.73, 402.0, 325.0, 388.0, 313.0, 393.92, 293.75, 393.9, 273.69, 376.0, 261.0]
rec: factory..................
