text_instance: 0
bbox: [38, 86, 242, 170]
bezier_pts: [38.0, 224.0, 99.61, 140.09, 182.76, 101.03, 278.0, 86.0, 279.0, 139.0, 199.52, 155.96, 132.36, 196.58, 76.0, 255.0]
rec: ABANDON..................
text_instance: 1
bbox: [298, 77, 118, 75]
bezier_pts: [298.0, 79.0, 335.31, 79.65, 382.86, 60.1, 415.0, 94.0, 398.0, 151.0, 364.71, 146.99, 326.7, 157.51, 298.0, 136.0]
rec: ALL......................
text_instance: 2
bbox: [414, 99, 163, 117]
bezier_pts: [430.0, 99.0, 481.12, 119.65, 529.42, 144.75, 576.0, 175.0, 531.0, 215.0, 499.09, 179.49, 453.77, 171.25, 414.0, 149.0]
rec: HOPE.....................
