text_instance: 0
bbox: [350, 855, 86, 68]
bezier_pts: [358.0, 855.0, 385.22, 857.31, 419.96, 854.14, 435.0, 884.0, 427.0, 922.0, 400.1, 916.93, 374.38, 908.97, 350.0, 898.0]
rec: HONG.....................
text_instance: 1
bbox: [444, 881, 85, 56]
bezier_pts: [449.0, 881.0, 475.26, 881.16, 503.09, 879.72, 528.0, 894.0, 526.0, 936.0, 499.05, 932.98, 471.11, 930.88, 444.0, 925.0]
rec: KONG.....................
text_instance: 2
bbox: [539, 850, 107, 83]
bezier_pts: [540.0, 886.0, 568.76, 868.0, 601.4, 855.78, 635.0, 850.0, 645.0, 890.0, 623.35, 927.6, 575.69, 925.66, 539.0, 932.0]
rec: POLICE...................
