text_instance: 0
bbox: [507, 531, 152, 120]
bezier_pts: [507.0, 531.0, 555.0, 549.67, 603.0, 568.33, 651.0, 587.0, 658.0, 650.0, 614.0, 641.67, 570.0, 633.33, 526.0, 625.0]
rec: COFFEE...................
text_instance: 1
bbox: [658, 595, 62, 75]
bezier_pts: [658.0, 595.0, 678.33, 600.0, 698.67, 605.0, 719.0, 610.0, 719.0, 669.0, 703.33, 665.33, 687.67, 661.67, 672.0, 658.0]
rec: ROA......................
text_instance: 2
bbox: [223, 675, 76, 283]
bezier_pts: [268.0, 679.0, 286.0, 755.64, 274.67, 842.09, 298.0, 917.0, 251.0, 957.0, 240.26, 858.67, 219.36, 775.37, 223.0, 675.0]
rec: OLUMBIA..................
text_instance: 3
bbox: [307, 1019, 35, 140]
bezier_pts: [329.0, 1019.0, 333.07, 1061.48, 336.52, 1104.59, 341.0, 1150.0, 321.0, 1158.0, 313.84, 1113.31, 308.71, 1065.51, 307.0, 1022.0]
rec: MEXICO...................
text_instance: 4
bbox: [313, 806, 48, 250]
bezier_pts: [336.0, 806.0, 339.85, 889.37, 357.42, 969.62, 360.0, 1053.0, 338.0, 1055.0, 334.19, 970.42, 316.97, 889.19, 313.0, 806.0]
rec: COFFEE...................
text_instance: 5
bbox: [426, 491, 36, 47]
bezier_pts: [426.0, 528.0, 429.46, 515.95, 436.35, 483.64, 460.0, 492.0, 461.0, 512.0, 443.23, 505.92, 443.86, 525.33, 438.0, 537.0]
rec: COFFEE...................
text_instance: 6
bbox: [465, 502, 29, 53]
bezier_pts: [467.0, 502.0, 482.59, 513.49, 489.55, 532.15, 493.0, 551.0, 485.0, 554.0, 480.02, 538.9, 473.9, 525.35, 465.0, 513.0]
rec: ROAD.....................
text_instance: 7
bbox: [675, 1200, 45, 70]
bezier_pts: [675.0, 1238.0, 687.67, 1225.33, 700.33, 1212.67, 713.0, 1200.0, 719.0, 1226.0, 708.97, 1240.95, 695.56, 1255.43, 684.0, 1269.0]
rec: COFFEE...................
