text_instance: 0
bbox: [448, 347, 769, 318]
bezier_pts: [448.0, 563.0, 666.13, 363.13, 937.24, 244.77, 1216.0, 434.0, 1123.0, 554.0, 917.01, 455.49, 685.66, 517.72, 505.0, 664.0]
rec: OLDTOWN..................
text_instance: 1
bbox: [463, 922, 307, 175]
bezier_pts: [502.0, 922.0, 591.0, 951.0, 680.0, 980.0, 769.0, 1009.0, 766.0, 1096.0, 649.82, 1093.18, 541.27, 1106.01, 463.0, 1009.0]
rec: WHITE....................
text_instance: 2
bbox: [784, 841, 385, 262]
bezier_pts: [784.0, 1003.0, 893.0, 949.0, 1002.0, 895.0, 1111.0, 841.0, 1168.0, 910.0, 1073.41, 1030.06, 941.27, 1091.95, 796.0, 1102.0]
rec: COFFEE...................
text_instance: 3
bbox: [14, 1204, 1532, 442]
bezier_pts: [14.0, 1327.0, 516.01, 1182.85, 1041.12, 1246.73, 1536.0, 1204.0, 1545.0, 1507.0, 1045.49, 1657.9, 528.87, 1621.95, 23.0, 1645.0]
rec: OLDTOWN..................
text_instance: 4
bbox: [173, 1642, 573, 192]
bezier_pts: [173.0, 1690.0, 362.88, 1662.55, 554.6, 1647.6, 745.0, 1642.0, 724.0, 1788.0, 540.15, 1805.36, 355.45, 1819.08, 173.0, 1833.0]
rec: WHITE....................
text_instance: 5
bbox: [781, 1588, 693, 210]
bezier_pts: [781.0, 1642.0, 1009.49, 1608.93, 1239.66, 1591.15, 1467.0, 1588.0, 1473.0, 1762.0, 1242.33, 1773.67, 1011.67, 1785.33, 781.0, 1797.0]
rec: COFFEE...................
text_instance: 6
bbox: [5, 1986, 498, 223]
bezier_pts: [5.0, 2022.0, 168.67, 2010.0, 332.33, 1998.0, 496.0, 1986.0, 502.0, 2178.0, 338.33, 2188.0, 174.67, 2198.0, 11.0, 2208.0]
rec: Origins..................
text_instance: 7
bbox: [781, 1953, 520, 182]
bezier_pts: [781.0, 1989.0, 947.48, 1965.4, 1112.35, 1960.46, 1285.0, 1953.0, 1300.0, 2112.0, 1129.06, 2122.03, 958.31, 2128.99, 787.0, 2133.0]
rec: White....................
text_instance: 8
bbox: [550, 1980, 200, 162]
bezier_pts: [553.0, 1995.0, 618.33, 1990.0, 683.67, 1985.0, 749.0, 1980.0, 743.0, 2135.0, 678.31, 2138.3, 615.57, 2140.95, 550.0, 2141.0]
rec: of.......................
text_instance: 9
bbox: [1379, 1954, 146, 166]
bezier_pts: [1382.0, 1954.0, 1429.33, 1954.67, 1476.67, 1955.33, 1524.0, 1956.0, 1524.0, 2118.0, 1474.95, 2117.64, 1428.03, 2117.55, 1379.0, 2117.0]
rec: C........................
