text_instance: 0
bbox: [221, 46, 62, 77]
bezier_pts: [221.0, 55.0, 241.33, 52.0, 261.67, 49.0, 282.0, 46.0, 276.0, 122.0, 257.75, 121.15, 239.13, 119.21, 221.0, 114.0]
rec: WINE.....................
text_instance: 1
bbox: [290, 47, 114, 77]
bezier_pts: [291.0, 47.0, 328.88, 48.45, 367.02, 48.97, 403.0, 58.0, 399.0, 105.0, 366.21, 125.07, 328.88, 122.99, 290.0, 123.0]
rec: BARRELS..................
text_instance: 2
bbox: [226, 123, 69, 71]
bezier_pts: [227.0, 125.0, 249.33, 124.67, 271.67, 124.33, 294.0, 124.0, 293.0, 192.0, 270.93, 193.83, 248.76, 193.57, 226.0, 191.0]
rec: 19.......................
text_instance: 3
bbox: [311, 124, 81, 72]
bezier_pts: [312.0, 124.0, 338.85, 124.17, 365.01, 123.16, 390.0, 127.0, 391.0, 195.0, 364.33, 195.0, 337.67, 195.0, 311.0, 195.0]
rec: 99.......................
