text_instance: 0
bbox: [154, 158, 307, 132]
bezier_pts: [154.0, 241.0, 233.38, 108.32, 396.26, 131.66, 460.0, 271.0, 414.0, 289.0, 364.25, 192.78, 266.75, 172.69, 196.0, 265.0]
rec: TRATTORIA................
text_instance: 1
bbox: [287, 234, 121, 98]
bezier_pts: [287.0, 234.0, 326.52, 235.38, 365.08, 243.26, 403.0, 251.0, 407.0, 329.0, 371.07, 330.61, 335.81, 329.16, 301.0, 325.0]
rec: Pino.....................
text_instance: 2
bbox: [176, 323, 267, 95]
bezier_pts: [196.0, 323.0, 265.86, 389.74, 346.42, 409.79, 423.0, 333.0, 442.0, 362.0, 354.23, 451.72, 247.93, 432.26, 176.0, 343.0]
rec: GIRARROSTO...............
text_instance: 3
bbox: [212, 241, 73, 84]
bezier_pts: [216.0, 241.0, 238.67, 242.0, 261.33, 243.0, 284.0, 244.0, 279.0, 323.0, 256.44, 323.04, 234.53, 322.18, 212.0, 321.0]
rec: A........................
