text_instance: 0
bbox: [257, 82, 252, 125]
bezier_pts: [257.0, 205.0, 283.37, 42.6, 471.98, 40.57, 508.0, 201.0, 478.0, 206.0, 460.81, 69.76, 312.28, 70.59, 293.0, 202.0]
rec: WELCOME..................
text_instance: 1
bbox: [345, 155, 106, 26]
bezier_pts: [345.0, 155.0, 377.67, 155.0, 410.33, 155.0, 443.0, 155.0, 450.0, 178.0, 415.0, 178.67, 380.0, 179.33, 345.0, 180.0]
rec: BOSTONS..................
text_instance: 2
bbox: [345, 184, 96, 25]
bezier_pts: [345.0, 185.0, 376.67, 184.67, 408.33, 184.33, 440.0, 184.0, 439.0, 207.0, 408.33, 207.33, 377.67, 207.67, 347.0, 208.0]
rec: HISTORIC.................
text_instance: 3
bbox: [346, 214, 75, 22]
bezier_pts: [348.0, 215.0, 371.33, 214.67, 394.67, 214.33, 418.0, 214.0, 420.0, 232.0, 395.33, 233.0, 370.67, 234.0, 346.0, 235.0]
rec: NORTH....................
text_instance: 4
bbox: [427, 213, 41, 22]
bezier_pts: [427.0, 213.0, 440.33, 213.0, 453.67, 213.0, 467.0, 213.0, 467.0, 233.0, 453.83, 233.53, 440.81, 234.96, 428.0, 233.0]
rec: END......................
text_instance: 5
bbox: [265, 386, 47, 38]
bezier_pts: [265.0, 386.0, 280.33, 386.0, 295.67, 386.0, 311.0, 386.0, 310.0, 420.0, 295.87, 422.29, 281.98, 423.35, 268.0, 423.0]
rec: NORTH....................
text_instance: 6
bbox: [315, 386, 31, 35]
bezier_pts: [317.0, 389.0, 326.0, 388.0, 335.0, 387.0, 344.0, 386.0, 345.0, 419.0, 335.0, 419.0, 325.0, 419.0, 315.0, 419.0]
rec: END......................
text_instance: 7
bbox: [347, 384, 70, 37]
bezier_pts: [347.0, 386.0, 369.67, 385.33, 392.33, 384.67, 415.0, 384.0, 416.0, 418.0, 393.04, 419.47, 369.74, 419.9, 347.0, 420.0]
rec: CHAMBER..................
text_instance: 8
bbox: [438, 380, 77, 38]
bezier_pts: [439.0, 385.0, 463.67, 383.33, 488.33, 381.67, 513.0, 380.0, 514.0, 412.0, 488.6, 415.99, 463.26, 417.39, 438.0, 416.0]
rec: COMMERCE.................
text_instance: 9
bbox: [419, 387, 20, 34]
bezier_pts: [419.0, 387.0, 425.33, 387.33, 431.67, 387.67, 438.0, 388.0, 438.0, 420.0, 431.67, 419.33, 425.33, 418.67, 419.0, 418.0]
rec: OF.......................
