text_instance: 0
bbox: [145, 78, 153, 56]
bezier_pts: [145.0, 78.0, 191.35, 88.91, 239.46, 87.36, 284.0, 84.0, 297.0, 123.0, 244.95, 138.66, 193.46, 137.94, 146.0, 115.0]
rec: PURE.....................
text_instance: 1
bbox: [98, 128, 80, 68]
bezier_pts: [105.0, 128.0, 129.0, 138.0, 153.0, 148.0, 177.0, 158.0, 173.0, 195.0, 146.34, 188.29, 112.73, 185.33, 98.0, 158.0]
rec: ICE......................
text_instance: 2
bbox: [184, 161, 197, 46]
bezier_pts: [189.0, 165.0, 249.0, 163.67, 309.0, 162.33, 369.0, 161.0, 380.0, 194.0, 318.22, 213.47, 245.78, 213.58, 184.0, 189.0]
rec: CREAM....................
