text_instance: 0
bbox: [1, 261, 120, 101]
bezier_pts: [1.0, 297.0, 36.76, 274.67, 78.36, 258.48, 120.0, 261.0, 115.0, 319.0, 80.67, 333.0, 46.33, 347.0, 12.0, 361.0]
rec: ANET.....................
text_instance: 1
bbox: [146, 232, 228, 108]
bezier_pts: [147.0, 258.0, 217.43, 229.44, 302.91, 226.78, 373.0, 256.0, 370.0, 308.0, 292.28, 276.99, 208.98, 287.84, 146.0, 339.0]
rec: HOLLYWO..................
text_instance: 2
bbox: [227, 322, 139, 98]
bezier_pts: [227.0, 405.0, 254.44, 356.26, 306.96, 332.46, 363.0, 322.0, 365.0, 351.0, 317.91, 357.48, 277.36, 377.24, 252.0, 419.0]
rec: DISNEY...................
text_instance: 3
bbox: [384, 321, 160, 106]
bezier_pts: [384.0, 321.0, 450.85, 323.85, 503.75, 351.08, 543.0, 406.0, 526.0, 426.0, 491.62, 381.13, 442.73, 354.97, 388.0, 351.0]
rec: VILLAGE..................
