text_instance: 0
bbox: [306, 167, 44, 41]
bezier_pts: [306.0, 167.0, 320.33, 167.0, 334.67, 167.0, 349.0, 167.0, 349.0, 207.0, 334.67, 207.0, 320.33, 207.0, 306.0, 207.0]
rec: 12.......................
text_instance: 1
bbox: [442, 265, 39, 52]
bezier_pts: [442.0, 265.0, 454.67, 265.0, 467.33, 265.0, 480.0, 265.0, 480.0, 316.0, 467.33, 316.0, 454.67, 316.0, 442.0, 316.0]
rec: 3........................
text_instance: 2
bbox: [409, 202, 47, 62]
bezier_pts: [409.0, 202.0, 424.33, 202.0, 439.67, 202.0, 455.0, 202.0, 455.0, 263.0, 439.67, 263.0, 424.33, 263.0, 409.0, 263.0]
rec: 2........................
text_instance: 3
bbox: [201, 232, 42, 42]
bezier_pts: [201.0, 232.0, 214.67, 232.0, 228.33, 232.0, 242.0, 232.0, 242.0, 273.0, 228.33, 273.0, 214.67, 273.0, 201.0, 273.0]
rec: 10.......................
text_instance: 4
bbox: [423, 327, 41, 54]
bezier_pts: [423.0, 327.0, 436.33, 327.0, 449.67, 327.0, 463.0, 327.0, 463.0, 380.0, 449.67, 380.0, 436.33, 380.0, 423.0, 380.0]
rec: 4........................
text_instance: 5
bbox: [247, 185, 34, 45]
bezier_pts: [247.0, 185.0, 258.0, 185.0, 269.0, 185.0, 280.0, 185.0, 280.0, 228.0, 269.0, 228.0, 258.0, 228.0, 247.0, 228.0]
rec: 11.......................
text_instance: 6
bbox: [189, 288, 39, 50]
bezier_pts: [189.0, 288.0, 201.67, 288.0, 214.33, 288.0, 227.0, 288.0, 227.0, 337.0, 214.33, 337.0, 201.67, 337.0, 189.0, 337.0]
rec: 9........................
text_instance: 7
bbox: [103, 53, 466, 176]
bezier_pts: [103.0, 197.0, 220.68, -0.36, 438.99, -7.87, 568.0, 177.0, 493.0, 220.0, 403.65, 66.22, 250.98, 93.8, 172.0, 228.0]
rec: FOLGERS..................
text_instance: 8
bbox: [151, 387, 374, 134]
bezier_pts: [179.0, 388.0, 277.63, 458.71, 384.08, 474.37, 477.0, 387.0, 524.0, 430.0, 421.12, 535.39, 276.82, 556.74, 151.0, 450.0]
rec: COFFEE...................
text_instance: 9
bbox: [374, 179, 29, 40]
bezier_pts: [374.0, 179.0, 383.0, 179.67, 392.0, 180.33, 401.0, 181.0, 402.0, 218.0, 394.0, 218.0, 386.0, 218.0, 378.0, 218.0]
rec: 1........................
text_instance: 10
bbox: [203, 349, 41, 41]
bezier_pts: [203.0, 349.0, 216.0, 349.33, 229.0, 349.67, 242.0, 350.0, 243.0, 386.0, 233.67, 389.47, 224.33, 389.49, 215.0, 389.0]
rec: 8........................
text_instance: 11
bbox: [256, 389, 37, 31]
bezier_pts: [256.0, 389.0, 267.33, 389.0, 278.67, 389.0, 290.0, 389.0, 292.0, 417.0, 284.3, 419.94, 276.03, 418.4, 268.0, 419.0]
rec: 7........................
text_instance: 12
bbox: [387, 380, 33, 33]
bezier_pts: [387.0, 380.0, 397.33, 380.0, 407.67, 380.0, 418.0, 380.0, 419.0, 408.0, 410.45, 411.37, 401.73, 412.26, 393.0, 411.0]
rec: 5........................
text_instance: 13
bbox: [324, 403, 34, 30]
bezier_pts: [324.0, 404.0, 334.33, 403.67, 344.67, 403.33, 355.0, 403.0, 357.0, 431.0, 346.33, 432.68, 335.67, 432.68, 325.0, 431.0]
rec: 6........................
