text_instance: 0
bbox: [177, 116, 128, 161]
bezier_pts: [177.0, 265.0, 196.49, 200.08, 225.87, 130.08, 301.0, 116.0, 304.0, 155.0, 238.27, 163.96, 212.82, 223.58, 195.0, 276.0]
rec: BROWNS...................
text_instance: 1
bbox: [328, 124, 112, 134]
bezier_pts: [340.0, 124.0, 398.6, 140.59, 419.31, 193.78, 439.0, 242.0, 405.0, 257.0, 388.88, 214.45, 375.51, 169.68, 328.0, 154.0]
rec: COURT....................
text_instance: 2
bbox: [222, 283, 158, 71]
bezier_pts: [222.0, 293.0, 272.67, 289.67, 323.33, 286.33, 374.0, 283.0, 379.0, 347.0, 328.39, 351.35, 277.35, 352.12, 225.0, 353.0]
rec: BAKERY...................
text_instance: 3
bbox: [176, 363, 54, 91]
bezier_pts: [194.0, 363.0, 209.39, 384.16, 210.35, 411.99, 229.0, 432.0, 204.0, 453.0, 187.4, 428.59, 181.8, 400.27, 176.0, 372.0]
rec: 199......................
text_instance: 4
bbox: [318, 349, 122, 167]
bezier_pts: [318.0, 482.0, 382.34, 460.9, 394.58, 407.09, 415.0, 349.0, 439.0, 365.0, 430.86, 434.24, 401.08, 496.27, 329.0, 515.0]
rec: PHILIP...................
text_instance: 5
bbox: [213, 629, 81, 59]
bezier_pts: [213.0, 629.0, 239.0, 632.67, 265.0, 636.33, 291.0, 640.0, 293.0, 685.0, 267.97, 683.99, 243.26, 679.84, 219.0, 673.0]
rec: OPEN.....................
text_instance: 6
bbox: [301, 645, 93, 59]
bezier_pts: [304.0, 645.0, 333.0, 647.33, 362.0, 649.67, 391.0, 652.0, 393.0, 703.0, 362.1, 702.19, 331.97, 698.28, 301.0, 692.0]
rec: DAILY....................
text_instance: 7
bbox: [226, 703, 61, 55]
bezier_pts: [226.0, 703.0, 250.11, 705.89, 264.65, 726.24, 286.0, 712.0, 284.0, 757.0, 265.02, 754.33, 246.06, 752.55, 228.0, 747.0]
rec: 7am......................
text_instance: 8
bbox: [314, 723, 71, 62]
bezier_pts: [318.0, 723.0, 340.02, 726.84, 359.96, 743.9, 384.0, 734.0, 379.0, 784.0, 357.55, 782.14, 334.71, 777.58, 314.0, 773.0]
rec: 7pm......................
text_instance: 9
bbox: [238, 458, 41, 56]
bezier_pts: [242.0, 458.0, 254.0, 465.67, 266.0, 473.33, 278.0, 481.0, 273.0, 513.0, 259.71, 507.28, 248.36, 498.71, 238.0, 489.0]
rec: ST.......................
