text_instance: 0
bbox: [281, 230, 32, 72]
bezier_pts: [281.0, 296.0, 284.67, 275.15, 287.6, 251.12, 289.0, 230.0, 312.0, 243.0, 309.27, 262.11, 307.27, 280.62, 305.0, 301.0]
rec: THE......................
text_instance: 1
bbox: [296, 126, 58, 101]
bezier_pts: [296.0, 213.0, 305.91, 181.47, 314.95, 146.58, 346.0, 126.0, 353.0, 155.0, 333.53, 173.5, 320.08, 200.41, 312.0, 226.0]
rec: CELTIC...................
text_instance: 2
bbox: [358, 98, 133, 97]
bezier_pts: [358.0, 110.0, 413.09, 78.0, 460.74, 111.44, 490.0, 156.0, 471.0, 194.0, 444.93, 157.53, 410.46, 122.57, 363.0, 147.0]
rec: FOOTBALL.................
text_instance: 3
bbox: [472, 184, 60, 142]
bezier_pts: [502.0, 184.0, 534.37, 224.08, 528.4, 279.34, 531.0, 325.0, 489.0, 325.0, 485.46, 285.06, 475.57, 248.81, 472.0, 209.0]
rec: CLUB.....................
text_instance: 4
bbox: [344, 462, 58, 68]
bezier_pts: [350.0, 462.0, 366.0, 468.33, 382.0, 474.67, 398.0, 481.0, 401.0, 529.0, 376.95, 528.07, 345.21, 526.73, 344.0, 496.0]
rec: 1888.....................
