text_instance: 0
bbox: [241, 201, 68, 17]
bezier_pts: [241.0, 201.0, 263.33, 201.0, 285.67, 201.0, 308.0, 201.0, 308.0, 215.0, 285.68, 217.03, 264.24, 216.73, 241.0, 215.0]
rec: SERVICES.................
text_instance: 1
bbox: [268, 350, 38, 16]
bezier_pts: [268.0, 350.0, 280.33, 350.0, 292.67, 350.0, 305.0, 350.0, 305.0, 365.0, 292.67, 365.0, 280.33, 365.0, 268.0, 365.0]
rec: 69408....................
text_instance: 2
bbox: [222, 185, 99, 21]
bezier_pts: [222.0, 185.0, 254.67, 185.0, 287.33, 185.0, 320.0, 185.0, 320.0, 203.0, 287.3, 205.75, 254.8, 205.63, 222.0, 203.0]
rec: CONSULTANCY..............
text_instance: 3
bbox: [249, 173, 43, 16]
bezier_pts: [249.0, 173.0, 263.0, 173.0, 277.0, 173.0, 291.0, 173.0, 291.0, 188.0, 277.0, 188.0, 263.0, 188.0, 249.0, 188.0]
rec: TATA.....................
text_instance: 4
bbox: [206, 17, 59, 58]
bezier_pts: [218.0, 17.0, 234.9, 28.45, 250.41, 46.01, 264.0, 61.0, 252.0, 74.0, 230.74, 69.14, 220.9, 48.2, 206.0, 36.0]
rec: TCS......................
text_instance: 5
bbox: [258, 72, 63, 60]
bezier_pts: [275.0, 72.0, 293.42, 88.11, 305.67, 105.35, 320.0, 125.0, 302.0, 131.0, 287.33, 114.67, 272.67, 98.33, 258.0, 82.0]
rec: NEW......................
text_instance: 6
bbox: [315, 135, 59, 76]
bezier_pts: [327.0, 135.0, 344.98, 154.59, 362.6, 176.75, 373.0, 201.0, 359.0, 210.0, 344.33, 188.67, 329.67, 167.33, 315.0, 146.0]
rec: YORK.....................
text_instance: 7
bbox: [361, 211, 47, 64]
bezier_pts: [380.0, 211.0, 391.28, 228.97, 401.29, 247.53, 407.0, 268.0, 388.0, 274.0, 384.09, 252.57, 367.46, 236.46, 361.0, 216.0]
rec: CITY.....................
text_instance: 8
bbox: [395, 276, 66, 164]
bezier_pts: [415.0, 276.0, 441.75, 326.58, 452.66, 377.35, 460.0, 435.0, 439.0, 439.0, 432.5, 388.71, 416.35, 336.23, 395.0, 286.0]
rec: MARATHON.................
text_instance: 9
bbox: [315, 263, 96, 218]
bezier_pts: [338.0, 263.0, 380.29, 328.6, 400.93, 395.13, 410.0, 473.0, 381.0, 480.0, 369.71, 412.2, 351.11, 342.53, 315.0, 281.0]
rec: WELCOME..................
text_instance: 10
bbox: [80, 300, 29, 12]
bezier_pts: [80.0, 301.0, 89.38, 298.81, 98.53, 300.36, 108.0, 302.0, 106.0, 308.0, 97.92, 310.04, 88.4, 310.01, 80.0, 311.0]
rec: EXIT.....................
text_instance: 11
bbox: [78, 310, 45, 11]
bezier_pts: [79.0, 312.0, 93.9, 310.77, 107.73, 308.59, 122.0, 312.0, 122.0, 319.0, 107.3, 319.22, 92.68, 319.93, 78.0, 318.0]
rec: Marathon.................
text_instance: 12
bbox: [81, 325, 37, 12]
bezier_pts: [82.0, 326.0, 93.67, 325.67, 105.33, 325.33, 117.0, 325.0, 117.0, 333.0, 105.03, 336.19, 93.2, 335.83, 81.0, 334.0]
rec: Mcclean..................
text_instance: 13
bbox: [65, 325, 18, 12]
bezier_pts: [65.0, 325.0, 70.67, 325.0, 76.33, 325.0, 82.0, 325.0, 81.0, 336.0, 75.67, 336.0, 70.33, 336.0, 65.0, 336.0]
rec: USE......................
