text_instance: 0
bbox: [127, 51, 46, 36]
bezier_pts: [127.0, 75.0, 137.65, 60.98, 156.59, 56.17, 172.0, 51.0, 172.0, 63.0, 158.0, 70.67, 144.0, 78.33, 130.0, 86.0]
rec: JABATAn..................
text_instance: 1
bbox: [177, 44, 56, 19]
bezier_pts: [177.0, 48.0, 193.73, 39.41, 213.35, 42.75, 232.0, 46.0, 230.0, 62.0, 214.0, 62.0, 198.0, 62.0, 182.0, 62.0]
rec: WARISAN..................
text_instance: 2
bbox: [237, 49, 52, 37]
bezier_pts: [242.0, 49.0, 262.46, 47.83, 274.5, 61.09, 288.0, 73.0, 280.0, 85.0, 263.87, 80.81, 250.25, 74.18, 237.0, 64.0]
rec: NEGARA...................
text_instance: 3
bbox: [92, 132, 26, 87]
bezier_pts: [105.0, 135.0, 109.13, 160.23, 105.3, 185.74, 117.0, 211.0, 104.0, 218.0, 82.77, 192.57, 93.77, 160.62, 93.0, 132.0]
rec: KEMENTERIAn..............
text_instance: 4
bbox: [109, 217, 69, 56]
bezier_pts: [120.0, 217.0, 134.99, 234.96, 161.04, 244.0, 177.0, 260.0, 174.0, 272.0, 143.48, 275.29, 124.35, 248.21, 109.0, 225.0]
rec: KEBUDAYAAN...............
text_instance: 5
bbox: [182, 257, 66, 21]
bezier_pts: [183.0, 261.0, 202.0, 259.67, 221.0, 258.33, 240.0, 257.0, 247.0, 268.0, 228.25, 282.71, 203.72, 280.17, 182.0, 273.0]
rec: KESENIAN.................
text_instance: 6
bbox: [302, 133, 21, 63]
bezier_pts: [302.0, 187.0, 309.12, 172.06, 308.19, 156.08, 304.0, 140.0, 314.0, 133.0, 328.08, 151.66, 322.71, 175.34, 315.0, 195.0]
rec: MALAYSIA.................
text_instance: 7
bbox: [118, 152, 68, 17]
bezier_pts: [122.0, 153.0, 143.0, 152.67, 164.0, 152.33, 185.0, 152.0, 184.0, 167.0, 161.37, 168.16, 140.14, 166.25, 118.0, 166.0]
rec: WARISAN..................
text_instance: 8
bbox: [187, 152, 96, 15]
bezier_pts: [187.0, 152.0, 218.33, 152.33, 249.67, 152.67, 281.0, 153.0, 282.0, 166.0, 250.67, 166.0, 219.33, 166.0, 188.0, 166.0]
rec: KEBANGSAAN...............
text_instance: 9
bbox: [159, 183, 40, 10]
bezier_pts: [159.0, 183.0, 171.33, 183.0, 183.67, 183.0, 196.0, 183.0, 198.0, 192.0, 184.44, 192.35, 172.55, 191.21, 159.0, 191.0]
rec: WARISAN..................
text_instance: 10
bbox: [137, 124, 47, 12]
bezier_pts: [137.0, 126.0, 152.36, 124.26, 168.18, 123.83, 183.0, 126.0, 183.0, 134.0, 167.56, 134.66, 152.33, 134.35, 137.0, 133.0]
rec: BANGUNAN.................
text_instance: 11
bbox: [184, 124, 32, 12]
bezier_pts: [184.0, 124.0, 193.84, 124.67, 205.17, 121.89, 215.0, 126.0, 212.0, 135.0, 203.33, 134.67, 194.67, 134.33, 186.0, 134.0]
rec: SULTAN...................
text_instance: 12
bbox: [213, 125, 31, 12]
bezier_pts: [214.0, 126.0, 223.01, 124.17, 233.53, 124.39, 243.0, 126.0, 243.0, 135.0, 232.96, 136.85, 222.69, 136.39, 213.0, 134.0]
rec: ABDUL....................
text_instance: 13
bbox: [243, 125, 34, 13]
bezier_pts: [243.0, 127.0, 252.8, 123.58, 264.27, 123.48, 274.0, 127.0, 276.0, 137.0, 265.0, 136.33, 254.0, 135.67, 243.0, 135.0]
rec: SAMAD....................
text_instance: 14
bbox: [247, 244, 30, 22]
bezier_pts: [247.0, 256.0, 255.0, 252.0, 263.0, 248.0, 271.0, 244.0, 276.0, 254.0, 268.33, 257.67, 260.67, 261.33, 253.0, 265.0]
rec: DAN......................
text_instance: 15
bbox: [272, 197, 44, 50]
bezier_pts: [272.0, 239.0, 283.51, 227.51, 297.25, 214.3, 305.0, 197.0, 315.0, 203.0, 306.01, 217.81, 294.02, 231.63, 283.0, 246.0]
rec: WARISAN..................
