text_instance: 0
bbox: [321, 67, 64, 14]
bezier_pts: [321.0, 67.0, 342.0, 67.0, 363.0, 67.0, 384.0, 67.0, 384.0, 79.0, 362.99, 79.41, 341.54, 80.96, 321.0, 79.0]
rec: CLEARANCE................
text_instance: 1
bbox: [335, 53, 39, 12]
bezier_pts: [335.0, 53.0, 347.67, 53.0, 360.33, 53.0, 373.0, 53.0, 373.0, 63.0, 360.33, 63.0, 347.67, 63.0, 335.0, 63.0]
rec: STOCK....................
text_instance: 2
bbox: [269, 125, 70, 28]
bezier_pts: [269.0, 125.0, 292.0, 125.0, 315.0, 125.0, 338.0, 125.0, 338.0, 151.0, 315.0, 151.0, 292.0, 151.0, 269.0, 151.0]
rec: BUTIK....................
text_instance: 3
bbox: [251, 147, 108, 35]
bezier_pts: [261.0, 150.0, 293.74, 146.37, 322.96, 154.46, 356.0, 147.0, 358.0, 172.0, 320.77, 182.38, 283.89, 187.78, 251.0, 168.0]
rec: AMOUR....................
