text_instance: 0
bbox: [83, 89, 134, 58]
bezier_pts: [83.0, 99.0, 124.33, 95.67, 165.67, 92.33, 207.0, 89.0, 216.0, 130.0, 177.82, 127.95, 137.02, 127.49, 103.0, 146.0]
rec: PAPER....................
text_instance: 1
bbox: [223, 80, 164, 71]
bezier_pts: [223.0, 80.0, 277.33, 93.33, 331.67, 106.67, 386.0, 120.0, 379.0, 150.0, 330.39, 133.56, 278.28, 117.78, 228.0, 124.0]
rec: PRODUCTS.................
text_instance: 2
bbox: [104, 175, 138, 38]
bezier_pts: [104.0, 175.0, 149.03, 191.34, 195.82, 189.08, 239.0, 179.0, 241.0, 212.0, 196.67, 211.33, 152.33, 210.67, 108.0, 210.0]
rec: TESTED...................
text_instance: 3
bbox: [251, 180, 118, 30]
bezier_pts: [257.0, 180.0, 293.33, 180.67, 329.67, 181.33, 366.0, 182.0, 368.0, 209.0, 329.44, 208.95, 290.0, 208.95, 251.0, 208.0]
rec: PAPERS...................
text_instance: 4
bbox: [224, 129, 51, 34]
bezier_pts: [224.0, 131.0, 238.99, 129.75, 255.02, 128.07, 271.0, 130.0, 274.0, 161.0, 258.33, 161.33, 242.67, 161.67, 227.0, 162.0]
rec: CO.......................
text_instance: 5
bbox: [209, 164, 89, 17]
bezier_pts: [210.0, 164.0, 238.67, 164.33, 267.33, 164.67, 296.0, 165.0, 297.0, 180.0, 267.1, 180.3, 238.58, 179.08, 209.0, 179.0]
rec: WHOLESALE................
