text_instance: 0
bbox: [83, 54, 250, 116]
bezier_pts: [95.0, 66.0, 179.17, 55.18, 249.41, 67.72, 332.0, 82.0, 322.0, 145.0, 244.89, 180.82, 164.86, 126.35, 83.0, 152.0]
rec: Sullys...................
text_instance: 1
bbox: [136, 145, 55, 24]
bezier_pts: [136.0, 146.0, 153.67, 145.67, 171.33, 145.33, 189.0, 145.0, 190.0, 166.0, 173.36, 168.56, 156.01, 168.74, 139.0, 167.0]
rec: IRISH....................
text_instance: 2
bbox: [193, 146, 40, 24]
bezier_pts: [193.0, 147.0, 205.67, 146.67, 218.33, 146.33, 231.0, 146.0, 232.0, 166.0, 222.58, 173.08, 205.54, 169.91, 194.0, 167.0]
rec: PUB......................
text_instance: 3
bbox: [107, 24, 30, 29]
bezier_pts: [107.0, 30.0, 116.01, 27.35, 124.41, 25.03, 134.0, 24.0, 136.0, 46.0, 127.0, 48.0, 118.0, 50.0, 109.0, 52.0]
rec: Tis......................
text_instance: 4
bbox: [142, 22, 34, 25]
bezier_pts: [142.0, 23.0, 152.1, 17.44, 158.0, 30.68, 174.0, 28.0, 175.0, 43.0, 164.0, 44.0, 153.0, 45.0, 142.0, 46.0]
rec: Our......................
text_instance: 5
bbox: [177, 17, 52, 28]
bezier_pts: [185.0, 17.0, 199.33, 17.67, 213.67, 18.33, 228.0, 19.0, 225.0, 43.0, 208.09, 44.3, 192.25, 48.18, 177.0, 40.0]
rec: Luck.....................
text_instance: 6
bbox: [230, 19, 32, 30]
bezier_pts: [233.0, 19.0, 242.33, 21.67, 251.67, 24.33, 261.0, 27.0, 250.0, 48.0, 243.33, 46.33, 236.67, 44.67, 230.0, 43.0]
rec: To.......................
text_instance: 7
bbox: [259, 28, 49, 35]
bezier_pts: [265.0, 28.0, 283.51, 28.81, 290.42, 44.44, 307.0, 50.0, 300.0, 62.0, 286.33, 57.33, 272.67, 52.67, 259.0, 48.0]
rec: Know.....................
text_instance: 8
bbox: [303, 46, 32, 32]
bezier_pts: [312.0, 46.0, 320.11, 50.21, 326.96, 55.18, 334.0, 61.0, 322.0, 77.0, 319.24, 66.28, 316.04, 77.82, 303.0, 67.0]
rec: ya.......................
