text_instance: 0
bbox: [323, 170, 113, 63]
bezier_pts: [323.0, 170.0, 360.33, 170.0, 397.67, 170.0, 435.0, 170.0, 435.0, 230.0, 397.67, 230.0, 360.33, 230.0, 323.0, 230.0]
rec: GO.......................
text_instance: 1
bbox: [160, 82, 321, 88]
bezier_pts: [160.0, 113.0, 265.11, 65.72, 378.89, 76.28, 480.0, 118.0, 461.0, 169.0, 370.61, 121.38, 272.14, 134.05, 186.0, 167.0]
rec: COFFEE...................
text_instance: 2
bbox: [193, 176, 106, 59]
bezier_pts: [193.0, 176.0, 228.0, 176.67, 263.0, 177.33, 298.0, 178.0, 295.0, 233.0, 262.58, 233.86, 230.88, 233.94, 199.0, 233.0]
rec: TO.......................
