text_instance: 0
bbox: [218, 207, 261, 151]
bezier_pts: [218.0, 292.0, 282.62, 212.97, 385.5, 207.32, 478.0, 207.0, 468.0, 279.0, 387.04, 288.54, 317.5, 315.27, 249.0, 357.0]
rec: SANDY....................
text_instance: 1
bbox: [514, 219, 219, 173]
bezier_pts: [526.0, 219.0, 603.44, 232.06, 680.77, 273.17, 732.0, 335.0, 700.0, 391.0, 652.26, 331.91, 588.48, 297.4, 514.0, 281.0]
rec: HOOK.....................
text_instance: 2
bbox: [315, 352, 310, 93]
bezier_pts: [324.0, 352.0, 424.84, 357.7, 527.09, 362.95, 624.0, 369.0, 619.0, 442.0, 517.67, 436.33, 416.6, 427.72, 315.0, 416.0]
rec: SCHOOL...................
text_instance: 3
bbox: [419, 450, 102, 58]
bezier_pts: [419.0, 450.0, 452.79, 452.25, 488.25, 449.97, 520.0, 458.0, 518.0, 507.0, 484.85, 504.2, 452.1, 500.99, 419.0, 497.0]
rec: 1956.....................
text_instance: 4
bbox: [243, 508, 210, 59]
bezier_pts: [243.0, 508.0, 312.0, 511.67, 381.0, 515.33, 450.0, 519.0, 452.0, 566.0, 383.33, 561.33, 314.67, 556.67, 246.0, 552.0]
rec: VISITORS.................
text_instance: 5
bbox: [475, 522, 97, 56]
bezier_pts: [475.0, 522.0, 507.0, 524.0, 539.0, 526.0, 571.0, 528.0, 570.0, 577.0, 537.4, 574.87, 506.59, 571.02, 476.0, 564.0]
rec: WEL......................
