text_instance: 0
bbox: [351, 401, 77, 21]
bezier_pts: [352.0, 403.0, 375.52, 401.76, 401.34, 399.71, 425.0, 402.0, 427.0, 421.0, 401.67, 421.0, 376.33, 421.0, 351.0, 421.0]
rec: HOTEL....................
text_instance: 1
bbox: [332, 87, 183, 188]
bezier_pts: [332.0, 216.0, 380.82, 160.82, 446.68, 121.16, 514.0, 87.0, 513.0, 160.0, 443.19, 173.46, 379.19, 211.32, 349.0, 274.0]
rec: BOUTIQUE.................
text_instance: 2
bbox: [516, 6, 330, 160]
bezier_pts: [516.0, 77.0, 624.77, 52.09, 734.39, 19.69, 843.0, 6.0, 845.0, 71.0, 732.91, 95.05, 625.62, 100.56, 526.0, 165.0]
rec: HOTEL....................
text_instance: 3
bbox: [394, 5, 202, 115]
bezier_pts: [395.0, 54.0, 450.41, 5.5, 521.68, 5.63, 592.0, 5.0, 595.0, 29.0, 528.0, 59.0, 461.0, 89.0, 394.0, 119.0]
rec: BAL......................
text_instance: 4
bbox: [804, 71, 54, 60]
bezier_pts: [804.0, 102.0, 819.33, 91.67, 834.67, 81.33, 850.0, 71.0, 857.0, 109.0, 839.33, 116.0, 821.67, 123.0, 804.0, 130.0]
rec: KHU......................
text_instance: 5
bbox: [853, 38, 61, 59]
bezier_pts: [853.0, 72.0, 868.67, 60.67, 884.33, 49.33, 900.0, 38.0, 913.0, 67.0, 896.33, 76.67, 879.67, 86.33, 863.0, 96.0]
rec: PHO......................
text_instance: 6
bbox: [908, 18, 31, 49]
bezier_pts: [908.0, 31.0, 918.0, 26.67, 928.0, 22.33, 938.0, 18.0, 938.0, 48.0, 931.33, 54.0, 924.67, 60.0, 918.0, 66.0]
rec: 5........................
text_instance: 7
bbox: [748, 114, 106, 100]
bezier_pts: [748.0, 187.0, 782.57, 164.15, 827.95, 151.37, 850.0, 114.0, 853.0, 163.0, 821.33, 179.67, 789.67, 196.33, 758.0, 213.0]
rec: KHU......................
text_instance: 8
bbox: [865, 59, 92, 92]
bezier_pts: [865.0, 109.0, 895.33, 92.33, 925.67, 75.67, 956.0, 59.0, 953.0, 106.0, 927.0, 120.67, 901.0, 135.33, 875.0, 150.0]
rec: PH.......................
text_instance: 9
bbox: [359, 381, 66, 23]
bezier_pts: [359.0, 387.0, 379.35, 377.77, 404.59, 378.97, 424.0, 390.0, 419.0, 403.0, 400.67, 402.33, 382.33, 401.67, 364.0, 401.0]
rec: BALI.....................
