text_instance: 0
bbox: [250, 326, 161, 96]
bezier_pts: [250.0, 401.0, 296.42, 363.05, 350.84, 340.23, 406.0, 326.0, 410.0, 346.0, 359.67, 371.0, 309.33, 396.0, 259.0, 421.0]
rec: DIVISION.................
text_instance: 1
bbox: [492, 292, 75, 37]
bezier_pts: [492.0, 302.0, 513.1, 297.97, 535.26, 293.87, 557.0, 292.0, 566.0, 316.0, 543.0, 320.0, 520.0, 324.0, 497.0, 328.0]
rec: saG......................
text_instance: 2
bbox: [580, 288, 158, 30]
bezier_pts: [584.0, 291.0, 635.47, 284.4, 686.08, 291.22, 737.0, 295.0, 728.0, 317.0, 678.67, 316.33, 629.33, 315.67, 580.0, 315.0]
rec: HarBor...................
text_instance: 3
bbox: [762, 297, 58, 41]
bezier_pts: [766.0, 297.0, 783.97, 301.63, 801.06, 308.2, 819.0, 314.0, 809.0, 337.0, 792.32, 334.09, 777.25, 328.81, 762.0, 322.0]
rec: ny.......................
text_instance: 4
bbox: [831, 323, 100, 66]
bezier_pts: [838.0, 323.0, 870.84, 332.24, 900.98, 350.77, 930.0, 368.0, 916.0, 388.0, 887.67, 373.67, 859.33, 359.33, 831.0, 345.0]
rec: 11963....................
text_instance: 5
bbox: [332, 410, 128, 62]
bezier_pts: [332.0, 423.0, 374.33, 418.67, 416.67, 414.33, 459.0, 410.0, 455.0, 471.0, 418.11, 468.88, 380.77, 466.16, 344.0, 463.0]
rec: sag......................
text_instance: 6
bbox: [488, 358, 281, 82]
bezier_pts: [492.0, 382.0, 583.26, 369.57, 678.21, 357.95, 768.0, 358.0, 759.0, 411.0, 669.12, 423.3, 578.37, 432.67, 488.0, 439.0]
rec: harbor...................
text_instance: 7
bbox: [297, 419, 510, 154]
bezier_pts: [300.0, 468.0, 466.34, 449.54, 627.09, 433.36, 797.0, 419.0, 806.0, 535.0, 636.33, 547.33, 466.67, 559.67, 297.0, 572.0]
rec: BaKING...................
text_instance: 8
bbox: [347, 650, 394, 87]
bezier_pts: [347.0, 675.0, 475.1, 663.9, 610.56, 658.67, 740.0, 650.0, 731.0, 716.0, 603.6, 724.65, 476.85, 729.74, 348.0, 736.0]
rec: company..................
text_instance: 9
bbox: [151, 673, 53, 63]
bezier_pts: [170.0, 673.0, 184.34, 684.26, 195.33, 698.79, 203.0, 716.0, 187.0, 735.0, 173.88, 723.4, 162.02, 710.34, 151.0, 696.0]
rec: 631......................
text_instance: 10
bbox: [202, 723, 61, 56]
bezier_pts: [218.0, 723.0, 232.67, 733.67, 247.33, 744.33, 262.0, 755.0, 245.0, 778.0, 229.1, 770.21, 214.92, 759.15, 202.0, 748.0]
rec: 899......................
text_instance: 11
bbox: [262, 765, 79, 45]
bezier_pts: [272.0, 765.0, 295.06, 769.91, 317.2, 775.18, 340.0, 784.0, 337.0, 809.0, 311.06, 803.91, 286.05, 795.7, 262.0, 785.0]
rec: 4900.....................
text_instance: 12
bbox: [351, 790, 109, 40]
bezier_pts: [358.0, 790.0, 391.67, 794.33, 425.33, 798.67, 459.0, 803.0, 449.0, 829.0, 416.37, 826.76, 384.44, 820.9, 351.0, 815.0]
rec: www......................
text_instance: 13
bbox: [469, 685, 417, 148]
bezier_pts: [480.0, 803.0, 619.19, 803.13, 759.91, 768.25, 873.0, 685.0, 885.0, 724.0, 756.93, 811.35, 612.16, 839.44, 469.0, 832.0]
rec: SAGHarBorBaKING..........
text_instance: 14
bbox: [889, 612, 85, 90]
bezier_pts: [889.0, 674.0, 918.63, 662.31, 924.45, 629.9, 946.0, 612.0, 973.0, 623.0, 954.94, 655.64, 936.37, 683.51, 902.0, 701.0]
rec: com......................
text_instance: 15
bbox: [208, 419, 39, 41]
bezier_pts: [208.0, 440.0, 216.67, 433.0, 225.33, 426.0, 234.0, 419.0, 246.0, 435.0, 237.42, 444.16, 228.32, 453.11, 217.0, 459.0]
rec: 51.......................
text_instance: 16
bbox: [427, 311, 46, 30]
bezier_pts: [427.0, 320.0, 440.33, 317.0, 453.67, 314.0, 467.0, 311.0, 472.0, 331.0, 457.37, 335.31, 442.57, 338.41, 428.0, 340.0]
rec: ST.......................
