text_instance: 0
bbox: [559, 266, 143, 71]
bezier_pts: [559.0, 276.0, 606.33, 272.67, 653.67, 269.33, 701.0, 266.0, 693.0, 320.0, 651.67, 325.33, 610.33, 330.67, 569.0, 336.0]
rec: HEALY....................
text_instance: 1
bbox: [704, 274, 113, 72]
bezier_pts: [704.0, 274.0, 743.55, 278.83, 780.16, 284.04, 816.0, 304.0, 808.0, 345.0, 773.33, 336.67, 738.67, 328.33, 704.0, 320.0]
rec: MACS.....................
text_instance: 2
bbox: [559, 334, 63, 53]
bezier_pts: [559.0, 334.0, 579.67, 335.33, 600.33, 336.67, 621.0, 338.0, 621.0, 386.0, 603.0, 384.67, 585.0, 383.33, 567.0, 382.0]
rec: RISH.....................
text_instance: 3
bbox: [625, 338, 49, 42]
bezier_pts: [629.0, 342.0, 643.0, 340.67, 657.0, 339.33, 671.0, 338.0, 673.0, 378.0, 657.08, 379.67, 641.04, 379.69, 625.0, 378.0]
rec: BAR......................
text_instance: 4
bbox: [703, 350, 126, 37]
bezier_pts: [703.0, 350.0, 744.67, 351.33, 786.33, 352.67, 828.0, 354.0, 825.0, 386.0, 785.44, 386.31, 744.19, 384.34, 704.0, 383.0]
rec: RESTAURANT...............
text_instance: 5
bbox: [79, 232, 103, 47]
bezier_pts: [79.0, 244.0, 113.0, 240.0, 147.0, 236.0, 181.0, 232.0, 169.0, 262.0, 140.33, 267.33, 111.67, 272.67, 83.0, 278.0]
rec: HEALY....................
text_instance: 6
bbox: [177, 228, 97, 39]
bezier_pts: [185.0, 230.0, 214.33, 229.33, 243.67, 228.67, 273.0, 228.0, 265.0, 260.0, 235.64, 264.38, 206.34, 265.08, 177.0, 266.0]
rec: MACS.....................
text_instance: 7
bbox: [104, 285, 106, 30]
bezier_pts: [104.0, 288.0, 139.4, 284.49, 173.09, 285.06, 208.0, 285.0, 209.0, 311.0, 175.78, 312.79, 140.92, 314.52, 108.0, 314.0]
rec: GUINNESS.................
