text_instance: 0
bbox: [54, 85, 73, 80]
bezier_pts: [54.0, 148.0, 67.55, 122.54, 97.1, 106.28, 115.0, 85.0, 126.0, 107.0, 105.69, 122.11, 83.74, 139.61, 73.0, 164.0]
rec: WELCOME..................
text_instance: 1
bbox: [123, 80, 29, 30]
bezier_pts: [123.0, 86.0, 124.87, 90.02, 142.03, 87.71, 144.0, 80.0, 151.0, 102.0, 145.0, 104.33, 139.0, 106.67, 133.0, 109.0]
rec: TO.......................
text_instance: 2
bbox: [152, 74, 68, 52]
bezier_pts: [153.0, 74.0, 170.47, 91.39, 195.71, 96.75, 219.0, 107.0, 204.0, 125.0, 186.67, 117.33, 169.33, 109.67, 152.0, 102.0]
rec: FLOWER...................
text_instance: 3
bbox: [200, 115, 53, 52]
bezier_pts: [222.0, 115.0, 232.56, 128.34, 239.61, 145.43, 252.0, 156.0, 228.0, 166.0, 219.2, 153.63, 218.53, 134.42, 200.0, 132.0]
rec: PARK.....................
