text_instance: 0
bbox: [79, 47, 67, 21]
bezier_pts: [79.0, 53.0, 100.67, 51.0, 122.33, 49.0, 144.0, 47.0, 145.0, 58.0, 122.88, 60.87, 100.4, 64.91, 79.0, 67.0]
rec: CHICHEN..................
text_instance: 1
bbox: [148, 36, 42, 20]
bezier_pts: [151.0, 41.0, 162.67, 39.33, 174.33, 37.67, 186.0, 36.0, 189.0, 50.0, 175.24, 53.82, 162.0, 55.28, 148.0, 55.0]
rec: ITZA.....................
text_instance: 2
bbox: [31, 114, 187, 34]
bezier_pts: [31.0, 130.0, 88.8, 103.3, 156.63, 119.13, 217.0, 114.0, 214.0, 140.0, 153.57, 147.64, 91.35, 129.65, 31.0, 147.0]
rec: BIENVENIDOS..............
