text_instance: 0
bbox: [75, 250, 56, 23]
bezier_pts: [75.0, 250.0, 93.33, 250.0, 111.67, 250.0, 130.0, 250.0, 130.0, 271.0, 111.65, 271.34, 93.08, 273.06, 75.0, 271.0]
rec: FRESH....................
text_instance: 1
bbox: [90, 469, 170, 26]
bezier_pts: [90.0, 469.0, 146.33, 469.0, 202.67, 469.0, 259.0, 469.0, 259.0, 493.0, 201.27, 494.44, 146.4, 494.22, 90.0, 493.0]
rec: produce..................
text_instance: 2
bbox: [288, 476, 72, 20]
bezier_pts: [288.0, 476.0, 311.67, 476.0, 335.33, 476.0, 359.0, 476.0, 359.0, 494.0, 334.88, 495.77, 311.76, 495.49, 288.0, 494.0]
rec: our......................
text_instance: 3
bbox: [387, 480, 96, 21]
bezier_pts: [389.0, 480.0, 419.33, 481.67, 449.67, 483.33, 480.0, 485.0, 482.0, 500.0, 450.33, 499.33, 418.67, 498.67, 387.0, 498.0]
rec: own......................
text_instance: 4
bbox: [256, 137, 63, 67]
bezier_pts: [256.0, 186.0, 270.33, 169.67, 284.67, 153.33, 299.0, 137.0, 318.0, 157.0, 303.57, 169.92, 283.55, 181.09, 286.0, 203.0]
rec: MAX......................
text_instance: 5
bbox: [311, 119, 104, 36]
bezier_pts: [311.0, 127.0, 343.84, 118.55, 378.84, 118.89, 414.0, 119.0, 404.0, 147.0, 376.0, 140.48, 348.0, 144.59, 320.0, 154.0]
rec: NOSKE....................
text_instance: 6
bbox: [437, 135, 55, 65]
bezier_pts: [455.0, 135.0, 467.98, 154.46, 486.37, 171.35, 491.0, 195.0, 464.0, 199.0, 463.28, 182.27, 450.73, 171.89, 437.0, 165.0]
rec: SON......................
text_instance: 7
bbox: [274, 222, 119, 62]
bezier_pts: [288.0, 222.0, 316.05, 246.95, 352.84, 261.59, 392.0, 252.0, 388.0, 283.0, 348.91, 273.88, 311.19, 261.8, 274.0, 247.0]
rec: COUNTRY..................
text_instance: 8
bbox: [397, 218, 78, 61]
bezier_pts: [397.0, 250.0, 420.83, 244.37, 441.07, 242.36, 452.0, 218.0, 474.0, 242.0, 452.73, 255.83, 429.69, 266.21, 407.0, 278.0]
rec: MEAT.....................
text_instance: 9
bbox: [4, 461, 62, 30]
bezier_pts: [4.0, 461.0, 24.0, 461.33, 44.0, 461.67, 64.0, 462.0, 65.0, 490.0, 45.0, 489.67, 25.0, 489.33, 5.0, 489.0]
rec: We.......................
