text_instance: 0
bbox: [331, 388, 44, 24]
bezier_pts: [331.0, 388.0, 345.33, 388.0, 359.67, 388.0, 374.0, 388.0, 374.0, 410.0, 359.74, 410.54, 344.98, 410.7, 331.0, 410.0]
rec: 1567.....................
text_instance: 1
bbox: [146, 254, 154, 119]
bezier_pts: [146.0, 349.0, 174.13, 288.01, 228.26, 255.33, 299.0, 254.0, 298.0, 286.0, 231.17, 277.47, 187.78, 320.69, 159.0, 372.0]
rec: GRAFLICHES...............
text_instance: 2
bbox: [303, 258, 138, 123]
bezier_pts: [319.0, 258.0, 375.65, 276.14, 415.7, 311.42, 440.0, 365.0, 421.0, 380.0, 401.92, 323.88, 359.04, 290.38, 303.0, 282.0]
rec: BRAUHAUS.................
text_instance: 3
bbox: [204, 430, 188, 62]
bezier_pts: [204.0, 445.0, 267.04, 425.84, 335.71, 416.32, 391.0, 453.0, 374.0, 491.0, 328.96, 466.45, 269.73, 464.34, 223.0, 490.0]
rec: ArcoBrau.................
