text_instance: 0
bbox: [152, 280, 280, 84]
bezier_pts: [152.0, 318.0, 242.48, 278.26, 337.04, 267.38, 431.0, 300.0, 419.0, 349.0, 343.39, 311.98, 252.69, 316.44, 179.0, 363.0]
rec: GSHOCK...................
text_instance: 1
bbox: [442, 337, 134, 168]
bezier_pts: [478.0, 337.0, 526.32, 372.07, 560.5, 421.34, 575.0, 484.0, 533.0, 504.0, 527.97, 444.2, 488.03, 400.34, 442.0, 364.0]
rec: SINCE....................
text_instance: 2
bbox: [50, 363, 99, 113]
bezier_pts: [50.0, 459.0, 71.33, 424.55, 86.77, 390.13, 118.0, 363.0, 148.0, 388.0, 130.37, 416.83, 107.81, 442.11, 98.0, 475.0]
rec: WR.......................
text_instance: 3
bbox: [41, 487, 67, 194]
bezier_pts: [69.0, 680.0, 38.23, 621.84, 38.54, 553.48, 43.0, 488.0, 91.0, 487.0, 72.28, 545.91, 84.71, 610.02, 107.0, 665.0]
rec: METER....................
text_instance: 4
bbox: [89, 682, 95, 96]
bezier_pts: [165.0, 777.0, 130.33, 764.25, 103.92, 736.48, 89.0, 704.0, 125.0, 682.0, 134.6, 711.28, 161.05, 725.44, 183.0, 745.0]
rec: 200......................
text_instance: 5
bbox: [181, 757, 204, 64]
bezier_pts: [384.0, 814.0, 314.02, 826.21, 247.66, 821.18, 181.0, 790.0, 201.0, 757.0, 263.45, 777.27, 317.62, 796.88, 375.0, 768.0]
rec: RESIST...................
text_instance: 6
bbox: [394, 646, 165, 154]
bezier_pts: [558.0, 662.0, 542.16, 735.13, 467.34, 770.5, 404.0, 799.0, 394.0, 767.0, 441.86, 736.4, 493.35, 703.79, 517.0, 646.0]
rec: SHOCK....................
text_instance: 7
bbox: [528, 510, 55, 128]
bezier_pts: [580.0, 510.0, 590.58, 553.48, 563.82, 593.41, 570.0, 637.0, 528.0, 630.0, 541.59, 592.08, 547.2, 553.2, 540.0, 513.0]
rec: 1983.....................
text_instance: 8
bbox: [184, 406, 242, 271]
bezier_pts: [193.0, 430.0, 267.2, 423.09, 344.35, 412.91, 422.0, 406.0, 425.0, 663.0, 343.59, 635.18, 261.66, 680.32, 184.0, 676.0]
rec: G........................
