text_instance: 0
bbox: [29, 220, 33, 25]
bezier_pts: [29.0, 227.0, 37.33, 224.67, 45.67, 222.33, 54.0, 220.0, 61.0, 232.0, 52.19, 238.17, 42.5, 242.26, 32.0, 244.0]
rec: MARVEL...................
text_instance: 1
bbox: [1, 221, 99, 41]
bezier_pts: [1.0, 246.0, 32.0, 237.67, 63.0, 229.33, 94.0, 221.0, 99.0, 232.0, 66.33, 241.67, 33.67, 251.33, 1.0, 261.0]
rec: ULTIMATE.................
text_instance: 2
bbox: [2, 233, 109, 55]
bezier_pts: [2.0, 259.0, 34.85, 246.66, 64.72, 239.34, 99.0, 233.0, 110.0, 257.0, 72.16, 259.75, 36.18, 266.24, 2.0, 287.0]
rec: PIDERMAN.................
text_instance: 3
bbox: [27, 418, 134, 69]
bezier_pts: [27.0, 464.0, 70.0, 448.67, 113.0, 433.33, 156.0, 418.0, 160.0, 441.0, 117.67, 456.0, 75.33, 471.0, 33.0, 486.0]
rec: WALLCRAWLING.............
text_instance: 4
bbox: [54, 443, 96, 48]
bezier_pts: [54.0, 476.0, 83.67, 465.0, 113.33, 454.0, 143.0, 443.0, 149.0, 454.0, 119.24, 467.44, 88.73, 477.72, 58.0, 490.0]
rec: COLOURINGBOOK............
text_instance: 5
bbox: [291, 148, 33, 30]
bezier_pts: [291.0, 160.0, 301.0, 156.0, 311.0, 152.0, 321.0, 148.0, 323.0, 166.0, 313.49, 170.61, 303.78, 175.32, 293.0, 177.0]
rec: MARVEL...................
text_instance: 6
bbox: [232, 133, 158, 84]
bezier_pts: [234.0, 186.0, 287.11, 195.69, 335.55, 166.54, 370.0, 133.0, 389.0, 143.0, 345.77, 186.7, 290.71, 211.85, 232.0, 216.0]
rec: SPIDERMAN................
text_instance: 7
bbox: [267, 181, 89, 50]
bezier_pts: [267.0, 212.0, 293.33, 201.67, 319.67, 191.33, 346.0, 181.0, 355.0, 191.0, 331.31, 212.54, 300.13, 217.24, 271.0, 230.0]
rec: Homeocming...............
text_instance: 8
bbox: [331, 190, 57, 37]
bezier_pts: [331.0, 209.0, 348.78, 198.42, 367.61, 196.89, 387.0, 190.0, 386.0, 203.0, 368.67, 210.67, 351.33, 218.33, 334.0, 226.0]
rec: AWESOME..................
text_instance: 9
bbox: [335, 201, 54, 34]
bezier_pts: [335.0, 223.0, 352.0, 215.67, 369.0, 208.33, 386.0, 201.0, 388.0, 213.0, 371.33, 220.0, 354.67, 227.0, 338.0, 234.0]
rec: ACTIVITIES...............
