text_instance: 0
bbox: [443, 195, 285, 247]
bezier_pts: [443.0, 415.0, 474.38, 274.92, 580.82, 205.63, 718.0, 195.0, 727.0, 281.0, 623.25, 277.57, 551.73, 348.89, 528.0, 441.0]
rec: DENVER...................
text_instance: 1
bbox: [758, 196, 225, 150]
bezier_pts: [758.0, 196.0, 839.91, 200.66, 921.28, 230.96, 982.0, 287.0, 931.0, 345.0, 883.9, 303.66, 827.26, 275.67, 759.0, 275.0]
rec: BEER.....................
text_instance: 2
bbox: [940, 314, 124, 129]
bezier_pts: [1008.0, 314.0, 1059.9, 325.23, 1066.35, 375.52, 1063.0, 416.0, 982.0, 442.0, 965.79, 415.13, 956.16, 389.21, 940.0, 361.0]
rec: CO.......................
