text_instance: 0
bbox: [27, 533, 137, 50]
bezier_pts: [27.0, 545.0, 77.47, 541.22, 122.11, 509.4, 163.0, 557.0, 156.0, 579.0, 118.92, 557.33, 83.25, 579.91, 43.0, 582.0]
rec: SuperZoo.................
text_instance: 1
bbox: [238, 536, 144, 54]
bezier_pts: [238.0, 549.0, 282.09, 540.76, 338.65, 517.2, 381.0, 553.0, 369.0, 586.0, 331.33, 587.0, 293.67, 588.0, 256.0, 589.0]
rec: SuperZoo.................
text_instance: 2
bbox: [459, 543, 137, 53]
bezier_pts: [459.0, 562.0, 501.51, 541.49, 552.95, 534.19, 595.0, 561.0, 584.0, 595.0, 548.67, 595.0, 513.33, 595.0, 478.0, 595.0]
rec: SuperZoo.................
text_instance: 3
bbox: [678, 537, 132, 54]
bezier_pts: [678.0, 554.0, 718.86, 543.42, 764.06, 525.89, 809.0, 545.0, 802.0, 583.0, 763.67, 585.33, 725.33, 587.67, 687.0, 590.0]
rec: SuperZoo.................
text_instance: 4
bbox: [888, 530, 120, 54]
bezier_pts: [888.0, 544.0, 928.13, 539.64, 967.72, 521.74, 1007.0, 542.0, 996.0, 575.0, 962.0, 577.67, 928.0, 580.33, 894.0, 583.0]
rec: SuperZoo.................
