text_instance: 0
bbox: [94, 134, 249, 88]
bezier_pts: [94.0, 134.0, 176.67, 134.33, 259.33, 134.67, 342.0, 135.0, 336.0, 185.0, 269.28, 221.9, 190.42, 222.99, 115.0, 220.0]
rec: NEVER....................
text_instance: 1
bbox: [358, 131, 93, 60]
bezier_pts: [358.0, 134.0, 387.33, 133.0, 416.67, 132.0, 446.0, 131.0, 450.0, 160.0, 426.75, 186.76, 394.06, 193.24, 362.0, 189.0]
rec: FEAR.....................
text_instance: 2
bbox: [116, 235, 82, 50]
bezier_pts: [116.0, 252.0, 142.0, 246.33, 168.0, 240.67, 194.0, 235.0, 197.0, 278.0, 172.75, 281.61, 147.61, 283.68, 122.0, 284.0]
rec: THE......................
text_instance: 3
bbox: [204, 187, 240, 100]
bezier_pts: [204.0, 226.0, 282.33, 213.0, 360.67, 200.0, 439.0, 187.0, 443.0, 261.0, 372.2, 281.18, 292.58, 291.02, 215.0, 283.0]
rec: STRONG...................
text_instance: 4
bbox: [225, 293, 149, 39]
bezier_pts: [225.0, 304.0, 270.7, 298.27, 323.58, 295.52, 369.0, 293.0, 373.0, 318.0, 325.87, 325.05, 278.72, 328.9, 231.0, 330.0]
rec: ESPECIALLY...............
text_instance: 5
bbox: [134, 348, 212, 76]
bezier_pts: [134.0, 360.0, 204.0, 356.0, 274.0, 352.0, 344.0, 348.0, 345.0, 399.0, 275.48, 408.44, 207.91, 416.62, 140.0, 423.0]
rec: STRONG...................
text_instance: 6
bbox: [362, 335, 86, 61]
bezier_pts: [362.0, 353.0, 388.67, 347.0, 415.33, 341.0, 442.0, 335.0, 447.0, 388.0, 419.67, 390.33, 392.33, 392.67, 365.0, 395.0]
rec: TEA......................
text_instance: 7
bbox: [642, 156, 72, 50]
bezier_pts: [642.0, 179.0, 661.82, 161.5, 688.96, 160.91, 713.0, 156.0, 709.0, 197.0, 690.06, 201.82, 670.1, 204.11, 650.0, 204.0]
rec: WHEn.....................
text_instance: 8
bbox: [715, 158, 46, 44]
bezier_pts: [721.0, 158.0, 734.78, 160.14, 750.35, 156.33, 760.0, 170.0, 756.0, 200.0, 742.33, 199.67, 728.67, 199.33, 715.0, 199.0]
rec: LIFe.....................
text_instance: 9
bbox: [637, 200, 127, 61]
bezier_pts: [637.0, 210.0, 681.28, 201.24, 719.22, 202.28, 763.0, 200.0, 758.0, 250.0, 718.5, 256.19, 679.12, 259.33, 639.0, 260.0]
rec: GIVES....................
text_instance: 10
bbox: [636, 262, 114, 40]
bezier_pts: [636.0, 269.0, 673.67, 266.67, 711.33, 264.33, 749.0, 262.0, 747.0, 291.0, 712.23, 297.3, 677.12, 300.52, 641.0, 301.0]
rec: LEMONS...................
text_instance: 11
bbox: [638, 310, 35, 23]
bezier_pts: [639.0, 314.0, 649.92, 311.38, 660.76, 309.12, 672.0, 311.0, 672.0, 332.0, 660.2, 332.51, 649.11, 330.39, 638.0, 326.0]
rec: MAKE.....................
text_instance: 12
bbox: [675, 305, 42, 29]
bezier_pts: [676.0, 309.0, 689.33, 307.67, 702.67, 306.33, 716.0, 305.0, 714.0, 329.0, 700.56, 330.57, 687.6, 331.7, 675.0, 333.0]
rec: LEMON....................
text_instance: 13
bbox: [717, 302, 22, 28]
bezier_pts: [718.0, 302.0, 724.67, 302.0, 731.33, 302.0, 738.0, 302.0, 738.0, 318.0, 732.26, 323.84, 724.98, 326.97, 717.0, 328.0]
rec: TEA......................
text_instance: 14
bbox: [919, 141, 83, 57]
bezier_pts: [919.0, 171.0, 943.74, 155.52, 970.38, 141.41, 1001.0, 141.0, 998.0, 165.0, 971.67, 175.67, 945.33, 186.33, 919.0, 197.0]
rec: JANGAN...................
text_instance: 15
bbox: [1001, 137, 57, 54]
bezier_pts: [1010.0, 137.0, 1028.98, 136.16, 1044.68, 145.08, 1057.0, 161.0, 1051.0, 190.0, 1034.14, 181.47, 1016.41, 174.33, 1001.0, 165.0]
rec: CAKAP....................
text_instance: 16
bbox: [920, 194, 121, 69]
bezier_pts: [921.0, 225.0, 956.86, 197.89, 999.65, 182.94, 1040.0, 209.0, 1029.0, 251.0, 992.02, 217.51, 952.74, 236.18, 920.0, 262.0]
rec: KOSONG...................
text_instance: 17
bbox: [936, 248, 38, 24]
bezier_pts: [936.0, 253.0, 947.77, 246.98, 960.59, 250.26, 973.0, 248.0, 972.0, 267.0, 960.81, 270.91, 948.93, 271.53, 937.0, 270.0]
rec: MARI.....................
text_instance: 18
bbox: [973, 248, 46, 21]
bezier_pts: [976.0, 249.0, 990.0, 248.67, 1004.0, 248.33, 1018.0, 248.0, 1015.0, 263.0, 1001.45, 267.06, 987.15, 268.3, 973.0, 267.0]
rec: MINUM....................
text_instance: 19
bbox: [910, 273, 111, 56]
bezier_pts: [912.0, 280.0, 946.77, 291.68, 985.3, 294.16, 1020.0, 273.0, 1020.0, 306.0, 988.19, 328.26, 949.58, 337.16, 910.0, 320.0]
rec: OOLONG...................
text_instance: 20
bbox: [145, 623, 74, 66]
bezier_pts: [145.0, 677.0, 168.25, 660.76, 166.76, 632.78, 195.0, 623.0, 218.0, 649.0, 211.92, 665.12, 196.44, 673.57, 188.0, 688.0]
rec: WE.......................
text_instance: 21
bbox: [206, 585, 64, 55]
bezier_pts: [206.0, 612.0, 222.91, 602.47, 240.23, 591.47, 259.0, 585.0, 269.0, 609.0, 268.88, 628.64, 245.06, 636.35, 229.0, 639.0]
rec: Do.......................
text_instance: 22
bbox: [274, 561, 205, 70]
bezier_pts: [274.0, 578.0, 339.8, 550.26, 416.79, 551.95, 478.0, 604.0, 453.0, 630.0, 403.73, 578.73, 337.25, 585.3, 280.0, 610.0]
rec: EVERYTHING...............
text_instance: 23
bbox: [266, 603, 110, 70]
bezier_pts: [268.0, 640.0, 304.13, 622.99, 332.57, 595.55, 373.0, 603.0, 375.0, 644.0, 338.67, 653.33, 302.33, 662.67, 266.0, 672.0]
rec: with.....................
text_instance: 24
bbox: [180, 642, 285, 133]
bezier_pts: [180.0, 713.0, 273.67, 688.44, 365.56, 666.55, 461.0, 642.0, 464.0, 701.0, 372.0, 725.33, 280.0, 749.67, 188.0, 774.0]
rec: SEPENUH..................
text_instance: 25
bbox: [293, 733, 76, 56]
bezier_pts: [293.0, 755.0, 314.74, 743.07, 340.36, 738.93, 365.0, 733.0, 368.0, 764.0, 342.95, 772.12, 318.08, 780.43, 293.0, 788.0]
rec: HATI.....................
text_instance: 26
bbox: [629, 520, 17, 94]
bezier_pts: [631.0, 521.0, 632.03, 552.03, 627.92, 581.65, 629.0, 611.0, 642.0, 613.0, 639.29, 583.33, 642.05, 549.97, 645.0, 520.0]
rec: FILL.....................
text_instance: 27
bbox: [623, 626, 17, 44]
bezier_pts: [625.0, 627.0, 623.9, 641.56, 621.26, 653.29, 624.0, 669.0, 637.0, 664.0, 634.68, 651.44, 636.34, 638.72, 639.0, 626.0]
rec: UP.......................
text_instance: 28
bbox: [669, 513, 21, 73]
bezier_pts: [675.0, 515.0, 668.24, 539.6, 673.93, 560.76, 669.0, 585.0, 685.0, 583.0, 683.73, 559.13, 688.92, 535.99, 689.0, 513.0]
rec: TOP......................
text_instance: 29
bbox: [665, 608, 17, 49]
bezier_pts: [666.0, 609.0, 663.89, 625.09, 665.3, 640.49, 665.0, 656.0, 679.0, 648.0, 677.41, 636.04, 683.25, 620.96, 680.0, 608.0]
rec: UP.......................
text_instance: 30
bbox: [708, 501, 22, 98]
bezier_pts: [715.0, 501.0, 711.91, 533.18, 711.08, 564.52, 708.0, 598.0, 720.0, 595.0, 723.23, 565.05, 724.12, 530.81, 729.0, 501.0]
rec: DRINK....................
text_instance: 31
bbox: [703, 608, 17, 40]
bezier_pts: [706.0, 610.0, 703.84, 623.88, 704.49, 639.4, 703.0, 647.0, 714.0, 642.0, 715.61, 631.98, 718.1, 618.05, 719.0, 608.0]
rec: UP.......................
text_instance: 32
bbox: [867, 494, 67, 31]
bezier_pts: [867.0, 499.0, 888.26, 492.84, 910.05, 491.54, 933.0, 496.0, 925.0, 515.0, 906.0, 518.0, 887.0, 521.0, 868.0, 524.0]
rec: BREWED...................
text_instance: 33
bbox: [887, 517, 48, 29]
bezier_pts: [891.0, 517.0, 904.73, 519.59, 919.98, 516.01, 934.0, 521.0, 925.0, 545.0, 912.33, 543.67, 899.67, 542.33, 887.0, 541.0]
rec: FRESH....................
text_instance: 34
bbox: [930, 525, 40, 27]
bezier_pts: [939.0, 525.0, 949.0, 526.33, 959.0, 527.67, 969.0, 529.0, 961.0, 551.0, 950.01, 550.76, 939.53, 547.65, 930.0, 542.0]
rec: DAILY....................
