text_instance: 0
bbox: [231, 547, 83, 122]
bezier_pts: [255.0, 547.0, 257.22, 589.9, 279.28, 622.33, 313.0, 648.0, 303.0, 668.0, 266.59, 636.64, 238.87, 602.57, 231.0, 553.0]
rec: KUMPULAN.................
text_instance: 1
bbox: [321, 658, 64, 37]
bezier_pts: [325.0, 658.0, 344.67, 664.67, 364.33, 671.33, 384.0, 678.0, 383.0, 694.0, 361.2, 690.5, 341.03, 683.99, 321.0, 675.0]
rec: WANG.....................
text_instance: 2
bbox: [397, 637, 121, 61]
bezier_pts: [397.0, 676.0, 433.42, 675.75, 474.52, 672.53, 496.0, 637.0, 517.0, 660.0, 481.54, 675.05, 444.76, 687.44, 407.0, 697.0]
rec: SIMPANAN.................
text_instance: 3
bbox: [513, 555, 62, 91]
bezier_pts: [513.0, 634.0, 528.17, 608.96, 549.69, 585.17, 554.0, 556.0, 574.0, 555.0, 563.55, 588.11, 555.68, 624.55, 525.0, 645.0]
rec: PEKERJA..................
