text_instance: 0
bbox: [330, 452, 108, 52]
bezier_pts: [330.0, 452.0, 365.67, 452.0, 401.33, 452.0, 437.0, 452.0, 437.0, 503.0, 401.33, 503.0, 365.67, 503.0, 330.0, 503.0]
rec: Oldest...................
text_instance: 1
bbox: [244, 502, 110, 43]
bezier_pts: [244.0, 502.0, 280.33, 502.0, 316.67, 502.0, 353.0, 502.0, 353.0, 543.0, 316.67, 543.0, 280.33, 543.0, 244.0, 543.0]
rec: SMOKE....................
text_instance: 2
bbox: [359, 507, 88, 41]
bezier_pts: [359.0, 507.0, 388.0, 507.0, 417.0, 507.0, 446.0, 507.0, 446.0, 547.0, 417.0, 547.0, 388.0, 547.0, 359.0, 547.0]
rec: SHOP.....................
text_instance: 3
bbox: [371, 388, 61, 31]
bezier_pts: [371.0, 388.0, 391.0, 388.0, 411.0, 388.0, 431.0, 388.0, 431.0, 418.0, 411.0, 418.0, 391.0, 418.0, 371.0, 418.0]
rec: SAN......................
text_instance: 4
bbox: [75, 368, 135, 96]
bezier_pts: [79.0, 395.0, 123.74, 408.77, 162.95, 384.12, 203.0, 368.0, 209.0, 450.0, 167.91, 468.44, 119.69, 465.56, 75.0, 452.0]
rec: PIPE.....................
text_instance: 5
bbox: [222, 254, 269, 189]
bezier_pts: [222.0, 354.0, 306.05, 305.95, 387.13, 238.31, 490.0, 254.0, 480.0, 350.0, 372.96, 312.21, 304.42, 410.44, 222.0, 442.0]
rec: DREAMS...................
text_instance: 6
bbox: [313, 420, 157, 45]
bezier_pts: [313.0, 430.0, 366.64, 413.34, 418.71, 413.66, 469.0, 433.0, 466.0, 464.0, 417.0, 462.33, 368.0, 460.67, 319.0, 459.0]
rec: FRANCISCOS...............
