text_instance: 0
bbox: [634, 224, 193, 160]
bezier_pts: [634.0, 347.0, 683.59, 298.65, 739.35, 257.23, 802.0, 224.0, 826.0, 290.0, 780.0, 321.0, 734.0, 352.0, 688.0, 383.0]
rec: MiLLi....................
text_instance: 1
bbox: [829, 204, 253, 81]
bezier_pts: [829.0, 224.0, 912.68, 208.78, 996.69, 208.78, 1081.0, 224.0, 1057.0, 284.0, 988.0, 284.0, 919.0, 284.0, 850.0, 284.0]
rec: EGiTIM...................
text_instance: 2
bbox: [1081, 227, 286, 294]
bezier_pts: [1102.0, 227.0, 1221.77, 290.48, 1334.41, 359.99, 1366.0, 505.0, 1294.0, 520.0, 1270.86, 392.54, 1191.85, 321.94, 1081.0, 281.0]
rec: BAKANLIGI................
text_instance: 3
bbox: [628, 1132, 418, 85]
bezier_pts: [628.0, 1132.0, 767.0, 1132.0, 906.0, 1132.0, 1045.0, 1132.0, 1045.0, 1204.0, 909.62, 1211.02, 774.62, 1215.02, 640.0, 1216.0]
rec: iSTANBUL.................
text_instance: 4
bbox: [1108, 1132, 214, 85]
bezier_pts: [1108.0, 1132.0, 1179.0, 1133.0, 1250.0, 1134.0, 1321.0, 1135.0, 1318.0, 1210.0, 1251.25, 1213.75, 1183.18, 1215.76, 1114.0, 1216.0]
rec: SiSLi....................
text_instance: 5
bbox: [404, 1270, 525, 88]
bezier_pts: [404.0, 1276.0, 577.5, 1268.58, 756.35, 1272.31, 928.0, 1270.0, 925.0, 1357.0, 756.33, 1353.0, 587.67, 1349.0, 419.0, 1345.0]
rec: NiSANTASi................
text_instance: 6
bbox: [955, 1270, 316, 73]
bezier_pts: [955.0, 1270.0, 1059.0, 1271.0, 1163.0, 1272.0, 1267.0, 1273.0, 1270.0, 1342.0, 1165.88, 1339.69, 1061.65, 1338.14, 958.0, 1333.0]
rec: RUSTU....................
text_instance: 7
bbox: [1285, 1267, 270, 88]
bezier_pts: [1285.0, 1267.0, 1372.67, 1268.0, 1460.33, 1269.0, 1548.0, 1270.0, 1554.0, 1348.0, 1470.33, 1350.0, 1386.67, 1352.0, 1303.0, 1354.0]
rec: UZEL.....................
text_instance: 8
bbox: [65, 1402, 438, 96]
bezier_pts: [65.0, 1414.0, 210.67, 1410.0, 356.33, 1406.0, 502.0, 1402.0, 502.0, 1497.0, 358.33, 1497.0, 214.67, 1497.0, 71.0, 1497.0]
rec: MESLEKI..................
text_instance: 9
bbox: [679, 1405, 376, 87]
bezier_pts: [679.0, 1405.0, 803.0, 1409.0, 927.0, 1413.0, 1051.0, 1417.0, 1054.0, 1491.0, 930.0, 1489.0, 806.0, 1487.0, 682.0, 1485.0]
rec: TEKNIK...................
text_instance: 10
bbox: [1081, 1402, 462, 87]
bezier_pts: [1081.0, 1405.0, 1231.67, 1404.0, 1382.33, 1403.0, 1533.0, 1402.0, 1542.0, 1488.0, 1388.33, 1488.0, 1234.67, 1488.0, 1081.0, 1488.0]
rec: ANADOLU..................
text_instance: 11
bbox: [1563, 1411, 322, 84]
bezier_pts: [1563.0, 1417.0, 1665.38, 1408.97, 1770.95, 1413.54, 1872.0, 1411.0, 1884.0, 1494.0, 1778.0, 1494.0, 1672.0, 1494.0, 1566.0, 1494.0]
rec: LiSESi...................
text_instance: 12
bbox: [578, 382, 98, 125]
bezier_pts: [578.0, 495.0, 603.95, 460.25, 599.02, 412.29, 637.0, 382.0, 675.0, 409.0, 660.83, 441.26, 645.6, 471.67, 639.0, 506.0]
rec: T.C......................
text_instance: 13
bbox: [530, 1413, 144, 78]
bezier_pts: [530.0, 1416.0, 576.67, 1415.0, 623.33, 1414.0, 670.0, 1413.0, 673.0, 1484.0, 626.52, 1488.02, 579.44, 1488.71, 534.0, 1488.0]
rec: VE.......................
