text_instance: 0
bbox: [162, 41, 66, 38]
bezier_pts: [162.0, 63.0, 183.67, 53.88, 203.56, 42.99, 227.0, 41.0, 227.0, 57.0, 206.33, 64.0, 185.67, 71.0, 165.0, 78.0]
rec: BREAD....................
text_instance: 1
bbox: [240, 28, 79, 23]
bezier_pts: [241.0, 36.0, 266.33, 29.77, 291.67, 27.1, 317.0, 28.0, 318.0, 43.0, 292.0, 45.33, 266.0, 47.67, 240.0, 50.0]
rec: BUTTER...................
text_instance: 2
bbox: [328, 27, 45, 21]
bezier_pts: [329.0, 27.0, 342.33, 27.33, 355.67, 27.67, 369.0, 28.0, 372.0, 45.0, 357.33, 45.67, 342.67, 46.33, 328.0, 47.0]
rec: ALL......................
text_instance: 3
bbox: [378, 32, 78, 36]
bezier_pts: [378.0, 32.0, 405.49, 35.4, 429.17, 41.01, 455.0, 51.0, 454.0, 67.0, 429.0, 60.67, 404.0, 54.33, 379.0, 48.0]
rec: BETTER...................
text_instance: 4
bbox: [10, 85, 237, 133]
bezier_pts: [10.0, 97.0, 87.79, 84.44, 163.82, 86.89, 243.0, 85.0, 246.0, 206.0, 168.57, 228.69, 92.02, 214.24, 11.0, 216.0]
rec: BUTTER...................
text_instance: 5
bbox: [267, 71, 354, 134]
bezier_pts: [267.0, 83.0, 378.25, 70.33, 497.97, 73.67, 613.0, 71.0, 620.0, 199.0, 504.15, 202.78, 387.34, 202.85, 269.0, 204.0]
rec: BROTHERS.................
text_instance: 6
bbox: [172, 224, 89, 36]
bezier_pts: [179.0, 224.0, 206.0, 231.67, 233.0, 239.33, 260.0, 247.0, 260.0, 259.0, 229.59, 253.18, 200.53, 244.53, 172.0, 233.0]
rec: BUDAPEST.................
text_instance: 7
bbox: [271, 222, 59, 31]
bezier_pts: [271.0, 244.0, 282.91, 222.68, 305.25, 223.93, 327.0, 222.0, 329.0, 238.0, 314.0, 242.67, 299.0, 247.33, 284.0, 252.0]
rec: BROTHERS.................
text_instance: 8
bbox: [270, 252, 20, 46]
bezier_pts: [282.0, 297.0, 265.76, 287.23, 271.08, 267.85, 270.0, 252.0, 282.0, 254.0, 276.86, 267.9, 282.38, 286.18, 289.0, 290.0]
rec: BUTTER...................
text_instance: 9
bbox: [330, 242, 21, 56]
bezier_pts: [345.0, 242.0, 355.26, 260.73, 350.19, 279.58, 340.0, 297.0, 330.0, 289.0, 338.05, 275.83, 344.76, 261.89, 334.0, 247.0]
rec: COMPANY..................
text_instance: 10
bbox: [151, 317, 144, 80]
bezier_pts: [172.0, 320.0, 212.67, 319.0, 253.33, 318.0, 294.0, 317.0, 273.0, 396.0, 232.33, 395.67, 191.67, 395.33, 151.0, 395.0]
rec: Bakery...................
text_instance: 11
bbox: [291, 328, 57, 39]
bezier_pts: [300.0, 329.0, 315.67, 328.67, 331.33, 328.33, 347.0, 328.0, 331.0, 366.0, 317.67, 365.67, 304.33, 365.33, 291.0, 365.0]
rec: and......................
text_instance: 12
bbox: [340, 317, 131, 57]
bezier_pts: [350.0, 317.0, 390.0, 318.0, 430.0, 319.0, 470.0, 320.0, 457.0, 370.0, 418.41, 371.4, 379.83, 372.05, 340.0, 372.0]
rec: Bistro...................
