text_instance: 0
bbox: [960, 459, 147, 29]
bezier_pts: [960.0, 459.0, 1008.67, 459.0, 1057.33, 459.0, 1106.0, 459.0, 1106.0, 486.0, 1057.33, 486.0, 1008.67, 486.0, 960.0, 486.0]
rec: 0T39234008...............
text_instance: 1
bbox: [531, 433, 90, 41]
bezier_pts: [531.0, 433.0, 560.67, 433.0, 590.33, 433.0, 620.0, 433.0, 620.0, 473.0, 590.33, 473.0, 560.67, 473.0, 531.0, 473.0]
rec: NAM......................
text_instance: 2
bbox: [206, 453, 77, 24]
bezier_pts: [206.0, 454.0, 231.61, 451.73, 255.52, 453.52, 281.0, 455.0, 282.0, 475.0, 256.64, 477.15, 231.41, 475.76, 206.0, 474.0]
rec: NGUYEN...................
text_instance: 3
bbox: [756, 441, 85, 37]
bezier_pts: [756.0, 441.0, 784.0, 441.0, 812.0, 441.0, 840.0, 441.0, 840.0, 474.0, 814.64, 476.74, 789.35, 476.78, 764.0, 474.0]
rec: VIEN.....................
text_instance: 4
bbox: [650, 440, 77, 36]
bezier_pts: [652.0, 440.0, 676.67, 440.67, 701.33, 441.33, 726.0, 442.0, 723.0, 474.0, 699.13, 474.99, 674.23, 474.34, 650.0, 473.0]
rec: GAU......................
text_instance: 5
bbox: [290, 456, 44, 22]
bezier_pts: [290.0, 456.0, 304.33, 456.0, 318.67, 456.0, 333.0, 456.0, 333.0, 477.0, 319.11, 476.86, 304.39, 477.6, 290.0, 476.0]
rec: TRAI.....................
text_instance: 6
bbox: [109, 448, 37, 28]
bezier_pts: [109.0, 448.0, 121.0, 448.0, 133.0, 448.0, 145.0, 448.0, 145.0, 474.0, 133.0, 474.0, 121.0, 474.0, 109.0, 474.0]
rec: 413......................
text_instance: 7
bbox: [157, 450, 39, 28]
bezier_pts: [157.0, 450.0, 169.67, 450.0, 182.33, 450.0, 195.0, 450.0, 195.0, 476.0, 182.5, 477.98, 169.69, 476.06, 157.0, 476.0]
rec: 415......................
text_instance: 8
bbox: [439, 437, 67, 36]
bezier_pts: [439.0, 437.0, 460.13, 437.44, 483.3, 435.65, 505.0, 438.0, 503.0, 471.0, 482.03, 472.76, 460.52, 470.75, 440.0, 470.0]
rec: TAI......................
text_instance: 9
bbox: [326, 153, 99, 74]
bezier_pts: [326.0, 196.0, 355.67, 181.67, 385.33, 167.33, 415.0, 153.0, 424.0, 180.0, 398.0, 195.33, 372.0, 210.67, 346.0, 226.0]
rec: BEEF.....................
text_instance: 10
bbox: [428, 115, 160, 66]
bezier_pts: [428.0, 145.0, 478.0, 135.0, 528.0, 125.0, 578.0, 115.0, 587.0, 145.0, 539.67, 156.67, 492.33, 168.33, 445.0, 180.0]
rec: NOODLE...................
text_instance: 11
bbox: [594, 117, 101, 27]
bezier_pts: [595.0, 117.0, 628.0, 119.33, 661.0, 121.67, 694.0, 124.0, 692.0, 143.0, 659.22, 142.18, 626.95, 140.84, 594.0, 139.0]
rec: SOUP.....................
text_instance: 12
bbox: [714, 127, 234, 116]
bezier_pts: [714.0, 127.0, 798.23, 147.08, 876.68, 175.62, 947.0, 232.0, 932.0, 242.0, 867.26, 195.52, 791.98, 167.44, 714.0, 147.0]
rec: RESTAURANT...............
text_instance: 13
bbox: [359, 187, 312, 142]
bezier_pts: [359.0, 253.0, 454.21, 222.04, 566.21, 183.42, 670.0, 187.0, 670.0, 258.0, 571.26, 248.71, 480.74, 280.78, 398.0, 328.0]
rec: PHO......................
text_instance: 14
bbox: [730, 197, 183, 138]
bezier_pts: [740.0, 197.0, 800.8, 212.3, 856.78, 245.39, 912.0, 275.0, 888.0, 334.0, 835.33, 310.0, 782.67, 286.0, 730.0, 262.0]
rec: LE.......................
text_instance: 15
bbox: [582, 594, 37, 22]
bezier_pts: [582.0, 594.0, 594.0, 594.33, 606.0, 594.67, 618.0, 595.0, 618.0, 614.0, 606.46, 614.46, 595.39, 616.14, 584.0, 614.0]
rec: 413......................
text_instance: 16
bbox: [151, 670, 77, 43]
bezier_pts: [152.0, 670.0, 177.0, 671.0, 202.0, 672.0, 227.0, 673.0, 220.0, 706.0, 197.0, 708.0, 174.0, 710.0, 151.0, 712.0]
rec: Pho......................
text_instance: 17
bbox: [232, 670, 50, 45]
bezier_pts: [238.0, 675.0, 252.33, 673.33, 266.67, 671.67, 281.0, 670.0, 277.0, 714.0, 262.0, 713.33, 247.0, 712.67, 232.0, 712.0]
rec: Le.......................
text_instance: 18
bbox: [629, 594, 35, 23]
bezier_pts: [629.0, 594.0, 639.72, 594.67, 651.28, 591.99, 662.0, 596.0, 663.0, 615.0, 651.79, 616.95, 640.44, 615.66, 629.0, 614.0]
rec: 415......................
