text_instance: 0
bbox: [363, 136, 60, 20]
bezier_pts: [363.0, 136.0, 382.67, 136.0, 402.33, 136.0, 422.0, 136.0, 422.0, 154.0, 402.19, 156.16, 382.98, 154.38, 363.0, 154.0]
rec: Barre....................
text_instance: 1
bbox: [114, 173, 206, 42]
bezier_pts: [114.0, 183.0, 180.38, 173.27, 249.08, 177.47, 317.0, 173.0, 319.0, 203.0, 258.75, 228.02, 180.75, 204.36, 117.0, 212.0]
rec: WIRTSHAUS................
text_instance: 2
bbox: [169, 409, 74, 74]
bezier_pts: [201.0, 409.0, 211.67, 426.65, 224.5, 441.09, 242.0, 450.0, 230.0, 482.0, 196.36, 479.97, 175.13, 456.97, 169.0, 425.0]
rec: MAX......................
text_instance: 3
bbox: [256, 402, 117, 89]
bezier_pts: [256.0, 456.0, 287.43, 442.14, 326.9, 440.93, 340.0, 402.0, 372.0, 409.0, 362.99, 463.76, 319.28, 502.66, 259.0, 487.0]
rec: MORITZ...................
text_instance: 4
bbox: [231, 466, 27, 25]
bezier_pts: [235.0, 466.0, 242.33, 467.67, 249.67, 469.33, 257.0, 471.0, 257.0, 490.0, 248.33, 488.0, 239.67, 486.0, 231.0, 484.0]
rec: u........................
