text_instance: 0
bbox: [259, 172, 100, 23]
bezier_pts: [261.0, 172.0, 293.0, 172.0, 325.0, 172.0, 357.0, 172.0, 358.0, 193.0, 325.93, 193.53, 292.57, 194.62, 259.0, 192.0]
rec: SCRATCH..................
text_instance: 1
bbox: [241, 190, 138, 61]
bezier_pts: [252.0, 192.0, 290.06, 200.29, 330.84, 196.05, 369.0, 190.0, 378.0, 226.0, 336.98, 261.1, 279.7, 264.99, 241.0, 225.0]
rec: SMILE....................
text_instance: 2
bbox: [268, 242, 77, 31]
bezier_pts: [269.0, 242.0, 293.0, 242.0, 317.0, 242.0, 341.0, 242.0, 344.0, 268.0, 318.5, 268.33, 293.0, 265.59, 268.0, 260.0]
rec: CONTEST..................
text_instance: 3
bbox: [195, 580, 59, 33]
bezier_pts: [204.0, 580.0, 220.17, 583.81, 237.0, 583.0, 253.0, 589.0, 250.0, 612.0, 230.68, 611.13, 212.55, 607.38, 195.0, 601.0]
rec: JOM......................
text_instance: 4
bbox: [266, 589, 94, 32]
bezier_pts: [266.0, 589.0, 293.33, 591.33, 320.67, 593.67, 348.0, 596.0, 359.0, 620.0, 329.69, 619.39, 299.04, 618.83, 270.0, 615.0]
rec: PIZZA....................
text_instance: 5
bbox: [197, 603, 58, 33]
bezier_pts: [205.0, 603.0, 221.33, 607.0, 237.67, 611.0, 254.0, 615.0, 254.0, 635.0, 234.4, 632.65, 215.2, 627.98, 197.0, 622.0]
rec: MAKAN....................
text_instance: 6
bbox: [256, 618, 44, 21]
bezier_pts: [256.0, 618.0, 270.33, 619.33, 284.67, 620.67, 299.0, 622.0, 299.0, 637.0, 284.45, 637.95, 270.06, 637.28, 256.0, 635.0]
rec: WITH.....................
text_instance: 7
bbox: [300, 623, 27, 24]
bezier_pts: [300.0, 625.0, 307.67, 624.33, 315.33, 623.67, 323.0, 623.0, 326.0, 646.0, 317.33, 646.0, 308.67, 646.0, 300.0, 646.0]
rec: US.......................
text_instance: 8
bbox: [326, 622, 38, 24]
bezier_pts: [326.0, 623.0, 336.33, 622.67, 346.67, 622.33, 357.0, 622.0, 363.0, 641.0, 350.67, 642.33, 338.33, 643.67, 326.0, 645.0]
rec: AND......................
text_instance: 9
bbox: [185, 619, 51, 31]
bezier_pts: [189.0, 619.0, 205.11, 621.22, 219.74, 624.04, 235.0, 629.0, 234.0, 649.0, 216.49, 646.92, 200.42, 641.81, 185.0, 634.0]
rec: STAND....................
text_instance: 10
bbox: [254, 635, 58, 30]
bezier_pts: [254.0, 635.0, 272.0, 637.33, 290.0, 639.67, 308.0, 642.0, 311.0, 664.0, 291.83, 661.91, 272.28, 658.98, 254.0, 653.0]
rec: CHANCE...................
text_instance: 11
bbox: [311, 641, 30, 24]
bezier_pts: [311.0, 645.0, 320.0, 643.67, 329.0, 642.33, 338.0, 641.0, 340.0, 660.0, 331.52, 663.59, 322.4, 662.93, 314.0, 664.0]
rec: TO.......................
text_instance: 12
bbox: [338, 642, 42, 24]
bezier_pts: [338.0, 643.0, 349.67, 642.67, 361.33, 642.33, 373.0, 642.0, 379.0, 664.0, 367.67, 664.33, 356.33, 664.67, 345.0, 665.0]
rec: WIN......................
text_instance: 13
bbox: [132, 620, 116, 60]
bezier_pts: [138.0, 620.0, 175.81, 628.82, 211.57, 639.66, 247.0, 653.0, 247.0, 679.0, 204.43, 679.66, 166.7, 663.54, 132.0, 643.0]
rec: RM35000..................
text_instance: 14
bbox: [246, 657, 36, 29]
bezier_pts: [250.0, 657.0, 260.05, 659.23, 270.69, 656.69, 281.0, 661.0, 277.0, 685.0, 266.67, 683.67, 256.33, 682.33, 246.0, 681.0]
rec: X........................
text_instance: 15
bbox: [277, 662, 32, 27]
bezier_pts: [277.0, 662.0, 286.67, 662.67, 296.33, 663.33, 306.0, 664.0, 308.0, 688.0, 299.15, 687.89, 290.08, 688.54, 281.0, 687.0]
rec: 10.......................
text_instance: 16
bbox: [312, 657, 125, 33]
bezier_pts: [312.0, 662.0, 349.33, 660.33, 386.67, 658.67, 424.0, 657.0, 436.0, 684.0, 397.09, 688.05, 357.82, 688.97, 318.0, 687.0]
rec: WINNERS..................
text_instance: 17
bbox: [405, 741, 24, 30]
bezier_pts: [405.0, 741.0, 412.0, 742.67, 419.0, 744.33, 426.0, 746.0, 428.0, 770.0, 420.33, 768.33, 412.67, 766.67, 405.0, 765.0]
rec: 35.......................
