text_instance: 0
bbox: [149, 122, 41, 59]
bezier_pts: [149.0, 173.0, 159.23, 156.09, 166.17, 133.42, 183.0, 122.0, 189.0, 131.0, 173.68, 144.39, 168.58, 161.14, 166.0, 180.0]
rec: Temuan...................
text_instance: 1
bbox: [186, 108, 39, 24]
bezier_pts: [186.0, 113.0, 198.67, 107.08, 211.49, 110.53, 224.0, 108.0, 223.0, 124.0, 213.33, 126.33, 203.67, 128.67, 194.0, 131.0]
rec: Trail....................
text_instance: 2
bbox: [152, 188, 40, 53]
bezier_pts: [182.0, 240.0, 168.44, 226.8, 155.05, 213.5, 152.0, 194.0, 167.0, 188.0, 177.82, 194.93, 176.54, 212.05, 191.0, 220.0]
rec: KDCE.....................
text_instance: 3
bbox: [242, 113, 48, 48]
bezier_pts: [252.0, 113.0, 270.2, 117.26, 276.21, 138.15, 289.0, 150.0, 271.0, 160.0, 264.85, 145.69, 258.39, 131.88, 242.0, 127.0]
rec: KDCF.....................
text_instance: 4
bbox: [208, 217, 63, 31]
bezier_pts: [270.0, 227.0, 255.13, 247.76, 233.93, 244.74, 210.0, 247.0, 208.0, 228.0, 226.4, 236.01, 245.14, 227.83, 260.0, 217.0]
rec: Temuan...................
text_instance: 5
bbox: [266, 174, 28, 50]
bezier_pts: [293.0, 177.0, 289.13, 192.24, 289.68, 210.25, 278.0, 223.0, 266.0, 210.0, 271.64, 198.39, 279.15, 186.94, 277.0, 174.0]
rec: Denai....................
text_instance: 6
bbox: [157, 297, 28, 50]
bezier_pts: [157.0, 343.0, 161.83, 328.92, 166.45, 313.09, 172.0, 297.0, 184.0, 308.0, 177.58, 318.73, 174.71, 331.58, 172.0, 346.0]
rec: Denai....................
text_instance: 7
bbox: [175, 272, 79, 36]
bezier_pts: [175.0, 293.0, 196.25, 272.23, 224.47, 264.92, 253.0, 277.0, 248.0, 294.0, 225.87, 288.8, 204.17, 292.88, 186.0, 307.0]
rec: Pengakap.................
text_instance: 8
bbox: [167, 374, 51, 37]
bezier_pts: [213.0, 410.0, 193.3, 410.61, 176.61, 395.62, 167.0, 380.0, 182.0, 374.0, 191.16, 383.94, 203.41, 390.55, 217.0, 393.0]
rec: KDCF.....................
text_instance: 9
bbox: [228, 385, 41, 27]
bezier_pts: [268.0, 396.0, 258.11, 405.85, 244.15, 410.67, 230.0, 411.0, 228.0, 396.0, 237.33, 392.33, 246.67, 388.67, 256.0, 385.0]
rec: Trail....................
text_instance: 10
bbox: [262, 343, 37, 49]
bezier_pts: [298.0, 347.0, 292.81, 364.16, 291.46, 382.55, 272.0, 391.0, 262.0, 380.0, 272.8, 369.07, 282.08, 357.89, 280.0, 343.0]
rec: Scouts...................
text_instance: 11
bbox: [261, 286, 38, 47]
bezier_pts: [271.0, 286.0, 286.91, 294.66, 293.62, 312.37, 298.0, 329.0, 282.0, 332.0, 275.6, 319.65, 271.72, 306.95, 261.0, 298.0]
rec: KDCF.....................
