text_instance: 0
bbox: [162, 565, 63, 22]
bezier_pts: [162.0, 565.0, 182.67, 565.0, 203.33, 565.0, 224.0, 565.0, 224.0, 585.0, 203.33, 585.0, 182.67, 585.0, 162.0, 585.0]
rec: HOME.....................
text_instance: 1
bbox: [200, 648, 77, 20]
bezier_pts: [200.0, 648.0, 225.33, 648.0, 250.67, 648.0, 276.0, 648.0, 276.0, 666.0, 250.67, 666.0, 225.33, 666.0, 200.0, 666.0]
rec: FUDGE....................
text_instance: 2
bbox: [173, 618, 130, 23]
bezier_pts: [173.0, 618.0, 216.0, 618.0, 259.0, 618.0, 302.0, 618.0, 302.0, 640.0, 259.0, 640.0, 216.0, 640.0, 173.0, 640.0]
rec: HAHNDORE.................
text_instance: 3
bbox: [185, 594, 106, 20]
bezier_pts: [185.0, 594.0, 220.0, 594.0, 255.0, 594.0, 290.0, 594.0, 290.0, 613.0, 255.0, 613.0, 220.0, 613.0, 185.0, 613.0]
rec: ORIGINAL.................
text_instance: 4
bbox: [462, 360, 155, 23]
bezier_pts: [462.0, 360.0, 513.33, 360.0, 564.67, 360.0, 616.0, 360.0, 616.0, 382.0, 564.67, 382.0, 513.33, 382.0, 462.0, 382.0]
rec: HAHNDOFR.................
text_instance: 5
bbox: [273, 564, 41, 21]
bezier_pts: [273.0, 564.0, 286.33, 564.0, 299.67, 564.0, 313.0, 564.0, 313.0, 583.0, 299.67, 583.0, 286.33, 583.0, 273.0, 583.0]
rec: THE......................
text_instance: 6
bbox: [180, 525, 114, 21]
bezier_pts: [180.0, 525.0, 217.67, 525.0, 255.33, 525.0, 293.0, 525.0, 293.0, 545.0, 255.33, 545.0, 217.67, 545.0, 180.0, 545.0]
rec: HAHNDOFR.................
text_instance: 7
bbox: [236, 566, 32, 19]
bezier_pts: [236.0, 566.0, 246.33, 566.0, 256.67, 566.0, 267.0, 566.0, 267.0, 584.0, 256.67, 584.0, 246.33, 584.0, 236.0, 584.0]
rec: OF.......................
text_instance: 8
bbox: [271, 325, 523, 49]
bezier_pts: [271.0, 339.0, 444.14, 325.44, 622.53, 327.89, 793.0, 325.0, 789.0, 367.0, 613.54, 346.98, 447.87, 356.09, 276.0, 373.0]
rec: HUMBUGS..................
text_instance: 9
bbox: [145, 484, 178, 43]
bezier_pts: [145.0, 501.0, 203.99, 476.13, 261.21, 484.13, 322.0, 493.0, 318.0, 525.0, 261.27, 502.44, 208.04, 508.11, 153.0, 526.0]
rec: HUMBUGS..................
