text_instance: 0
bbox: [299, 233, 56, 40]
bezier_pts: [299.0, 233.0, 317.33, 233.0, 335.67, 233.0, 354.0, 233.0, 354.0, 271.0, 335.26, 271.65, 317.42, 271.65, 299.0, 271.0]
rec: KAFE.....................
text_instance: 1
bbox: [524, 272, 60, 33]
bezier_pts: [525.0, 272.0, 543.96, 272.38, 563.24, 270.81, 583.0, 273.0, 582.0, 304.0, 562.47, 303.92, 544.06, 304.56, 524.0, 303.0]
rec: M2.......................
text_instance: 2
bbox: [475, 313, 95, 28]
bezier_pts: [475.0, 326.0, 505.41, 317.79, 535.84, 311.24, 569.0, 313.0, 567.0, 328.0, 537.33, 332.0, 507.67, 336.0, 478.0, 340.0]
rec: SPORTS...................
text_instance: 3
bbox: [573, 315, 51, 27]
bezier_pts: [576.0, 315.0, 592.7, 316.66, 608.76, 321.77, 623.0, 329.0, 618.0, 341.0, 603.0, 337.0, 588.0, 333.0, 573.0, 329.0]
rec: BAR......................
text_instance: 4
bbox: [212, 373, 40, 13]
bezier_pts: [214.0, 373.0, 226.33, 373.33, 238.67, 373.67, 251.0, 374.0, 249.0, 385.0, 237.18, 385.28, 223.65, 384.65, 212.0, 383.0]
rec: RESERVED.................
text_instance: 5
bbox: [516, 376, 45, 14]
bezier_pts: [516.0, 376.0, 530.94, 375.82, 545.24, 376.43, 560.0, 378.0, 558.0, 389.0, 544.33, 388.33, 530.67, 387.67, 517.0, 387.0]
rec: RESERVED.................
text_instance: 6
bbox: [515, 405, 38, 9]
bezier_pts: [515.0, 405.0, 527.54, 405.27, 540.19, 403.91, 552.0, 406.0, 550.0, 413.0, 538.67, 412.67, 527.33, 412.33, 516.0, 412.0]
rec: WA2129S..................
text_instance: 7
bbox: [837, 384, 48, 16]
bezier_pts: [837.0, 385.0, 852.33, 384.67, 867.67, 384.33, 883.0, 384.0, 884.0, 397.0, 868.6, 399.83, 853.01, 399.71, 838.0, 397.0]
rec: RESERVED.................
text_instance: 8
bbox: [842, 402, 38, 10]
bezier_pts: [843.0, 402.0, 854.67, 402.67, 866.33, 403.33, 878.0, 404.0, 879.0, 411.0, 866.67, 411.0, 854.33, 411.0, 842.0, 411.0]
rec: WB8511U..................
text_instance: 9
bbox: [842, 412, 38, 11]
bezier_pts: [842.0, 412.0, 854.33, 412.67, 866.67, 413.33, 879.0, 414.0, 879.0, 422.0, 867.09, 421.84, 854.73, 422.6, 843.0, 421.0]
rec: BKG2326..................
text_instance: 10
bbox: [1202, 392, 58, 16]
bezier_pts: [1202.0, 393.0, 1221.19, 390.86, 1237.9, 392.4, 1257.0, 392.0, 1259.0, 403.0, 1240.14, 406.42, 1221.99, 406.17, 1203.0, 407.0]
rec: RESERVED.................
text_instance: 11
bbox: [1208, 412, 48, 9]
bezier_pts: [1208.0, 413.0, 1224.56, 413.89, 1238.44, 410.33, 1255.0, 413.0, 1254.0, 419.0, 1239.19, 420.5, 1222.81, 419.84, 1208.0, 420.0]
rec: BJR5979..................
text_instance: 12
bbox: [1208, 422, 50, 9]
bezier_pts: [1208.0, 423.0, 1224.18, 420.87, 1239.47, 422.41, 1256.0, 422.0, 1257.0, 430.0, 1241.33, 430.0, 1225.67, 430.0, 1210.0, 430.0]
rec: JMA8690..................
text_instance: 13
bbox: [1258, 543, 13, 39]
bezier_pts: [1260.0, 581.0, 1254.97, 569.32, 1259.03, 553.11, 1258.0, 543.0, 1267.0, 543.0, 1267.24, 555.22, 1271.5, 569.97, 1269.0, 581.0]
rec: CLAMPING.................
