text_instance: 0
bbox: [400, 245, 186, 86]
bezier_pts: [400.0, 285.0, 453.62, 263.58, 512.49, 257.29, 567.0, 245.0, 585.0, 287.0, 533.67, 301.33, 482.33, 315.67, 431.0, 330.0]
rec: FUTA.....................
text_instance: 1
bbox: [673, 244, 184, 79]
bezier_pts: [680.0, 244.0, 737.98, 247.77, 797.95, 255.84, 856.0, 276.0, 847.0, 322.0, 789.0, 310.67, 731.0, 299.33, 673.0, 288.0]
rec: BAYA.....................
text_instance: 2
bbox: [301, 847, 58, 23]
bezier_pts: [303.0, 847.0, 320.67, 847.33, 338.33, 847.67, 356.0, 848.0, 358.0, 867.0, 339.0, 868.29, 320.19, 868.79, 301.0, 869.0]
rec: 23-18....................
text_instance: 3
bbox: [596, 217, 74, 74]
bezier_pts: [629.0, 217.0, 642.33, 217.33, 655.67, 217.67, 669.0, 218.0, 638.0, 287.0, 624.0, 286.67, 610.0, 286.33, 596.0, 286.0]
rec: ff.......................
