text_instance: 0
bbox: [675, 251, 213, 112]
bezier_pts: [675.0, 290.0, 738.8, 258.58, 809.21, 246.34, 883.0, 252.0, 887.0, 299.0, 819.0, 320.0, 751.0, 341.0, 683.0, 362.0]
rec: PARADISE.................
text_instance: 1
bbox: [894, 237, 121, 103]
bezier_pts: [894.0, 237.0, 931.69, 236.92, 970.72, 242.95, 1005.0, 257.0, 1014.0, 339.0, 974.33, 325.0, 934.67, 311.0, 895.0, 297.0]
rec: PIER.....................
text_instance: 2
bbox: [618, 692, 38, 20]
bezier_pts: [618.0, 693.0, 629.0, 692.67, 640.0, 692.33, 651.0, 692.0, 655.0, 709.0, 644.16, 711.55, 633.91, 711.14, 623.0, 711.0]
rec: TOY......................
text_instance: 3
bbox: [534, 728, 108, 28]
bezier_pts: [534.0, 731.0, 569.33, 730.0, 604.67, 729.0, 640.0, 728.0, 641.0, 749.0, 606.89, 753.31, 571.99, 754.59, 537.0, 753.0]
rec: MIDWAY...................
text_instance: 4
bbox: [650, 726, 87, 25]
bezier_pts: [650.0, 729.0, 677.33, 728.0, 704.67, 727.0, 732.0, 726.0, 736.0, 748.0, 707.62, 750.48, 678.8, 749.35, 651.0, 749.0]
rec: MANIA....................
