text_instance: 0
bbox: [188, 745, 577, 256]
bezier_pts: [188.0, 877.0, 376.21, 818.92, 570.68, 774.69, 764.0, 745.0, 764.0, 880.0, 581.0, 920.0, 398.0, 960.0, 215.0, 1000.0]
rec: ROASTS...................
text_instance: 1
bbox: [866, 718, 259, 154]
bezier_pts: [866.0, 742.0, 937.0, 734.0, 1008.0, 726.0, 1079.0, 718.0, 1124.0, 850.0, 1044.0, 857.0, 964.0, 864.0, 884.0, 871.0]
rec: PIE......................
text_instance: 2
bbox: [1307, 715, 859, 301]
bezier_pts: [1340.0, 715.0, 1631.01, 744.7, 1909.0, 794.59, 2165.0, 898.0, 2156.0, 1015.0, 1873.0, 962.0, 1590.0, 909.0, 1307.0, 856.0]
rec: DUMPLINGS................
text_instance: 3
bbox: [278, 1039, 1830, 278]
bezier_pts: [386.0, 1043.0, 943.63, 1194.76, 1493.55, 1242.33, 2049.0, 1039.0, 2107.0, 1199.0, 1507.77, 1381.0, 865.25, 1370.52, 278.0, 1141.0]
rec: ACCOMMODATION............
text_instance: 4
bbox: [647, 1318, 205, 97]
bezier_pts: [653.0, 1318.0, 718.0, 1319.0, 783.0, 1320.0, 848.0, 1321.0, 851.0, 1402.0, 782.89, 1407.77, 715.51, 1411.3, 647.0, 1414.0]
rec: All......................
text_instance: 5
bbox: [881, 1330, 400, 82]
bezier_pts: [881.0, 1330.0, 1018.86, 1329.16, 1148.42, 1338.31, 1280.0, 1342.0, 1280.0, 1411.0, 1149.0, 1410.0, 1018.0, 1409.0, 887.0, 1408.0]
rec: Rooms....................
text_instance: 6
bbox: [1325, 1324, 436, 85]
bezier_pts: [1325.0, 1330.0, 1470.0, 1328.0, 1615.0, 1326.0, 1760.0, 1324.0, 1757.0, 1405.0, 1614.0, 1406.0, 1471.0, 1407.0, 1328.0, 1408.0]
rec: Ensuite..................
