text_instance: 0
bbox: [264, 144, 84, 26]
bezier_pts: [264.0, 144.0, 291.63, 150.01, 321.08, 153.56, 347.0, 144.0, 347.0, 168.0, 318.59, 169.77, 291.65, 169.45, 264.0, 168.0]
rec: 2010.....................
text_instance: 1
bbox: [253, 175, 98, 26]
bezier_pts: [253.0, 175.0, 283.66, 174.65, 319.35, 189.11, 350.0, 175.0, 350.0, 199.0, 317.93, 199.55, 284.62, 200.99, 253.0, 199.0]
rec: Olean....................
text_instance: 2
bbox: [227, 60, 72, 16]
bezier_pts: [227.0, 60.0, 250.67, 60.0, 274.33, 60.0, 298.0, 60.0, 298.0, 74.0, 273.87, 75.8, 250.84, 75.43, 227.0, 74.0]
rec: Annual...................
text_instance: 3
bbox: [131, 149, 81, 22]
bezier_pts: [133.0, 149.0, 160.32, 149.8, 184.58, 146.16, 211.0, 153.0, 210.0, 170.0, 183.67, 169.33, 157.33, 168.67, 131.0, 168.0]
rec: June.....................
text_instance: 4
bbox: [78, 176, 164, 26]
bezier_pts: [78.0, 176.0, 132.33, 177.0, 186.67, 178.0, 241.0, 179.0, 240.0, 200.0, 186.0, 200.0, 132.0, 200.0, 78.0, 200.0]
rec: Downtown.................
text_instance: 5
bbox: [144, 76, 206, 37]
bezier_pts: [144.0, 76.0, 208.82, 80.38, 282.49, 83.94, 349.0, 76.0, 349.0, 112.0, 280.67, 112.0, 212.33, 112.0, 144.0, 112.0]
rec: TESTICLE.................
text_instance: 6
bbox: [39, 175, 31, 25]
bezier_pts: [39.0, 175.0, 48.67, 175.33, 58.33, 175.67, 68.0, 176.0, 69.0, 199.0, 59.33, 198.67, 49.67, 198.33, 40.0, 198.0]
rec: In.......................
text_instance: 7
bbox: [223, 147, 27, 25]
bezier_pts: [224.0, 148.0, 232.0, 147.67, 240.0, 147.33, 248.0, 147.0, 249.0, 170.0, 240.24, 170.57, 231.52, 172.03, 223.0, 170.0]
rec: 5........................
text_instance: 8
bbox: [53, 63, 71, 36]
bezier_pts: [53.0, 63.0, 76.28, 64.71, 103.17, 62.95, 123.0, 79.0, 107.0, 98.0, 97.47, 75.11, 82.71, 80.5, 62.0, 82.0]
rec: OLEAN....................
text_instance: 9
bbox: [34, 129, 87, 40]
bezier_pts: [43.0, 134.0, 66.61, 154.91, 92.5, 160.53, 109.0, 129.0, 120.0, 148.0, 94.77, 177.36, 62.72, 169.86, 34.0, 152.0]
rec: JAYCEES..................
text_instance: 10
bbox: [133, 107, 222, 35]
bezier_pts: [140.0, 107.0, 209.67, 107.67, 279.33, 108.33, 349.0, 109.0, 354.0, 141.0, 282.24, 139.4, 203.24, 145.95, 133.0, 134.0]
rec: FESTIVAL.................
text_instance: 11
bbox: [186, 58, 37, 21]
bezier_pts: [186.0, 58.0, 198.26, 58.76, 209.91, 55.75, 222.0, 60.0, 221.0, 75.0, 210.12, 78.22, 198.89, 78.72, 188.0, 76.0]
rec: 17th.....................
text_instance: 12
bbox: [171, 214, 52, 13]
bezier_pts: [171.0, 215.0, 188.0, 215.0, 205.0, 215.0, 222.0, 215.0, 221.0, 225.0, 204.33, 225.0, 187.67, 225.0, 171.0, 225.0]
rec: LAMAR....................
text_instance: 13
bbox: [321, 211, 28, 11]
bezier_pts: [321.0, 212.0, 329.43, 212.0, 338.05, 212.0, 347.0, 212.0, 348.0, 220.0, 339.0, 220.33, 330.0, 220.67, 321.0, 221.0]
rec: 4058.....................
