text_instance: 0
bbox: [257, 209, 51, 68]
bezier_pts: [273.0, 209.0, 287.28, 222.94, 288.42, 242.13, 307.0, 252.0, 295.0, 276.0, 277.37, 260.87, 270.13, 238.48, 257.0, 219.0]
rec: HOME.....................
text_instance: 1
bbox: [315, 238, 98, 47]
bezier_pts: [317.0, 263.0, 345.14, 267.14, 373.2, 260.3, 393.0, 238.0, 412.0, 252.0, 386.56, 276.49, 351.55, 286.87, 315.0, 284.0]
rec: DOCTOR...................
text_instance: 2
bbox: [535, 26, 31, 10]
bezier_pts: [535.0, 26.0, 545.0, 26.0, 555.0, 26.0, 565.0, 26.0, 565.0, 35.0, 555.33, 35.0, 545.67, 35.0, 536.0, 35.0]
rec: LOVE.....................
text_instance: 3
bbox: [582, 26, 38, 11]
bezier_pts: [582.0, 26.0, 594.33, 26.0, 606.67, 26.0, 619.0, 26.0, 619.0, 35.0, 607.0, 35.0, 595.0, 35.0, 583.0, 35.0]
rec: SHARE....................
