text_instance: 0
bbox: [295, 217, 66, 40]
bezier_pts: [295.0, 217.0, 316.67, 217.0, 338.33, 217.0, 360.0, 217.0, 360.0, 255.0, 338.22, 255.28, 317.4, 256.92, 295.0, 255.0]
rec: 1981.....................
text_instance: 1
bbox: [214, 221, 74, 32]
bezier_pts: [214.0, 221.0, 238.33, 221.0, 262.67, 221.0, 287.0, 221.0, 287.0, 252.0, 262.67, 252.0, 238.33, 252.0, 214.0, 252.0]
rec: since....................
text_instance: 2
bbox: [72, 92, 116, 111]
bezier_pts: [72.0, 185.0, 100.07, 145.52, 124.4, 110.19, 171.0, 92.0, 187.0, 117.0, 153.84, 141.3, 117.6, 169.37, 91.0, 202.0]
rec: MATTAR...................
text_instance: 3
bbox: [185, 69, 96, 44]
bezier_pts: [185.0, 85.0, 212.56, 74.33, 241.89, 69.0, 273.0, 69.0, 280.0, 96.0, 252.0, 101.33, 224.0, 106.67, 196.0, 112.0]
rec: ROAD.....................
text_instance: 4
bbox: [340, 75, 161, 132]
bezier_pts: [348.0, 75.0, 410.72, 92.1, 473.1, 131.41, 500.0, 192.0, 474.0, 206.0, 448.84, 150.11, 393.27, 119.35, 340.0, 100.0]
rec: SIGNBOARD................
text_instance: 5
bbox: [282, 69, 56, 34]
bezier_pts: [285.0, 69.0, 302.02, 69.17, 320.61, 68.15, 337.0, 72.0, 336.0, 102.0, 318.0, 101.0, 300.0, 100.0, 282.0, 99.0]
rec: No.......................
