text_instance: 0
bbox: [169, 83, 56, 23]
bezier_pts: [169.0, 83.0, 187.33, 83.0, 205.67, 83.0, 224.0, 83.0, 224.0, 103.0, 205.18, 104.59, 187.13, 104.62, 169.0, 103.0]
rec: TONK.....................
text_instance: 1
bbox: [121, 35, 80, 30]
bezier_pts: [126.0, 35.0, 146.31, 49.15, 172.87, 52.18, 196.0, 38.0, 200.0, 48.0, 175.3, 74.85, 147.31, 64.02, 121.0, 50.0]
rec: WIDOWMAKER...............
text_instance: 2
bbox: [99, 44, 117, 39]
bezier_pts: [116.0, 44.0, 143.6, 63.98, 173.72, 72.42, 201.0, 51.0, 215.0, 67.0, 178.15, 95.11, 135.92, 78.59, 99.0, 59.0]
rec: RAWHIDE..................
text_instance: 3
bbox: [90, 76, 76, 27]
bezier_pts: [90.0, 76.0, 114.67, 77.67, 139.33, 79.33, 164.0, 81.0, 165.0, 102.0, 140.67, 100.67, 116.33, 99.33, 92.0, 98.0]
rec: HONKY....................
text_instance: 4
bbox: [350, 50, 66, 78]
bezier_pts: [350.0, 97.0, 366.32, 78.75, 386.65, 63.67, 408.0, 50.0, 415.0, 91.0, 394.09, 101.32, 378.6, 122.71, 354.0, 127.0]
rec: TONK.....................
text_instance: 5
bbox: [303, 98, 46, 63]
bezier_pts: [303.0, 131.0, 317.67, 120.0, 332.33, 109.0, 347.0, 98.0, 348.0, 131.0, 335.8, 144.19, 321.52, 155.98, 304.0, 160.0]
rec: HONKY....................
text_instance: 6
bbox: [176, 3, 27, 18]
bezier_pts: [187.0, 3.0, 192.0, 6.0, 197.0, 9.0, 202.0, 12.0, 195.0, 20.0, 187.19, 16.34, 181.36, 9.88, 176.0, 3.0]
rec: THE......................
