text_instance: 0
bbox: [229, 1091, 208, 35]
bezier_pts: [229.0, 1091.0, 298.0, 1091.0, 367.0, 1091.0, 436.0, 1091.0, 436.0, 1122.0, 366.58, 1124.3, 296.96, 1122.83, 229.0, 1122.0]
rec: 6048991582...............
text_instance: 1
bbox: [435, 121, 99, 28]
bezier_pts: [435.0, 121.0, 467.67, 121.0, 500.33, 121.0, 533.0, 121.0, 533.0, 146.0, 500.33, 146.0, 467.67, 146.0, 435.0, 146.0]
rec: CENT.....................
text_instance: 2
bbox: [312, 116, 108, 32]
bezier_pts: [312.0, 116.0, 347.67, 116.0, 383.33, 116.0, 419.0, 116.0, 419.0, 144.0, 383.15, 146.49, 348.28, 145.89, 312.0, 144.0]
rec: JAPAN....................
text_instance: 3
bbox: [301, 914, 125, 37]
bezier_pts: [301.0, 914.0, 342.33, 914.0, 383.67, 914.0, 425.0, 914.0, 425.0, 948.0, 382.87, 949.65, 341.62, 949.66, 301.0, 948.0]
rec: COMBO....................
text_instance: 4
bbox: [156, 738, 197, 48]
bezier_pts: [156.0, 738.0, 221.33, 738.0, 286.67, 738.0, 352.0, 738.0, 352.0, 784.0, 286.67, 784.0, 221.33, 784.0, 156.0, 784.0]
rec: Mongolian................
text_instance: 5
bbox: [777, 220, 154, 33]
bezier_pts: [777.0, 220.0, 828.0, 220.0, 879.0, 220.0, 930.0, 220.0, 930.0, 252.0, 879.0, 252.0, 828.0, 252.0, 777.0, 252.0]
rec: CASHMONEY................
text_instance: 6
bbox: [384, 489, 82, 31]
bezier_pts: [384.0, 489.0, 411.0, 489.0, 438.0, 489.0, 465.0, 489.0, 465.0, 518.0, 437.96, 518.78, 410.41, 518.83, 384.0, 518.0]
rec: ONIGIR...................
text_instance: 7
bbox: [354, 738, 89, 44]
bezier_pts: [354.0, 738.0, 383.33, 738.0, 412.67, 738.0, 442.0, 738.0, 442.0, 780.0, 412.5, 780.32, 383.75, 782.12, 354.0, 780.0]
rec: BBQ......................
text_instance: 8
bbox: [167, 837, 131, 36]
bezier_pts: [167.0, 837.0, 210.33, 837.0, 253.67, 837.0, 297.0, 837.0, 297.0, 870.0, 253.74, 871.76, 210.8, 871.46, 167.0, 870.0]
rec: COMBO....................
text_instance: 9
bbox: [170, 916, 120, 37]
bezier_pts: [170.0, 916.0, 209.67, 916.0, 249.33, 916.0, 289.0, 916.0, 289.0, 949.0, 249.55, 951.69, 210.22, 951.75, 170.0, 949.0]
rec: DINNER...................
text_instance: 10
bbox: [455, 593, 96, 34]
bezier_pts: [455.0, 593.0, 486.67, 593.0, 518.33, 593.0, 550.0, 593.0, 550.0, 625.0, 519.53, 625.15, 486.92, 625.02, 455.0, 625.0]
rec: NBINIYA..................
text_instance: 11
bbox: [178, 881, 140, 34]
bezier_pts: [178.0, 881.0, 224.33, 881.0, 270.67, 881.0, 317.0, 881.0, 317.0, 912.0, 270.08, 914.75, 224.11, 914.7, 178.0, 912.0]
rec: HEALTHY..................
text_instance: 12
bbox: [277, 952, 134, 58]
bezier_pts: [277.0, 952.0, 321.33, 952.0, 365.67, 952.0, 410.0, 952.0, 410.0, 1007.0, 364.98, 1008.96, 321.74, 1009.59, 277.0, 1007.0]
rec: 1095.....................
text_instance: 13
bbox: [442, 309, 124, 62]
bezier_pts: [442.0, 309.0, 483.0, 309.0, 524.0, 309.0, 565.0, 309.0, 565.0, 368.0, 524.0, 368.0, 483.0, 368.0, 442.0, 368.0]
rec: JAPAN....................
text_instance: 14
bbox: [326, 811, 112, 54]
bezier_pts: [326.0, 811.0, 363.0, 811.0, 400.0, 811.0, 437.0, 811.0, 437.0, 861.0, 399.6, 863.82, 363.27, 863.84, 326.0, 861.0]
rec: 995......................
text_instance: 15
bbox: [168, 1093, 55, 31]
bezier_pts: [168.0, 1093.0, 186.0, 1093.0, 204.0, 1093.0, 222.0, 1093.0, 222.0, 1122.0, 203.51, 1122.22, 186.57, 1121.93, 168.0, 1122.0]
rec: TEL......................
text_instance: 16
bbox: [212, 1018, 73, 32]
bezier_pts: [212.0, 1018.0, 236.0, 1018.0, 260.0, 1018.0, 284.0, 1018.0, 284.0, 1047.0, 260.24, 1048.5, 235.72, 1048.66, 212.0, 1047.0]
rec: KIDS.....................
text_instance: 17
bbox: [848, 286, 92, 28]
bezier_pts: [848.0, 286.0, 878.33, 286.0, 908.67, 286.0, 939.0, 286.0, 939.0, 311.0, 908.06, 313.73, 877.61, 313.69, 848.0, 311.0]
rec: ADVANCE..................
text_instance: 18
bbox: [171, 1054, 90, 31]
bezier_pts: [171.0, 1054.0, 200.67, 1054.0, 230.33, 1054.0, 260.0, 1054.0, 260.0, 1082.0, 230.57, 1083.4, 200.22, 1083.79, 171.0, 1082.0]
rec: EATIN....................
text_instance: 19
bbox: [171, 801, 116, 37]
bezier_pts: [171.0, 801.0, 209.33, 801.0, 247.67, 801.0, 286.0, 801.0, 286.0, 835.0, 248.03, 836.43, 208.95, 836.62, 171.0, 835.0]
rec: LUNCH....................
text_instance: 20
bbox: [317, 880, 103, 33]
bezier_pts: [317.0, 880.0, 351.0, 880.0, 385.0, 880.0, 419.0, 880.0, 419.0, 910.0, 385.32, 911.67, 350.51, 911.33, 317.0, 910.0]
rec: FOODS....................
text_instance: 21
bbox: [761, 290, 79, 26]
bezier_pts: [761.0, 290.0, 787.0, 290.0, 813.0, 290.0, 839.0, 290.0, 839.0, 312.0, 813.2, 314.94, 787.43, 314.78, 761.0, 312.0]
rec: PAYDAY...................
text_instance: 22
bbox: [292, 1052, 73, 32]
bezier_pts: [292.0, 1052.0, 316.0, 1052.0, 340.0, 1052.0, 364.0, 1052.0, 364.0, 1081.0, 340.0, 1081.0, 316.0, 1081.0, 292.0, 1081.0]
rec: TAKE.....................
text_instance: 23
bbox: [314, 1017, 65, 29]
bezier_pts: [314.0, 1017.0, 335.33, 1017.0, 356.67, 1017.0, 378.0, 1017.0, 378.0, 1043.0, 356.67, 1043.0, 335.33, 1043.0, 314.0, 1043.0]
rec: 875......................
text_instance: 24
bbox: [365, 1052, 64, 31]
bezier_pts: [365.0, 1052.0, 386.0, 1052.0, 407.0, 1052.0, 428.0, 1052.0, 428.0, 1081.0, 407.0, 1081.0, 386.0, 1081.0, 365.0, 1081.0]
rec: OUT......................
text_instance: 25
bbox: [348, 91, 198, 29]
bezier_pts: [348.0, 91.0, 413.0, 91.0, 478.0, 91.0, 543.0, 91.0, 545.0, 119.0, 480.33, 119.0, 415.67, 119.0, 351.0, 119.0]
rec: KONBINIYA................
text_instance: 26
bbox: [643, 44, 75, 208]
bezier_pts: [643.0, 251.0, 646.75, 184.74, 646.75, 110.41, 643.0, 44.0, 713.0, 44.0, 717.89, 113.22, 712.11, 184.0, 717.0, 251.0]
rec: CASH.....................
text_instance: 27
bbox: [630, 271, 104, 28]
bezier_pts: [630.0, 276.0, 662.0, 274.33, 694.0, 272.67, 726.0, 271.0, 733.0, 293.0, 700.33, 294.67, 667.67, 296.33, 635.0, 298.0]
rec: GEOMANIA.................
text_instance: 28
bbox: [152, 540, 290, 89]
bezier_pts: [152.0, 578.0, 242.22, 525.41, 347.45, 528.86, 441.0, 583.0, 415.0, 627.0, 338.1, 579.37, 246.11, 577.9, 171.0, 628.0]
rec: ROBSON...................
text_instance: 29
bbox: [450, 290, 66, 32]
bezier_pts: [450.0, 290.0, 471.0, 290.67, 492.0, 291.33, 513.0, 292.0, 515.0, 321.0, 493.77, 320.83, 472.02, 321.64, 451.0, 320.0]
rec: WE.......................
text_instance: 30
bbox: [547, 471, 21, 23]
bezier_pts: [547.0, 473.0, 553.67, 469.45, 560.33, 469.45, 567.0, 473.0, 565.0, 490.0, 559.33, 491.0, 553.67, 492.0, 548.0, 493.0]
rec: N........................
