text_instance: 0
bbox: [254, 418, 208, 144]
bezier_pts: [455.0, 561.0, 373.88, 574.25, 295.49, 521.27, 254.0, 453.0, 303.0, 418.0, 349.32, 461.65, 398.73, 490.97, 461.0, 503.0]
rec: Hello....................
text_instance: 1
bbox: [221, 233, 99, 184]
bezier_pts: [228.0, 416.0, 208.37, 350.02, 231.01, 278.63, 281.0, 233.0, 319.0, 280.0, 262.0, 309.47, 289.87, 364.17, 290.0, 412.0]
rec: Kitty....................
text_instance: 2
bbox: [472, 150, 175, 111]
bezier_pts: [482.0, 150.0, 553.08, 151.92, 611.16, 176.9, 646.0, 240.0, 610.0, 260.0, 575.3, 210.94, 524.15, 204.03, 472.0, 187.0]
rec: Hello....................
text_instance: 3
bbox: [620, 252, 81, 186]
bezier_pts: [673.0, 252.0, 714.68, 305.33, 719.16, 381.95, 675.0, 437.0, 627.0, 394.0, 663.28, 353.91, 643.99, 305.52, 620.0, 267.0]
rec: Kitty....................
