text_instance: 0
bbox: [111, 251, 104, 104]
bezier_pts: [111.0, 348.0, 119.95, 291.33, 167.61, 274.88, 212.0, 251.0, 214.0, 276.0, 172.71, 280.14, 142.77, 311.06, 136.0, 354.0]
rec: EETIATOPIO...............
text_instance: 1
bbox: [226, 246, 124, 71]
bezier_pts: [231.0, 246.0, 278.12, 249.98, 336.81, 244.28, 349.0, 308.0, 317.0, 316.0, 320.36, 256.98, 263.26, 269.53, 226.0, 266.0]
rec: RESTAURANT...............
text_instance: 2
bbox: [220, 268, 55, 20]
bezier_pts: [222.0, 269.0, 239.29, 269.41, 256.8, 267.65, 274.0, 270.0, 269.0, 287.0, 252.67, 286.67, 236.33, 286.33, 220.0, 286.0]
rec: NERTOYN..................
text_instance: 3
bbox: [203, 342, 53, 25]
bezier_pts: [210.0, 349.0, 220.49, 359.56, 243.65, 356.95, 240.0, 342.0, 255.0, 346.0, 244.49, 360.57, 220.24, 375.71, 203.0, 360.0]
rec: KARYONI..................
text_instance: 4
bbox: [163, 359, 31, 22]
bezier_pts: [171.0, 359.0, 178.33, 362.0, 185.67, 365.0, 193.0, 368.0, 193.0, 380.0, 182.55, 380.32, 172.51, 376.89, 163.0, 374.0]
rec: OIA......................
text_instance: 5
bbox: [203, 335, 90, 48]
bezier_pts: [203.0, 367.0, 234.06, 363.94, 259.76, 361.51, 279.0, 335.0, 292.0, 343.0, 271.79, 370.78, 235.24, 378.28, 203.0, 382.0]
rec: SANTORINI................
text_instance: 6
bbox: [119, 355, 70, 53]
bezier_pts: [138.0, 355.0, 149.39, 374.37, 167.97, 379.93, 188.0, 380.0, 180.0, 407.0, 157.82, 401.22, 133.68, 397.88, 119.0, 378.0]
rec: KING.....................
text_instance: 7
bbox: [196, 327, 142, 82]
bezier_pts: [200.0, 377.0, 248.09, 381.04, 283.56, 357.31, 316.0, 327.0, 337.0, 343.0, 300.62, 380.55, 248.01, 405.56, 196.0, 408.0]
rec: NEPTUNE..................
text_instance: 8
bbox: [185, 278, 37, 22]
bezier_pts: [185.0, 291.0, 195.49, 284.76, 206.77, 282.71, 218.0, 278.0, 221.0, 285.0, 210.67, 289.67, 200.33, 294.33, 190.0, 299.0]
rec: KINTR....................
