text_instance: 0
bbox: [220, 174, 146, 44]
bezier_pts: [220.0, 184.0, 268.0, 180.67, 316.0, 177.33, 364.0, 174.0, 365.0, 208.0, 318.33, 211.0, 271.67, 214.0, 225.0, 217.0]
rec: TESCO....................
text_instance: 1
bbox: [180, 295, 147, 56]
bezier_pts: [180.0, 304.0, 228.1, 286.77, 281.5, 288.7, 326.0, 319.0, 299.0, 350.0, 265.37, 329.35, 223.09, 343.71, 187.0, 337.0]
rec: ONLY.....................
text_instance: 2
bbox: [92, 325, 75, 84]
bezier_pts: [166.0, 348.0, 147.89, 364.46, 135.16, 384.38, 127.0, 408.0, 92.0, 394.0, 107.56, 370.48, 118.85, 345.52, 138.0, 325.0]
rec: FOR......................
text_instance: 3
bbox: [156, 443, 151, 67]
bezier_pts: [160.0, 443.0, 208.67, 449.33, 257.33, 455.67, 306.0, 462.0, 301.0, 509.0, 254.44, 503.71, 200.78, 511.92, 156.0, 491.0]
rec: sen......................
text_instance: 4
bbox: [88, 407, 105, 149]
bezier_pts: [125.0, 412.0, 123.85, 466.71, 144.28, 506.1, 192.0, 534.0, 172.0, 555.0, 104.6, 529.39, 97.64, 467.14, 88.0, 407.0]
rec: DELIVERY.................
text_instance: 5
bbox: [181, 534, 72, 39]
bezier_pts: [189.0, 534.0, 205.67, 536.33, 222.33, 538.67, 239.0, 541.0, 252.0, 572.0, 227.69, 570.07, 205.05, 564.93, 181.0, 559.0]
rec: VIA......................
text_instance: 6
bbox: [250, 503, 104, 66]
bezier_pts: [250.0, 540.0, 278.84, 532.07, 305.77, 530.82, 324.0, 503.0, 353.0, 512.0, 332.93, 546.63, 302.19, 576.71, 259.0, 566.0]
rec: YOUR.....................
text_instance: 7
bbox: [331, 346, 59, 163]
bezier_pts: [331.0, 489.0, 364.13, 447.2, 343.01, 405.2, 332.0, 361.0, 364.0, 346.0, 398.37, 398.2, 388.29, 455.75, 371.0, 508.0]
rec: VENDOR...................
text_instance: 8
bbox: [81, 486, 50, 62]
bezier_pts: [93.0, 486.0, 104.1, 504.21, 123.22, 514.52, 130.0, 535.0, 124.0, 547.0, 108.16, 528.96, 91.54, 508.8, 81.0, 486.0]
rec: minimum..................
text_instance: 9
bbox: [121, 536, 49, 37]
bezier_pts: [128.0, 536.0, 141.67, 543.67, 155.33, 551.33, 169.0, 559.0, 167.0, 572.0, 150.78, 563.87, 135.76, 555.14, 121.0, 545.0]
rec: service..................
text_instance: 10
bbox: [247, 557, 66, 33]
bezier_pts: [247.0, 574.0, 264.67, 568.33, 282.33, 562.67, 300.0, 557.0, 312.0, 572.0, 292.17, 579.62, 271.72, 585.37, 251.0, 589.0]
rec: imposed..................
text_instance: 11
bbox: [324, 527, 39, 36]
bezier_pts: [324.0, 549.0, 336.46, 547.43, 346.2, 539.47, 349.0, 527.0, 362.0, 543.0, 353.0, 549.33, 344.0, 555.67, 335.0, 562.0]
rec: your.....................
text_instance: 12
bbox: [350, 503, 40, 37]
bezier_pts: [350.0, 528.0, 358.33, 519.67, 366.67, 511.33, 375.0, 503.0, 389.0, 511.0, 380.86, 522.57, 370.93, 532.03, 359.0, 539.0]
rec: news.....................
text_instance: 13
bbox: [375, 453, 39, 56]
bezier_pts: [375.0, 496.0, 386.3, 485.47, 388.78, 468.53, 392.0, 453.0, 413.0, 461.0, 401.05, 473.67, 403.33, 498.44, 387.0, 508.0]
rec: vendor...................
text_instance: 14
bbox: [172, 359, 146, 106]
bezier_pts: [179.0, 359.0, 227.52, 362.53, 272.43, 368.54, 317.0, 382.0, 297.0, 464.0, 255.15, 457.72, 214.12, 451.33, 172.0, 443.0]
rec: 30.......................
text_instance: 15
bbox: [1, 204, 22, 22]
bezier_pts: [1.0, 207.0, 7.57, 202.72, 14.65, 203.47, 22.0, 205.0, 22.0, 223.0, 15.67, 223.67, 9.33, 224.33, 3.0, 225.0]
rec: YS.......................
text_instance: 16
bbox: [80, 470, 21, 19]
bezier_pts: [95.0, 470.0, 98.3, 473.73, 98.77, 478.7, 100.0, 483.0, 85.0, 488.0, 83.33, 483.0, 81.67, 478.0, 80.0, 473.0]
rec: A........................
text_instance: 17
bbox: [170, 562, 28, 23]
bezier_pts: [175.0, 562.0, 182.33, 565.33, 189.67, 568.67, 197.0, 572.0, 191.0, 584.0, 184.0, 580.0, 177.0, 576.0, 170.0, 572.0]
rec: fee......................
text_instance: 18
bbox: [195, 573, 32, 16]
bezier_pts: [196.0, 573.0, 206.32, 574.41, 215.92, 575.13, 226.0, 577.0, 225.0, 588.0, 214.5, 587.96, 204.5, 584.47, 195.0, 582.0]
rec: may......................
text_instance: 19
bbox: [228, 575, 21, 14]
bezier_pts: [228.0, 575.0, 234.67, 575.33, 241.33, 575.67, 248.0, 576.0, 248.0, 588.0, 241.44, 588.05, 234.56, 588.62, 228.0, 586.0]
rec: be.......................
text_instance: 20
bbox: [308, 551, 24, 21]
bezier_pts: [308.0, 559.0, 313.67, 556.33, 319.33, 553.67, 325.0, 551.0, 331.0, 563.0, 326.2, 568.02, 319.98, 570.44, 313.0, 570.0]
rec: by.......................
