text_instance: 0
bbox: [245, 418, 257, 95]
bezier_pts: [245.0, 418.0, 330.33, 418.0, 415.67, 418.0, 501.0, 418.0, 501.0, 510.0, 415.67, 510.0, 330.33, 510.0, 245.0, 510.0]
rec: DRY......................
text_instance: 1
bbox: [751, 534, 91, 32]
bezier_pts: [751.0, 534.0, 781.0, 534.0, 811.0, 534.0, 841.0, 534.0, 841.0, 564.0, 811.3, 565.64, 781.42, 565.52, 751.0, 564.0]
rec: TEL......................
text_instance: 2
bbox: [229, 224, 300, 128]
bezier_pts: [229.0, 302.0, 324.89, 185.08, 456.07, 194.06, 528.0, 331.0, 493.0, 351.0, 433.34, 249.32, 333.82, 238.17, 262.0, 339.0]
rec: PLEASANT.................
text_instance: 3
bbox: [584, 436, 442, 106]
bezier_pts: [587.0, 436.0, 732.0, 441.33, 877.0, 446.67, 1022.0, 452.0, 1025.0, 541.0, 878.0, 537.0, 731.0, 533.0, 584.0, 529.0]
rec: CLEANE...................
