text_instance: 0
bbox: [136, 107, 85, 74]
bezier_pts: [136.0, 136.0, 168.72, 70.13, 206.13, 125.23, 220.0, 173.0, 210.0, 180.0, 200.41, 148.82, 179.9, 117.99, 156.0, 157.0]
rec: BMW......................
text_instance: 1
bbox: [480, 256, 267, 222]
bezier_pts: [480.0, 256.0, 568.6, 290.08, 656.14, 337.64, 740.0, 381.0, 746.0, 477.0, 657.43, 447.37, 570.36, 415.03, 484.0, 380.0]
rec: NaraBMW..................
text_instance: 2
bbox: [345, 221, 29, 102]
bezier_pts: [351.0, 221.0, 359.07, 219.89, 365.98, 224.59, 373.0, 227.0, 364.0, 322.0, 357.67, 320.33, 351.33, 318.67, 345.0, 317.0]
rec: i........................
text_instance: 3
bbox: [557, 587, 38, 78]
bezier_pts: [557.0, 590.0, 560.67, 612.99, 558.55, 640.98, 566.0, 664.0, 594.0, 661.0, 595.58, 635.71, 589.22, 610.92, 586.0, 587.0]
rec: BMW......................
text_instance: 4
bbox: [530, 596, 34, 54]
bezier_pts: [530.0, 597.0, 530.28, 615.15, 536.65, 631.39, 535.0, 649.0, 563.0, 647.0, 565.1, 630.1, 556.32, 613.56, 557.0, 596.0]
rec: 100......................
text_instance: 5
bbox: [537, 654, 29, 20]
bezier_pts: [537.0, 655.0, 536.11, 658.1, 536.99, 661.95, 540.0, 673.0, 564.0, 673.0, 567.95, 670.68, 561.9, 664.29, 563.0, 654.0]
rec: Y........................
