text_instance: 0
bbox: [123, 488, 73, 29]
bezier_pts: [123.0, 488.0, 147.0, 488.0, 171.0, 488.0, 195.0, 488.0, 195.0, 515.0, 170.94, 515.65, 146.83, 515.61, 123.0, 515.0]
rec: Studio...................
text_instance: 1
bbox: [205, 499, 29, 18]
bezier_pts: [205.0, 499.0, 214.33, 499.0, 223.67, 499.0, 233.0, 499.0, 233.0, 514.0, 223.67, 515.78, 214.33, 515.78, 205.0, 514.0]
rec: Open.....................
text_instance: 2
bbox: [249, 495, 76, 23]
bezier_pts: [249.0, 495.0, 274.0, 495.0, 299.0, 495.0, 324.0, 495.0, 324.0, 514.0, 298.76, 516.98, 274.02, 516.83, 249.0, 514.0]
rec: Appointment..............
text_instance: 3
bbox: [89, 108, 63, 74]
bezier_pts: [89.0, 169.0, 102.48, 147.53, 110.71, 118.57, 138.0, 108.0, 151.0, 126.0, 136.77, 141.53, 121.45, 159.95, 117.0, 181.0]
rec: Belle....................
text_instance: 4
bbox: [144, 79, 75, 42]
bezier_pts: [144.0, 89.0, 167.24, 80.65, 192.93, 75.86, 218.0, 81.0, 212.0, 105.0, 192.08, 108.01, 171.3, 107.68, 155.0, 120.0]
rec: Mere.....................
text_instance: 5
bbox: [216, 71, 62, 81]
bezier_pts: [223.0, 71.0, 259.75, 76.07, 265.16, 108.2, 277.0, 132.0, 262.0, 151.0, 251.21, 132.12, 235.95, 115.32, 216.0, 105.0]
rec: Farm.....................
text_instance: 6
bbox: [101, 310, 72, 31]
bezier_pts: [101.0, 320.0, 124.0, 316.67, 147.0, 313.33, 170.0, 310.0, 172.0, 331.0, 148.84, 335.02, 127.19, 337.48, 104.0, 340.0]
rec: ALPACA...................
text_instance: 7
bbox: [193, 293, 76, 36]
bezier_pts: [193.0, 309.0, 217.67, 303.67, 242.33, 298.33, 267.0, 293.0, 268.0, 314.0, 245.0, 318.67, 222.0, 323.33, 199.0, 328.0]
rec: LLAMAS...................
text_instance: 8
bbox: [60, 489, 60, 29]
bezier_pts: [60.0, 493.0, 79.67, 491.67, 99.33, 490.33, 119.0, 489.0, 119.0, 514.0, 101.21, 517.18, 83.17, 516.99, 66.0, 515.0]
rec: Farm.....................
text_instance: 9
bbox: [223, 470, 91, 26]
bezier_pts: [223.0, 476.0, 252.67, 474.0, 282.33, 472.0, 312.0, 470.0, 313.0, 490.0, 284.9, 493.62, 255.91, 494.83, 227.0, 493.0]
rec: 9083599387...............
text_instance: 10
bbox: [237, 499, 17, 19]
bezier_pts: [237.0, 499.0, 242.33, 499.49, 247.67, 497.45, 253.0, 500.0, 252.0, 516.0, 246.95, 517.72, 241.73, 517.65, 237.0, 516.0]
rec: By.......................
