text_instance: 0
bbox: [19, 320, 621, 221]
bezier_pts: [19.0, 365.0, 237.7, 263.83, 453.5, 329.59, 639.0, 476.0, 605.0, 540.0, 433.71, 403.73, 224.65, 329.35, 20.0, 429.0]
rec: GILHOOLEYS...............
text_instance: 1
bbox: [178, 438, 81, 30]
bezier_pts: [178.0, 438.0, 204.67, 438.49, 231.34, 436.78, 258.0, 439.0, 257.0, 465.0, 231.41, 467.63, 206.07, 467.9, 181.0, 465.0]
rec: SPORTS...................
text_instance: 2
bbox: [265, 440, 43, 35]
bezier_pts: [266.0, 440.0, 279.85, 442.51, 294.76, 437.47, 307.0, 449.0, 307.0, 472.0, 292.64, 473.1, 278.62, 471.05, 265.0, 466.0]
rec: BAR......................
text_instance: 3
bbox: [338, 459, 66, 47]
bezier_pts: [343.0, 459.0, 365.25, 462.49, 382.9, 470.58, 403.0, 481.0, 397.0, 505.0, 377.33, 498.0, 357.67, 491.0, 338.0, 484.0]
rec: GRILL....................
