text_instance: 0
bbox: [732, 424, 97, 63]
bezier_pts: [732.0, 424.0, 764.0, 424.0, 796.0, 424.0, 828.0, 424.0, 828.0, 485.0, 795.83, 486.47, 764.52, 486.64, 732.0, 485.0]
rec: 2012.....................
text_instance: 1
bbox: [488, 516, 259, 31]
bezier_pts: [488.0, 516.0, 574.0, 516.0, 660.0, 516.0, 746.0, 516.0, 746.0, 544.0, 659.62, 544.39, 574.65, 545.89, 488.0, 544.0]
rec: SUMMERFESTCOM............
text_instance: 2
bbox: [495, 431, 87, 61]
bezier_pts: [495.0, 431.0, 523.67, 431.0, 552.33, 431.0, 581.0, 431.0, 581.0, 489.0, 552.71, 491.69, 523.49, 491.71, 495.0, 489.0]
rec: CHANNEL..................
text_instance: 3
bbox: [700, 364, 101, 64]
bezier_pts: [700.0, 364.0, 733.33, 364.0, 766.67, 364.0, 800.0, 364.0, 800.0, 427.0, 766.67, 427.0, 733.33, 427.0, 700.0, 427.0]
rec: JULY.....................
text_instance: 4
bbox: [971, 566, 47, 21]
bezier_pts: [971.0, 566.0, 986.33, 566.0, 1001.67, 566.0, 1017.0, 566.0, 1017.0, 584.0, 1001.78, 586.06, 986.47, 584.25, 971.0, 584.0]
rec: CLEAR....................
text_instance: 5
bbox: [60, 216, 403, 335]
bezier_pts: [86.0, 276.0, 201.81, 244.4, 330.92, 242.16, 452.0, 216.0, 462.0, 441.0, 339.24, 514.33, 191.74, 511.39, 60.0, 550.0]
rec: 45th.....................
text_instance: 6
bbox: [220, 447, 219, 100]
bezier_pts: [230.0, 494.0, 295.58, 535.98, 369.13, 506.69, 411.0, 447.0, 438.0, 470.0, 383.85, 537.94, 307.0, 570.96, 220.0, 529.0]
rec: 19682012.................
text_instance: 7
bbox: [475, 205, 342, 111]
bezier_pts: [485.0, 230.0, 597.08, 218.6, 701.99, 212.5, 812.0, 205.0, 816.0, 294.0, 702.33, 301.0, 588.67, 308.0, 475.0, 315.0]
rec: SUMMERFEST...............
text_instance: 8
bbox: [485, 288, 339, 47]
bezier_pts: [485.0, 311.0, 595.67, 303.33, 706.33, 295.67, 817.0, 288.0, 823.0, 315.0, 713.47, 323.2, 601.35, 330.29, 489.0, 334.0]
rec: THEWORLDSLARGEST.........
text_instance: 9
bbox: [484, 329, 132, 38]
bezier_pts: [484.0, 340.0, 528.11, 331.29, 569.06, 330.34, 615.0, 329.0, 615.0, 354.0, 571.46, 358.45, 528.03, 361.72, 485.0, 366.0]
rec: MUSIC....................
text_instance: 10
bbox: [622, 317, 204, 38]
bezier_pts: [622.0, 328.0, 688.33, 324.33, 754.67, 320.67, 821.0, 317.0, 825.0, 344.0, 757.5, 348.49, 690.81, 351.9, 622.0, 354.0]
rec: FESTIVAL.................
text_instance: 11
bbox: [481, 371, 104, 65]
bezier_pts: [481.0, 380.0, 515.0, 377.0, 549.0, 374.0, 583.0, 371.0, 584.0, 435.0, 551.67, 435.0, 519.33, 435.0, 487.0, 435.0]
rec: JUNE.....................
text_instance: 12
bbox: [766, 514, 57, 42]
bezier_pts: [766.0, 527.0, 784.67, 522.67, 803.33, 518.33, 822.0, 514.0, 821.0, 539.0, 804.0, 544.33, 787.0, 549.67, 770.0, 555.0]
rec: Lite.....................
text_instance: 13
bbox: [1021, 566, 68, 24]
bezier_pts: [1021.0, 566.0, 1043.33, 566.33, 1065.67, 566.67, 1088.0, 567.0, 1086.0, 585.0, 1064.67, 586.33, 1043.33, 587.67, 1022.0, 589.0]
rec: CHANNEL..................
text_instance: 14
bbox: [600, 377, 46, 54]
bezier_pts: [600.0, 378.0, 614.49, 375.89, 629.74, 377.36, 645.0, 377.0, 641.0, 428.0, 627.67, 428.67, 614.33, 429.33, 601.0, 430.0]
rec: 27.......................
text_instance: 15
bbox: [594, 435, 25, 55]
bezier_pts: [594.0, 437.0, 601.08, 435.49, 609.04, 435.06, 616.0, 436.0, 618.0, 488.0, 610.0, 488.33, 602.0, 488.67, 594.0, 489.0]
rec: 3........................
text_instance: 16
bbox: [677, 434, 26, 54]
bezier_pts: [677.0, 434.0, 685.0, 434.0, 693.0, 434.0, 701.0, 434.0, 702.0, 485.0, 693.31, 486.61, 685.39, 488.06, 677.0, 486.0]
rec: 8........................
text_instance: 17
bbox: [1089, 559, 28, 15]
bezier_pts: [1089.0, 560.0, 1097.43, 558.59, 1106.05, 557.63, 1115.0, 560.0, 1116.0, 572.0, 1107.18, 572.23, 1097.73, 572.86, 1089.0, 571.0]
rec: 991......................
text_instance: 18
bbox: [1039, 594, 83, 14]
bezier_pts: [1039.0, 594.0, 1066.33, 594.0, 1093.67, 594.0, 1121.0, 594.0, 1121.0, 606.0, 1094.03, 607.79, 1066.85, 606.37, 1039.0, 606.0]
rec: USDOT842470..............
