text_instance: 0
bbox: [8, 248, 117, 38]
bezier_pts: [8.0, 248.0, 46.0, 248.33, 84.0, 248.67, 122.0, 249.0, 124.0, 283.0, 87.24, 284.45, 50.23, 284.8, 13.0, 284.0]
rec: uperior..................
text_instance: 1
bbox: [126, 242, 155, 48]
bezier_pts: [126.0, 242.0, 178.82, 244.67, 227.18, 240.64, 280.0, 247.0, 278.0, 289.0, 227.67, 287.33, 177.33, 285.67, 127.0, 284.0]
rec: Washing..................
text_instance: 2
bbox: [277, 247, 85, 35]
bezier_pts: [277.0, 247.0, 305.0, 247.0, 333.0, 247.0, 361.0, 247.0, 359.0, 280.0, 332.15, 280.59, 303.79, 280.08, 277.0, 279.0]
rec: with.....................
text_instance: 3
bbox: [364, 247, 105, 45]
bezier_pts: [364.0, 247.0, 398.33, 247.33, 432.67, 247.67, 467.0, 248.0, 468.0, 291.0, 432.83, 290.48, 398.7, 291.16, 365.0, 288.0]
rec: Space....................
text_instance: 4
bbox: [473, 247, 114, 43]
bezier_pts: [473.0, 249.0, 510.67, 248.33, 548.33, 247.67, 586.0, 247.0, 584.0, 289.0, 547.67, 288.0, 511.33, 287.0, 475.0, 286.0]
rec: Saving...................
text_instance: 5
bbox: [642, 191, 54, 26]
bezier_pts: [642.0, 192.0, 659.67, 191.67, 677.33, 191.33, 695.0, 191.0, 689.0, 213.0, 673.19, 214.23, 657.71, 214.91, 642.0, 215.0]
rec: BIG......................
text_instance: 6
bbox: [617, 211, 96, 27]
bezier_pts: [618.0, 214.0, 648.67, 213.0, 679.33, 212.0, 710.0, 211.0, 712.0, 233.0, 680.63, 235.87, 648.73, 235.85, 617.0, 233.0]
rec: INSIDE...................
text_instance: 7
bbox: [317, 168, 79, 59]
bezier_pts: [317.0, 195.0, 338.18, 173.9, 366.75, 172.07, 393.0, 168.0, 395.0, 213.0, 376.37, 219.96, 357.34, 223.64, 338.0, 226.0]
rec: Big......................
text_instance: 8
bbox: [435, 133, 151, 64]
bezier_pts: [435.0, 139.0, 486.19, 127.78, 534.07, 135.48, 585.0, 147.0, 580.0, 177.0, 537.33, 183.33, 494.67, 189.67, 452.0, 196.0]
rec: System...................
text_instance: 9
bbox: [587, 365, 42, 15]
bezier_pts: [588.0, 365.0, 601.33, 366.0, 614.67, 367.0, 628.0, 368.0, 627.0, 379.0, 613.67, 378.0, 600.33, 377.0, 587.0, 376.0]
rec: CAUTION..................
text_instance: 10
bbox: [382, 146, 62, 53]
bezier_pts: [382.0, 158.0, 397.21, 152.59, 412.52, 148.38, 428.0, 146.0, 443.0, 183.0, 430.33, 188.0, 417.67, 193.0, 405.0, 198.0]
rec: in.......................
