text_instance: 0
bbox: [130, 18, 258, 144]
bezier_pts: [141.0, 18.0, 219.11, 36.99, 308.63, 57.28, 387.0, 80.0, 385.0, 161.0, 300.0, 143.67, 215.0, 126.33, 130.0, 109.0]
rec: THAM.....................
text_instance: 1
bbox: [160, 231, 56, 38]
bezier_pts: [167.0, 231.0, 180.33, 232.0, 193.67, 233.0, 207.0, 234.0, 215.0, 268.0, 196.67, 265.67, 178.33, 263.33, 160.0, 261.0]
rec: HA.......................
text_instance: 2
bbox: [35, 315, 78, 38]
bezier_pts: [42.0, 315.0, 64.33, 317.0, 86.67, 319.0, 109.0, 321.0, 112.0, 352.0, 86.59, 349.71, 59.99, 347.91, 35.0, 345.0]
rec: GQT......................
text_instance: 3
bbox: [410, 272, 124, 53]
bezier_pts: [410.0, 272.0, 450.33, 276.33, 490.67, 280.67, 531.0, 285.0, 533.0, 322.0, 493.83, 322.36, 454.73, 319.75, 416.0, 314.0]
rec: RANG.....................
text_instance: 4
bbox: [548, 287, 92, 54]
bezier_pts: [548.0, 287.0, 579.69, 291.36, 607.31, 294.8, 639.0, 301.0, 639.0, 340.0, 609.5, 339.07, 581.86, 335.31, 554.0, 331.0]
rec: HAM......................
text_instance: 5
bbox: [647, 302, 83, 48]
bezier_pts: [647.0, 302.0, 674.33, 305.67, 701.67, 309.33, 729.0, 313.0, 727.0, 346.0, 701.95, 346.88, 676.3, 346.5, 650.0, 345.0]
rec: MAT......................
text_instance: 6
bbox: [540, 343, 100, 57]
bezier_pts: [543.0, 343.0, 575.35, 343.21, 607.64, 348.31, 637.0, 360.0, 639.0, 399.0, 606.33, 396.23, 574.08, 394.18, 540.0, 390.0]
rec: AAu......................
text_instance: 7
bbox: [783, 414, 124, 64]
bezier_pts: [783.0, 430.0, 824.59, 416.04, 865.7, 417.3, 906.0, 414.0, 905.0, 452.0, 865.33, 460.33, 825.67, 468.67, 786.0, 477.0]
rec: STREET...................
text_instance: 8
bbox: [911, 413, 101, 50]
bezier_pts: [911.0, 414.0, 942.67, 413.67, 974.33, 413.33, 1006.0, 413.0, 1011.0, 462.0, 980.67, 460.33, 950.33, 458.67, 920.0, 457.0]
rec: FOOD.....................
text_instance: 9
bbox: [1013, 427, 149, 75]
bezier_pts: [1019.0, 427.0, 1068.77, 430.91, 1111.98, 449.75, 1161.0, 463.0, 1161.0, 501.0, 1111.67, 489.33, 1062.33, 477.67, 1013.0, 466.0]
rec: MARKET2015...............
text_instance: 10
bbox: [406, 89, 112, 92]
bezier_pts: [406.0, 89.0, 443.0, 98.33, 480.0, 107.67, 517.0, 117.0, 506.0, 180.0, 472.77, 172.99, 440.92, 166.87, 409.0, 157.0]
rec: MY.......................
text_instance: 11
bbox: [539, 126, 52, 71]
bezier_pts: [544.0, 126.0, 558.01, 125.21, 571.81, 127.63, 586.0, 131.0, 590.0, 196.0, 573.48, 193.47, 555.07, 190.09, 539.0, 186.0]
rec: A........................
text_instance: 12
bbox: [635, 149, 85, 75]
bezier_pts: [641.0, 149.0, 665.0, 154.22, 689.0, 153.23, 713.0, 162.0, 719.0, 223.0, 691.12, 218.46, 663.03, 212.94, 635.0, 204.0]
rec: AU.......................
text_instance: 13
bbox: [42, 3, 74, 93]
bezier_pts: [42.0, 3.0, 66.33, 7.67, 90.67, 12.33, 115.0, 17.0, 107.0, 95.0, 85.33, 91.0, 63.67, 87.0, 42.0, 83.0]
rec: N........................
text_instance: 14
bbox: [121, 321, 66, 34]
bezier_pts: [121.0, 321.0, 141.62, 322.2, 165.72, 323.86, 186.0, 327.0, 186.0, 354.0, 164.33, 352.33, 142.67, 350.67, 121.0, 349.0]
rec: HAM......................
text_instance: 15
bbox: [188, 329, 63, 33]
bezier_pts: [189.0, 329.0, 208.65, 330.61, 229.94, 330.76, 250.0, 334.0, 250.0, 360.0, 228.93, 361.29, 208.07, 359.48, 188.0, 355.0]
rec: TAO......................
text_instance: 16
bbox: [252, 336, 63, 32]
bezier_pts: [252.0, 336.0, 272.33, 338.0, 292.67, 340.0, 313.0, 342.0, 314.0, 367.0, 293.04, 367.56, 272.03, 365.11, 252.0, 360.0]
rec: MAT......................
text_instance: 17
bbox: [313, 342, 93, 34]
bezier_pts: [313.0, 342.0, 343.77, 342.55, 373.94, 347.75, 405.0, 350.0, 405.0, 375.0, 373.88, 371.3, 343.73, 368.0, 314.0, 361.0]
rec: V-LINE...................
text_instance: 18
bbox: [248, 502, 56, 25]
bezier_pts: [248.0, 505.0, 266.11, 500.18, 284.34, 501.46, 302.0, 505.0, 303.0, 524.0, 285.33, 524.67, 267.67, 525.33, 250.0, 526.0]
rec: VIEN.....................
text_instance: 19
bbox: [211, 240, 49, 30]
bezier_pts: [212.0, 240.0, 226.75, 241.61, 241.19, 241.75, 255.0, 245.0, 259.0, 267.0, 242.81, 268.71, 226.93, 267.23, 211.0, 263.0]
rec: GO.......................
text_instance: 20
bbox: [261, 247, 45, 28]
bezier_pts: [261.0, 247.0, 274.33, 248.33, 287.67, 249.67, 301.0, 251.0, 305.0, 273.0, 290.88, 274.11, 276.96, 271.4, 263.0, 270.0]
rec: MA.......................
