text_instance: 0
bbox: [11, 308, 332, 92]
bezier_pts: [12.0, 308.0, 122.0, 309.0, 232.0, 310.0, 342.0, 311.0, 341.0, 398.0, 229.82, 398.87, 119.42, 398.38, 11.0, 397.0]
rec: CAFE.....................
text_instance: 1
bbox: [506, 310, 309, 90]
bezier_pts: [506.0, 310.0, 604.0, 312.33, 702.0, 314.67, 800.0, 317.0, 814.0, 398.0, 715.0, 398.04, 616.5, 395.89, 517.0, 391.0]
rec: CRIE.....................
text_instance: 2
bbox: [623, 87, 40, 38]
bezier_pts: [623.0, 116.0, 633.88, 105.26, 647.19, 97.13, 659.0, 87.0, 662.0, 105.0, 654.33, 111.33, 646.67, 117.67, 639.0, 124.0]
rec: acup.....................
text_instance: 3
bbox: [685, 77, 75, 57]
bezier_pts: [690.0, 77.0, 717.88, 81.92, 749.12, 92.59, 759.0, 123.0, 740.0, 133.0, 729.28, 114.43, 709.67, 96.66, 685.0, 99.0]
rec: happiness................
text_instance: 4
bbox: [629, 164, 57, 52]
bezier_pts: [643.0, 164.0, 657.0, 173.67, 671.0, 183.33, 685.0, 193.0, 684.0, 215.0, 664.4, 206.7, 646.23, 196.18, 629.0, 183.0]
rec: CAFE.....................
text_instance: 5
bbox: [709, 168, 51, 48]
bezier_pts: [709.0, 192.0, 725.1, 190.63, 736.59, 187.18, 737.0, 168.0, 759.0, 179.0, 750.9, 199.7, 731.27, 204.74, 716.0, 215.0]
rec: CRIE.....................
text_instance: 6
bbox: [380, 310, 104, 92]
bezier_pts: [382.0, 312.0, 415.4, 308.75, 448.29, 310.82, 483.0, 312.0, 483.0, 400.0, 447.84, 401.38, 414.1, 400.02, 380.0, 396.0]
rec: de.......................
text_instance: 7
bbox: [688, 196, 20, 19]
bezier_pts: [688.0, 196.0, 694.33, 196.0, 700.67, 196.0, 707.0, 196.0, 707.0, 212.0, 700.78, 213.66, 694.33, 213.64, 688.0, 212.0]
rec: de.......................
text_instance: 8
bbox: [666, 80, 19, 20]
bezier_pts: [666.0, 82.0, 671.33, 80.48, 676.67, 79.63, 682.0, 80.0, 684.0, 97.0, 678.2, 98.04, 672.7, 98.9, 667.0, 99.0]
rec: of.......................
