text_instance: 0
bbox: [121, 448, 79, 127]
bezier_pts: [121.0, 574.0, 131.67, 531.44, 105.65, 476.14, 162.0, 448.0, 199.0, 461.0, 198.65, 497.5, 200.09, 531.7, 198.0, 567.0]
rec: The......................
text_instance: 1
bbox: [148, 294, 202, 157]
bezier_pts: [148.0, 405.0, 188.59, 340.13, 263.06, 286.33, 347.0, 294.0, 349.0, 349.0, 282.08, 356.35, 242.72, 404.75, 206.0, 450.0]
rec: Coffee...................
text_instance: 2
bbox: [360, 283, 186, 165]
bezier_pts: [360.0, 283.0, 435.71, 287.95, 503.7, 338.67, 545.0, 401.0, 512.0, 447.0, 481.15, 393.49, 424.2, 356.87, 361.0, 345.0]
rec: Bean.....................
text_instance: 3
bbox: [313, 665, 136, 79]
bezier_pts: [322.0, 665.0, 356.0, 667.33, 390.0, 669.67, 424.0, 672.0, 448.0, 735.0, 403.88, 734.14, 349.64, 764.2, 313.0, 724.0]
rec: Tea......................
text_instance: 4
bbox: [431, 531, 148, 189]
bezier_pts: [431.0, 662.0, 471.93, 626.9, 509.7, 584.28, 526.0, 531.0, 578.0, 577.0, 568.69, 647.01, 511.01, 684.18, 458.0, 719.0]
rec: Leaf.....................
text_instance: 5
bbox: [392, 700, 126, 79]
bezier_pts: [392.0, 746.0, 428.33, 730.67, 464.67, 715.33, 501.0, 700.0, 517.0, 714.0, 490.31, 758.88, 446.17, 769.44, 400.0, 778.0]
rec: Est1963..................
text_instance: 6
bbox: [8, 330, 69, 245]
bezier_pts: [8.0, 574.0, 7.21, 493.58, 9.99, 408.69, 11.0, 330.0, 76.0, 330.0, 69.38, 413.03, 89.6, 494.36, 62.0, 574.0]
rec: Bean.....................
text_instance: 7
bbox: [4, 584, 59, 261]
bezier_pts: [5.0, 844.0, 3.32, 758.43, 3.32, 668.2, 5.0, 584.0, 61.0, 590.0, 64.51, 679.25, 57.96, 756.29, 56.0, 844.0]
rec: Coffee...................
text_instance: 8
bbox: [6, 859, 59, 142]
bezier_pts: [7.0, 1000.0, 4.92, 953.2, 6.28, 905.25, 6.0, 859.0, 57.0, 861.0, 61.26, 907.7, 65.11, 947.58, 64.0, 995.0]
rec: The......................
text_instance: 9
bbox: [593, 180, 54, 131]
bezier_pts: [593.0, 247.0, 612.73, 227.09, 624.34, 203.33, 638.0, 180.0, 646.0, 257.0, 633.0, 274.67, 620.0, 292.33, 607.0, 310.0]
rec: KAFE.....................
text_instance: 10
bbox: [682, 567, 35, 30]
bezier_pts: [682.0, 567.0, 693.33, 567.33, 704.67, 567.67, 716.0, 568.0, 715.0, 596.0, 705.0, 595.67, 695.0, 595.33, 685.0, 595.0]
rec: WE.......................
text_instance: 11
bbox: [686, 599, 34, 34]
bezier_pts: [686.0, 600.0, 697.0, 599.67, 708.0, 599.33, 719.0, 599.0, 719.0, 630.0, 708.92, 632.2, 699.33, 631.62, 689.0, 630.0]
rec: WH.......................
text_instance: 12
bbox: [685, 638, 33, 84]
bezier_pts: [686.0, 638.0, 695.67, 638.0, 705.33, 638.0, 715.0, 638.0, 717.0, 720.0, 706.33, 720.0, 695.67, 720.0, 685.0, 720.0]
rec: B........................
text_instance: 13
bbox: [687, 725, 34, 31]
bezier_pts: [688.0, 726.0, 698.67, 725.67, 709.33, 725.33, 720.0, 725.0, 719.0, 754.0, 708.33, 754.0, 697.67, 754.0, 687.0, 754.0]
rec: COM......................
text_instance: 14
bbox: [527, 475, 19, 19]
bezier_pts: [527.0, 481.0, 529.89, 478.13, 533.25, 473.89, 538.0, 475.0, 545.0, 488.0, 540.91, 491.04, 536.07, 492.66, 531.0, 493.0]
rec: R........................
