text_instance: 0
bbox: [111, 138, 123, 120]
bezier_pts: [111.0, 229.0, 135.97, 183.0, 174.52, 144.9, 229.0, 138.0, 233.0, 180.0, 188.15, 185.72, 166.67, 231.1, 139.0, 257.0]
rec: lepee....................
text_instance: 1
bbox: [335, 139, 67, 136]
bezier_pts: [384.0, 139.0, 411.83, 179.14, 413.51, 231.25, 384.0, 272.0, 345.0, 274.0, 360.69, 241.65, 365.12, 201.98, 335.0, 178.0]
rec: bois.....................
text_instance: 2
bbox: [139, 298, 225, 101]
bezier_pts: [147.0, 354.0, 227.01, 377.05, 292.07, 358.25, 342.0, 298.0, 363.0, 329.0, 308.55, 392.41, 216.63, 413.13, 139.0, 388.0]
rec: JOUETS...................
text_instance: 3
bbox: [286, 117, 67, 58]
bezier_pts: [292.0, 117.0, 312.57, 122.05, 335.86, 114.75, 352.0, 135.0, 340.0, 174.0, 322.0, 170.33, 304.0, 166.67, 286.0, 163.0]
rec: de.......................
