text_instance: 0
bbox: [249, 98, 83, 24]
bezier_pts: [249.0, 98.0, 276.33, 98.0, 303.67, 98.0, 331.0, 98.0, 331.0, 120.0, 304.06, 121.61, 276.78, 121.52, 249.0, 120.0]
rec: CANADAS..................
text_instance: 1
bbox: [330, 266, 59, 24]
bezier_pts: [330.0, 266.0, 349.33, 266.0, 368.67, 266.0, 388.0, 266.0, 388.0, 287.0, 368.8, 287.44, 349.2, 289.22, 330.0, 287.0]
rec: North....................
text_instance: 2
bbox: [308, 298, 42, 18]
bezier_pts: [308.0, 298.0, 321.67, 298.0, 335.33, 298.0, 349.0, 298.0, 349.0, 313.0, 335.81, 314.95, 321.45, 315.67, 308.0, 313.0]
rec: grand....................
text_instance: 3
bbox: [197, 291, 46, 25]
bezier_pts: [197.0, 291.0, 212.0, 291.0, 227.0, 291.0, 242.0, 291.0, 242.0, 313.0, 227.0, 313.0, 212.0, 313.0, 197.0, 313.0]
rec: Nord.....................
text_instance: 4
bbox: [278, 265, 47, 25]
bezier_pts: [278.0, 265.0, 293.33, 265.0, 308.67, 265.0, 324.0, 265.0, 324.0, 288.0, 308.67, 288.0, 293.33, 288.0, 278.0, 288.0]
rec: True.....................
text_instance: 5
bbox: [247, 299, 31, 15]
bezier_pts: [247.0, 299.0, 257.0, 299.0, 267.0, 299.0, 277.0, 299.0, 277.0, 313.0, 267.0, 313.0, 257.0, 313.0, 247.0, 313.0]
rec: avec.....................
text_instance: 6
bbox: [241, 41, 73, 40]
bezier_pts: [241.0, 58.0, 263.5, 45.94, 287.54, 34.54, 313.0, 45.0, 307.0, 71.0, 288.38, 62.39, 268.89, 67.19, 254.0, 80.0]
rec: WELCOME..................
text_instance: 7
bbox: [157, 118, 262, 132]
bezier_pts: [157.0, 119.0, 244.0, 118.67, 331.0, 118.33, 418.0, 118.0, 415.0, 249.0, 331.63, 248.27, 247.3, 248.32, 164.0, 245.0]
rec: YUKON....................
text_instance: 8
bbox: [177, 267, 94, 23]
bezier_pts: [177.0, 267.0, 207.67, 267.0, 238.33, 267.0, 269.0, 267.0, 270.0, 287.0, 239.09, 287.04, 209.41, 288.45, 179.0, 286.0]
rec: Canadas..................
text_instance: 9
bbox: [317, 49, 20, 32]
bezier_pts: [321.0, 49.0, 326.11, 52.85, 332.7, 54.72, 336.0, 61.0, 321.0, 80.0, 318.09, 78.62, 319.78, 75.83, 317.0, 69.0]
rec: TO.......................
text_instance: 10
bbox: [170, 296, 26, 20]
bezier_pts: [172.0, 296.0, 179.67, 296.0, 187.33, 296.0, 195.0, 296.0, 194.0, 314.0, 186.0, 314.0, 178.0, 314.0, 170.0, 314.0]
rec: Le.......................
text_instance: 11
bbox: [283, 304, 20, 12]
bezier_pts: [283.0, 304.0, 289.33, 304.0, 295.67, 304.0, 302.0, 304.0, 302.0, 315.0, 295.67, 314.67, 289.33, 314.33, 283.0, 314.0]
rec: un.......................
text_instance: 12
bbox: [369, 296, 17, 20]
bezier_pts: [369.0, 297.0, 374.33, 296.67, 379.67, 296.33, 385.0, 296.0, 384.0, 314.0, 379.02, 315.64, 374.13, 315.59, 369.0, 314.0]
rec: N........................
text_instance: 13
bbox: [31, 424, 78, 18]
bezier_pts: [32.0, 425.0, 58.0, 423.35, 81.24, 423.11, 107.0, 425.0, 108.0, 440.0, 83.09, 441.63, 56.54, 441.0, 31.0, 441.0]
rec: 626'03...................
