text_instance: 0
bbox: [271, 437, 65, 30]
bezier_pts: [271.0, 437.0, 292.33, 437.0, 313.67, 437.0, 335.0, 437.0, 335.0, 464.0, 314.06, 465.5, 292.24, 465.7, 271.0, 464.0]
rec: THE......................
text_instance: 1
bbox: [176, 467, 156, 33]
bezier_pts: [176.0, 467.0, 227.67, 467.0, 279.33, 467.0, 331.0, 467.0, 331.0, 496.0, 278.93, 498.0, 227.99, 498.64, 176.0, 496.0]
rec: ALTITUDE.................
text_instance: 2
bbox: [231, 268, 104, 21]
bezier_pts: [231.0, 268.0, 265.33, 268.0, 299.67, 268.0, 334.0, 268.0, 334.0, 286.0, 299.47, 288.56, 265.93, 287.89, 231.0, 286.0]
rec: ATHLETIC.................
text_instance: 3
bbox: [182, 266, 47, 22]
bezier_pts: [182.0, 266.0, 197.33, 266.0, 212.67, 266.0, 228.0, 266.0, 228.0, 286.0, 212.78, 286.58, 197.03, 288.08, 182.0, 286.0]
rec: CITY.....................
text_instance: 4
bbox: [211, 345, 19, 25]
bezier_pts: [211.0, 367.0, 216.63, 356.01, 211.25, 341.44, 217.0, 345.0, 228.0, 349.0, 230.16, 357.76, 221.87, 363.17, 229.0, 369.0]
rec: THE......................
text_instance: 5
bbox: [221, 321, 54, 30]
bezier_pts: [221.0, 338.0, 235.4, 325.35, 254.68, 318.03, 274.0, 322.0, 273.0, 335.0, 257.17, 329.5, 239.86, 334.85, 231.0, 350.0]
rec: RUNNING..................
text_instance: 6
bbox: [270, 322, 34, 50]
bezier_pts: [279.0, 322.0, 293.6, 332.58, 305.23, 349.16, 303.0, 368.0, 289.0, 371.0, 290.84, 355.31, 282.88, 342.34, 270.0, 332.0]
rec: SCHOOL...................
text_instance: 7
bbox: [448, 362, 63, 18]
bezier_pts: [448.0, 362.0, 468.33, 362.67, 488.67, 363.33, 509.0, 364.0, 510.0, 379.0, 489.67, 378.33, 469.33, 377.67, 449.0, 377.0]
rec: CITYATHLETIC.............
text_instance: 8
bbox: [473, 450, 42, 20]
bezier_pts: [473.0, 451.0, 486.33, 450.67, 499.67, 450.33, 513.0, 450.0, 514.0, 466.0, 502.33, 467.0, 490.67, 468.0, 479.0, 469.0]
rec: Trump....................
text_instance: 9
bbox: [471, 465, 41, 21]
bezier_pts: [471.0, 468.0, 484.33, 467.0, 497.67, 466.0, 511.0, 465.0, 511.0, 480.0, 498.78, 482.79, 487.31, 483.77, 475.0, 485.0]
rec: Street...................
text_instance: 10
bbox: [707, 56, 109, 98]
bezier_pts: [717.0, 56.0, 753.74, 69.63, 784.87, 88.41, 815.0, 114.0, 810.0, 153.0, 780.2, 128.28, 748.37, 98.37, 707.0, 94.0]
rec: sweatsho.................
text_instance: 11
bbox: [473, 413, 40, 40]
bezier_pts: [473.0, 413.0, 486.0, 413.0, 499.0, 413.0, 512.0, 413.0, 512.0, 449.0, 500.0, 450.0, 488.0, 451.0, 476.0, 452.0]
rec: 06.......................
text_instance: 12
bbox: [515, 367, 23, 15]
bezier_pts: [515.0, 367.0, 521.67, 367.0, 528.33, 367.0, 535.0, 367.0, 537.0, 378.0, 529.97, 379.98, 522.96, 381.14, 516.0, 379.0]
rec: THE......................
text_instance: 13
bbox: [707, 108, 28, 24]
bezier_pts: [709.0, 108.0, 717.33, 111.0, 725.67, 114.0, 734.0, 117.0, 731.0, 131.0, 722.37, 130.22, 714.84, 126.15, 707.0, 123.0]
rec: WE.......................
text_instance: 14
bbox: [735, 118, 43, 30]
bezier_pts: [738.0, 118.0, 751.44, 124.07, 764.4, 129.33, 777.0, 136.0, 773.0, 147.0, 759.74, 143.36, 747.13, 137.99, 735.0, 131.0]
rec: KNOW.....................
