text_instance: 0
bbox: [20, 237, 56, 21]
bezier_pts: [20.0, 237.0, 38.33, 237.0, 56.67, 237.0, 75.0, 237.0, 75.0, 255.0, 56.91, 255.55, 38.6, 255.64, 20.0, 255.0]
rec: Kinder...................
text_instance: 1
bbox: [76, 572, 55, 20]
bezier_pts: [76.0, 572.0, 94.0, 572.0, 112.0, 572.0, 130.0, 572.0, 130.0, 590.0, 112.07, 591.69, 93.87, 591.55, 76.0, 590.0]
rec: nutella..................
text_instance: 2
bbox: [132, 175, 97, 33]
bezier_pts: [132.0, 184.0, 164.05, 169.6, 196.05, 170.28, 228.0, 186.0, 211.0, 205.0, 187.53, 190.88, 160.65, 191.72, 139.0, 207.0]
rec: KidZania.................
text_instance: 3
bbox: [1, 255, 105, 43]
bezier_pts: [10.0, 256.0, 41.0, 255.67, 72.0, 255.33, 103.0, 255.0, 105.0, 276.0, 70.99, 285.64, 35.65, 292.43, 1.0, 297.0]
rec: bueno....................
text_instance: 4
bbox: [311, 256, 129, 38]
bezier_pts: [311.0, 269.0, 351.43, 254.77, 398.43, 250.29, 439.0, 267.0, 437.0, 291.0, 400.75, 281.84, 359.16, 275.35, 323.0, 293.0]
rec: DISCOVER.................
text_instance: 5
bbox: [358, 283, 47, 26]
bezier_pts: [358.0, 283.0, 373.33, 283.67, 388.67, 284.33, 404.0, 285.0, 400.0, 307.0, 387.43, 307.5, 374.71, 307.58, 362.0, 307.0]
rec: the......................
text_instance: 6
bbox: [293, 308, 171, 61]
bezier_pts: [293.0, 325.0, 347.91, 302.71, 408.14, 306.28, 463.0, 325.0, 450.0, 368.0, 401.24, 343.87, 350.72, 353.05, 300.0, 365.0]
rec: BUENO....................
text_instance: 7
bbox: [317, 353, 116, 34]
bezier_pts: [317.0, 364.0, 353.7, 348.53, 397.01, 342.13, 432.0, 366.0, 428.0, 385.0, 394.57, 373.19, 359.51, 376.02, 325.0, 386.0]
rec: sideoflife...............
text_instance: 8
bbox: [163, 149, 30, 23]
bezier_pts: [163.0, 151.0, 170.14, 148.97, 177.13, 148.18, 184.0, 150.0, 192.0, 167.0, 183.91, 170.93, 175.44, 171.67, 167.0, 171.0]
rec: K........................
