text_instance: 0
bbox: [307, 252, 85, 101]
bezier_pts: [307.0, 337.0, 319.2, 296.89, 335.71, 258.6, 388.0, 252.0, 391.0, 285.0, 347.95, 280.46, 335.65, 315.19, 331.0, 352.0]
rec: HUDSON...................
text_instance: 1
bbox: [399, 259, 62, 96]
bezier_pts: [403.0, 259.0, 441.18, 271.39, 459.86, 308.19, 460.0, 346.0, 439.0, 354.0, 442.53, 322.36, 424.87, 297.56, 399.0, 283.0]
rec: HOUSE....................
text_instance: 2
bbox: [388, 385, 69, 69]
bezier_pts: [388.0, 426.0, 409.2, 419.58, 434.28, 412.95, 435.0, 385.0, 456.0, 393.0, 446.04, 424.21, 413.7, 439.57, 388.0, 453.0]
rec: COMPANY..................
text_instance: 3
bbox: [436, 540, 126, 43]
bezier_pts: [441.0, 540.0, 481.0, 544.0, 521.0, 548.0, 561.0, 552.0, 559.0, 582.0, 518.0, 579.0, 477.0, 576.0, 436.0, 573.0]
rec: LOWOUT...................
text_instance: 4
bbox: [444, 573, 118, 67]
bezier_pts: [454.0, 573.0, 489.67, 576.0, 525.33, 579.0, 561.0, 582.0, 559.0, 639.0, 520.67, 635.33, 482.33, 631.67, 444.0, 628.0]
rec: ALE......................
text_instance: 5
bbox: [465, 630, 85, 43]
bezier_pts: [465.0, 630.0, 493.0, 632.33, 521.0, 634.67, 549.0, 637.0, 546.0, 672.0, 519.33, 670.0, 492.67, 668.0, 466.0, 666.0]
rec: NOW......................
text_instance: 6
bbox: [484, 741, 54, 28]
bezier_pts: [484.0, 741.0, 501.67, 743.0, 519.33, 745.0, 537.0, 747.0, 535.0, 768.0, 518.0, 767.0, 501.0, 766.0, 484.0, 765.0]
rec: HOUSE....................
text_instance: 7
bbox: [486, 814, 80, 48]
bezier_pts: [496.0, 814.0, 519.0, 817.0, 542.0, 820.0, 565.0, 823.0, 565.0, 861.0, 538.07, 856.07, 512.28, 850.63, 486.0, 844.0]
rec: OUSE.....................
text_instance: 8
bbox: [364, 426, 21, 21]
bezier_pts: [365.0, 426.0, 371.33, 426.79, 377.76, 429.72, 384.0, 431.0, 382.0, 446.0, 376.0, 444.0, 370.0, 442.0, 364.0, 440.0]
rec: NG.......................
text_instance: 9
bbox: [262, 923, 69, 56]
bezier_pts: [262.0, 950.0, 283.0, 941.0, 304.0, 932.0, 325.0, 923.0, 330.0, 948.0, 308.33, 958.0, 286.67, 968.0, 265.0, 978.0]
rec: SALE.....................
text_instance: 10
bbox: [12, 763, 56, 47]
bezier_pts: [14.0, 763.0, 31.33, 770.33, 48.67, 777.67, 66.0, 785.0, 67.0, 809.0, 48.67, 801.0, 30.33, 793.0, 12.0, 785.0]
rec: CANADA GOOSE.............
