text_instance: 0
bbox: [64, 46, 121, 125]
bezier_pts: [64.0, 145.0, 88.32, 105.04, 115.78, 70.78, 156.0, 46.0, 184.0, 80.0, 144.38, 98.87, 119.47, 132.47, 103.0, 170.0]
rec: MACAU....................
text_instance: 1
bbox: [182, 3, 67, 61]
bezier_pts: [182.0, 33.0, 198.67, 23.0, 215.33, 13.0, 232.0, 3.0, 248.0, 49.0, 233.0, 53.67, 218.0, 58.33, 203.0, 63.0]
rec: YAT......................
text_instance: 2
bbox: [249, 2, 78, 43]
bezier_pts: [249.0, 6.0, 272.6, 1.04, 298.08, -0.31, 322.0, 5.0, 326.0, 37.0, 302.0, 39.33, 278.0, 41.67, 254.0, 44.0]
rec: YUEN.....................
text_instance: 3
bbox: [343, 12, 137, 123]
bezier_pts: [344.0, 12.0, 404.71, 18.26, 444.33, 59.51, 479.0, 105.0, 470.0, 134.0, 440.8, 92.26, 394.33, 55.57, 343.0, 47.0]
rec: CANDROME.................
text_instance: 4
bbox: [496, 165, 47, 65]
bezier_pts: [517.0, 165.0, 529.43, 178.63, 533.37, 196.87, 542.0, 213.0, 523.0, 229.0, 514.0, 212.0, 505.0, 195.0, 496.0, 178.0]
rec: LTD......................
text_instance: 5
bbox: [145, 311, 38, 12]
bezier_pts: [145.0, 313.0, 156.5, 309.34, 170.39, 309.78, 182.0, 313.0, 182.0, 322.0, 170.0, 322.0, 158.0, 322.0, 146.0, 322.0]
rec: MACAU....................
text_instance: 6
bbox: [183, 307, 66, 18]
bezier_pts: [183.0, 307.0, 203.67, 308.0, 224.33, 309.0, 245.0, 310.0, 248.0, 321.0, 228.3, 321.54, 208.16, 322.77, 189.0, 324.0]
rec: CANTDROME................
text_instance: 7
bbox: [230, 297, 52, 18]
bezier_pts: [232.0, 299.0, 247.0, 298.33, 262.0, 297.67, 277.0, 297.0, 281.0, 308.0, 264.0, 310.0, 247.0, 312.0, 230.0, 314.0]
rec: DEMACAU..................
text_instance: 8
bbox: [249, 308, 32, 17]
bezier_pts: [249.0, 308.0, 259.0, 308.67, 269.0, 309.33, 279.0, 310.0, 280.0, 321.0, 271.0, 322.0, 262.0, 323.0, 253.0, 324.0]
rec: CLUB.....................
text_instance: 9
bbox: [76, 252, 77, 25]
bezier_pts: [82.0, 255.0, 105.0, 254.0, 128.0, 253.0, 151.0, 252.0, 152.0, 272.0, 126.67, 273.33, 101.33, 274.67, 76.0, 276.0]
rec: AUCYAT...................
text_instance: 10
bbox: [158, 249, 47, 23]
bezier_pts: [158.0, 249.0, 173.0, 249.0, 188.0, 249.0, 203.0, 249.0, 204.0, 269.0, 189.33, 269.67, 174.67, 270.33, 160.0, 271.0]
rec: YUEN.....................
text_instance: 11
bbox: [472, 119, 37, 47]
bezier_pts: [488.0, 119.0, 495.31, 124.78, 505.07, 143.69, 508.0, 150.0, 496.0, 165.0, 488.0, 156.67, 480.0, 148.33, 472.0, 140.0]
rec: CO.......................
text_instance: 12
bbox: [147, 302, 53, 13]
bezier_pts: [147.0, 304.0, 164.0, 303.33, 181.0, 302.67, 198.0, 302.0, 199.0, 312.0, 181.67, 312.67, 164.33, 313.33, 147.0, 314.0]
rec: CANIDROMO................
text_instance: 13
bbox: [199, 302, 33, 11]
bezier_pts: [199.0, 303.0, 209.42, 300.76, 219.58, 302.33, 230.0, 302.0, 231.0, 311.0, 220.33, 311.33, 209.67, 311.67, 199.0, 312.0]
rec: CLUBE....................
