text_instance: 0
bbox: [251, 653, 358, 40]
bezier_pts: [251.0, 653.0, 370.0, 653.0, 489.0, 653.0, 608.0, 653.0, 608.0, 690.0, 489.91, 691.55, 370.69, 691.66, 251.0, 690.0]
rec: COURTHOUSE...............
text_instance: 1
bbox: [144, 224, 203, 230]
bezier_pts: [144.0, 434.0, 178.08, 341.06, 227.55, 248.23, 336.0, 224.0, 346.0, 268.0, 257.18, 284.83, 206.66, 370.3, 192.0, 453.0]
rec: KidZania.................
text_instance: 2
bbox: [375, 198, 172, 63]
bezier_pts: [375.0, 203.0, 434.82, 192.07, 491.9, 196.98, 546.0, 221.0, 538.0, 260.0, 485.67, 255.0, 433.33, 250.0, 381.0, 245.0]
rec: Kuala....................
text_instance: 3
bbox: [568, 232, 161, 198]
bezier_pts: [588.0, 232.0, 658.82, 270.37, 693.83, 350.11, 728.0, 415.0, 683.0, 429.0, 663.67, 360.81, 624.26, 303.2, 568.0, 264.0]
rec: Lumpur...................
