text_instance: 0
bbox: [310, 277, 202, 203]
bezier_pts: [310.0, 457.0, 314.29, 347.69, 401.92, 311.21, 475.0, 277.0, 511.0, 328.0, 427.64, 324.04, 364.75, 383.04, 377.0, 479.0]
rec: MELUR....................
text_instance: 1
bbox: [548, 263, 310, 238]
bezier_pts: [556.0, 263.0, 698.35, 258.31, 853.09, 309.57, 857.0, 478.0, 784.0, 500.0, 791.83, 350.06, 653.59, 307.86, 548.0, 308.0]
rec: PARKING..................
text_instance: 2
bbox: [361, 512, 173, 109]
bezier_pts: [401.0, 512.0, 431.64, 558.1, 480.18, 575.88, 533.0, 571.0, 521.0, 620.0, 461.72, 604.82, 400.69, 586.45, 361.0, 538.0]
rec: SDN......................
text_instance: 3
bbox: [601, 529, 188, 98]
bezier_pts: [601.0, 581.0, 653.5, 575.77, 703.58, 561.89, 745.0, 529.0, 788.0, 556.0, 742.53, 599.4, 680.58, 620.71, 616.0, 626.0]
rec: BHD......................
