text_instance: 0
bbox: [82, 150, 52, 34]
bezier_pts: [82.0, 166.0, 97.61, 155.43, 114.95, 156.82, 132.0, 150.0, 133.0, 166.0, 117.67, 171.67, 102.33, 177.33, 87.0, 183.0]
rec: ALSACE...................
text_instance: 1
bbox: [137, 145, 50, 21]
bezier_pts: [137.0, 145.0, 153.33, 146.0, 169.67, 147.0, 186.0, 148.0, 184.0, 164.0, 168.48, 164.65, 153.17, 164.73, 138.0, 164.0]
rec: GRAND....................
text_instance: 2
bbox: [184, 150, 37, 27]
bezier_pts: [194.0, 150.0, 202.67, 153.33, 211.33, 156.67, 220.0, 160.0, 213.0, 176.0, 203.33, 172.67, 193.67, 169.33, 184.0, 166.0]
rec: CRU......................
text_instance: 3
bbox: [126, 166, 51, 22]
bezier_pts: [133.0, 169.0, 145.77, 172.47, 158.2, 174.0, 168.0, 166.0, 176.0, 178.0, 159.76, 186.07, 142.99, 192.16, 126.0, 182.0]
rec: BRAND....................
text_instance: 4
bbox: [119, 270, 79, 30]
bezier_pts: [128.0, 272.0, 148.0, 285.96, 173.51, 281.07, 192.0, 270.0, 197.0, 290.0, 170.22, 293.53, 144.03, 311.64, 119.0, 289.0]
rec: Francis Bar..............
