text_instance: 0
bbox: [96, 133, 170, 79]
bezier_pts: [96.0, 188.0, 137.2, 107.42, 203.23, 132.14, 265.0, 154.0, 263.0, 187.0, 208.03, 152.31, 150.57, 146.79, 121.0, 211.0]
rec: RASMUSSENS...............
text_instance: 1
bbox: [273, 176, 90, 185]
bezier_pts: [289.0, 176.0, 352.62, 215.54, 366.32, 289.74, 362.0, 360.0, 327.0, 349.0, 346.88, 288.22, 314.73, 231.46, 273.0, 196.0]
rec: SNEDKERIER...............
text_instance: 2
bbox: [97, 214, 48, 73]
bezier_pts: [109.0, 286.0, 102.56, 261.17, 93.71, 240.41, 98.0, 214.0, 125.0, 227.0, 128.32, 247.0, 133.99, 267.47, 144.0, 286.0]
rec: RUD......................
text_instance: 3
bbox: [135, 308, 143, 100]
bezier_pts: [155.0, 308.0, 185.03, 341.67, 219.98, 382.36, 273.0, 376.0, 277.0, 407.0, 218.2, 412.51, 170.08, 370.84, 135.0, 331.0]
rec: OPRETTET.................
text_instance: 4
bbox: [281, 355, 59, 55]
bezier_pts: [281.0, 378.0, 292.33, 370.33, 303.67, 362.67, 315.0, 355.0, 339.0, 380.0, 330.71, 402.69, 307.09, 402.16, 290.0, 409.0]
rec: 1869.....................
text_instance: 5
bbox: [314, 476, 184, 186]
bezier_pts: [314.0, 593.0, 378.86, 555.35, 436.21, 524.53, 493.0, 476.0, 497.0, 561.0, 439.67, 594.33, 382.33, 627.67, 325.0, 661.0]
rec: RASM.....................
text_instance: 6
bbox: [122, 172, 214, 198]
bezier_pts: [148.0, 172.0, 205.94, 167.89, 255.74, 198.55, 305.0, 220.0, 335.0, 369.0, 255.6, 373.78, 201.53, 312.94, 122.0, 314.0]
rec: RR.......................
text_instance: 7
bbox: [242, 615, 66, 62]
bezier_pts: [242.0, 646.0, 256.26, 633.6, 274.24, 624.91, 291.0, 615.0, 307.0, 675.0, 289.33, 675.33, 271.67, 675.67, 254.0, 676.0]
rec: ID.......................
text_instance: 8
bbox: [436, 607, 66, 69]
bezier_pts: [436.0, 621.0, 450.81, 613.88, 467.53, 609.87, 483.0, 607.0, 501.0, 673.0, 479.6, 675.77, 458.44, 675.74, 437.0, 673.0]
rec: K........................
