text_instance: 0
bbox: [60, 130, 117, 34]
bezier_pts: [60.0, 144.0, 97.04, 129.46, 138.96, 119.98, 176.0, 143.0, 167.0, 160.0, 133.6, 142.52, 96.28, 143.17, 65.0, 163.0]
rec: Moosehead................
text_instance: 1
bbox: [81, 146, 73, 29]
bezier_pts: [81.0, 156.0, 105.12, 144.47, 129.15, 142.28, 153.0, 154.0, 149.0, 170.0, 127.74, 168.5, 105.75, 166.75, 86.0, 174.0]
rec: Coffee...................
text_instance: 2
bbox: [60, 234, 45, 33]
bezier_pts: [71.0, 234.0, 80.99, 242.53, 89.58, 251.62, 104.0, 253.0, 101.0, 266.0, 82.41, 265.2, 72.14, 255.7, 60.0, 243.0]
rec: Roasted..................
text_instance: 3
bbox: [129, 236, 45, 33]
bezier_pts: [129.0, 252.0, 140.0, 245.92, 151.69, 248.03, 157.0, 236.0, 173.0, 240.0, 166.84, 257.35, 150.44, 269.32, 134.0, 268.0]
rec: Blended..................
text_instance: 4
bbox: [86, 266, 59, 22]
bezier_pts: [88.0, 266.0, 105.67, 266.67, 123.33, 267.33, 141.0, 268.0, 144.0, 280.0, 125.89, 293.1, 103.7, 287.4, 86.0, 280.0]
rec: inMaine..................
text_instance: 5
bbox: [107, 256, 25, 15]
bezier_pts: [107.0, 257.0, 114.0, 256.67, 121.0, 256.33, 128.0, 256.0, 131.0, 268.0, 122.9, 269.66, 114.93, 271.13, 107.0, 269.0]
rec: and......................
text_instance: 6
bbox: [11, 241, 32, 37]
bezier_pts: [11.0, 241.0, 21.33, 245.33, 31.67, 249.67, 42.0, 254.0, 42.0, 277.0, 31.07, 275.87, 21.7, 270.98, 12.0, 268.0]
rec: RY.......................
