text_instance: 0
bbox: [295, 316, 240, 53]
bezier_pts: [295.0, 316.0, 374.67, 316.0, 454.33, 316.0, 534.0, 316.0, 534.0, 366.0, 453.22, 367.88, 373.31, 367.85, 295.0, 366.0]
rec: Moon.....................
text_instance: 1
bbox: [176, 208, 175, 61]
bezier_pts: [176.0, 208.0, 234.0, 208.0, 292.0, 208.0, 350.0, 208.0, 350.0, 266.0, 292.04, 267.63, 233.46, 267.58, 176.0, 266.0]
rec: Man......................
text_instance: 2
bbox: [332, 262, 132, 54]
bezier_pts: [332.0, 262.0, 375.67, 262.0, 419.33, 262.0, 463.0, 262.0, 463.0, 311.0, 419.22, 313.8, 375.35, 313.7, 332.0, 311.0]
rec: the......................
text_instance: 3
bbox: [584, 198, 91, 36]
bezier_pts: [584.0, 218.0, 610.74, 199.05, 642.05, 196.75, 674.0, 198.0, 670.0, 215.0, 645.0, 221.0, 620.0, 227.0, 595.0, 233.0]
rec: BISTRO...................
text_instance: 4
bbox: [677, 197, 53, 37]
bezier_pts: [683.0, 197.0, 698.5, 201.41, 712.7, 208.81, 729.0, 214.0, 717.0, 233.0, 703.67, 227.0, 690.33, 221.0, 677.0, 215.0]
rec: PUB......................
text_instance: 5
bbox: [563, 316, 55, 51]
bezier_pts: [575.0, 316.0, 589.0, 326.0, 603.0, 336.0, 617.0, 346.0, 606.0, 366.0, 591.67, 354.0, 577.33, 342.0, 563.0, 330.0]
rec: MAN......................
text_instance: 6
bbox: [650, 348, 56, 29]
bezier_pts: [652.0, 354.0, 667.33, 352.0, 682.67, 350.0, 698.0, 348.0, 705.0, 368.0, 686.95, 371.98, 668.54, 372.96, 650.0, 371.0]
rec: THE......................
text_instance: 7
bbox: [702, 314, 72, 54]
bezier_pts: [702.0, 351.0, 721.03, 338.25, 743.82, 339.18, 751.0, 314.0, 773.0, 326.0, 753.19, 342.16, 732.06, 355.96, 709.0, 367.0]
rec: MOON.....................
text_instance: 8
bbox: [241, 269, 74, 42]
bezier_pts: [241.0, 269.0, 265.33, 269.0, 289.67, 269.0, 314.0, 269.0, 313.0, 310.0, 290.25, 309.85, 267.05, 310.55, 244.0, 309.0]
rec: in.......................
text_instance: 9
bbox: [619, 352, 30, 22]
bezier_pts: [622.0, 352.0, 630.59, 353.68, 640.68, 353.02, 648.0, 359.0, 643.0, 372.0, 634.33, 372.37, 626.47, 369.35, 619.0, 365.0]
rec: IN.......................
