text_instance: 0
bbox: [590, 437, 57, 25]
bezier_pts: [590.0, 437.0, 608.67, 437.0, 627.33, 437.0, 646.0, 437.0, 646.0, 460.0, 627.33, 460.0, 608.67, 460.0, 590.0, 460.0]
rec: CHOCOLATE................
text_instance: 1
bbox: [235, 174, 146, 58]
bezier_pts: [235.0, 198.0, 279.11, 164.54, 335.75, 170.68, 380.0, 195.0, 368.0, 222.0, 330.7, 189.83, 280.14, 189.35, 248.0, 231.0]
rec: CAPILANO.................
text_instance: 2
bbox: [229, 244, 163, 60]
bezier_pts: [244.0, 250.0, 284.83, 285.35, 332.91, 292.06, 368.0, 244.0, 391.0, 253.0, 346.38, 313.41, 286.08, 317.4, 229.0, 270.0]
rec: TIMBERCO.................
