text_instance: 0
bbox: [500, 486, 98, 80]
bezier_pts: [500.0, 538.0, 525.25, 512.67, 556.24, 497.24, 589.0, 486.0, 597.0, 526.0, 570.67, 539.0, 544.33, 552.0, 518.0, 565.0]
rec: PUBLIC...................
text_instance: 1
bbox: [595, 492, 136, 78]
bezier_pts: [605.0, 492.0, 651.86, 496.01, 697.6, 511.79, 730.0, 549.0, 702.0, 569.0, 677.94, 535.18, 635.75, 517.15, 595.0, 520.0]
rec: FOOTPATH.................
text_instance: 2
bbox: [558, 587, 117, 58]
bezier_pts: [558.0, 609.0, 595.43, 580.73, 639.22, 586.81, 674.0, 611.0, 657.0, 644.0, 639.27, 603.27, 599.88, 587.62, 570.0, 631.0]
rec: INDUSTRIAL...............
text_instance: 3
bbox: [550, 629, 74, 82]
bezier_pts: [572.0, 629.0, 563.07, 666.32, 586.91, 686.75, 619.0, 682.0, 623.0, 710.0, 586.19, 700.52, 551.49, 681.18, 550.0, 637.0]
rec: HERITAGE.................
text_instance: 4
bbox: [625, 639, 45, 70]
bezier_pts: [625.0, 680.0, 645.78, 675.31, 655.86, 660.23, 653.0, 639.0, 669.0, 642.0, 669.28, 667.7, 651.97, 684.48, 645.0, 708.0]
rec: TRAIL....................
text_instance: 5
bbox: [528, 757, 100, 47]
bezier_pts: [627.0, 803.0, 592.15, 796.62, 557.73, 795.7, 528.0, 777.0, 538.0, 757.0, 566.33, 761.0, 594.67, 765.0, 623.0, 769.0]
rec: FOOTPA...................
text_instance: 6
bbox: [629, 732, 82, 76]
bezier_pts: [710.0, 759.0, 685.63, 776.79, 662.76, 795.14, 635.0, 807.0, 629.0, 771.0, 650.4, 769.24, 685.52, 763.66, 684.0, 732.0]
rec: PUBLIC...................
text_instance: 7
bbox: [445, 838, 170, 164]
bezier_pts: [614.0, 858.0, 511.6, 834.65, 456.57, 908.3, 462.0, 1001.0, 445.0, 997.0, 431.78, 889.14, 507.28, 814.67, 614.0, 840.0]
rec: wwwnorthyorksgovuk.......
text_instance: 8
bbox: [441, 1013, 48, 84]
bezier_pts: [467.0, 1013.0, 464.73, 1031.93, 473.91, 1051.05, 488.0, 1062.0, 465.0, 1096.0, 457.0, 1072.67, 449.0, 1049.33, 441.0, 1026.0]
rec: 0845.....................
text_instance: 9
bbox: [465, 1082, 112, 66]
bezier_pts: [490.0, 1082.0, 518.67, 1090.67, 547.33, 1099.33, 576.0, 1108.0, 572.0, 1147.0, 535.11, 1133.51, 499.53, 1117.01, 465.0, 1098.0]
rec: 0349599..................
text_instance: 10
bbox: [661, 870, 62, 106]
bezier_pts: [678.0, 870.0, 710.04, 895.83, 718.85, 928.02, 722.0, 969.0, 694.0, 975.0, 691.81, 945.23, 681.39, 916.17, 661.0, 892.0]
rec: PUBLIC...................
text_instance: 11
bbox: [631, 979, 96, 142]
bezier_pts: [726.0, 979.0, 714.16, 1034.67, 698.05, 1088.18, 649.0, 1120.0, 631.0, 1082.0, 675.38, 1067.38, 684.35, 1022.37, 690.0, 983.0]
rec: FOOTPATH.................
text_instance: 12
bbox: [469, 554, 53, 192]
bezier_pts: [496.0, 745.0, 469.07, 685.38, 464.45, 617.19, 496.0, 554.0, 517.0, 567.0, 499.52, 618.65, 492.19, 680.23, 521.0, 729.0]
rec: wwwnorthyorksgovuk.......
text_instance: 13
bbox: [694, 555, 49, 187]
bezier_pts: [722.0, 555.0, 758.92, 619.1, 740.09, 676.4, 717.0, 741.0, 694.0, 729.0, 722.73, 677.91, 723.21, 622.7, 708.0, 568.0]
rec: wwwnorthyorksgovuk.......
