text_instance: 0
bbox: [742, 472, 253, 67]
bezier_pts: [742.0, 472.0, 826.0, 472.0, 910.0, 472.0, 994.0, 472.0, 994.0, 535.0, 908.35, 536.43, 824.81, 536.68, 742.0, 535.0]
rec: SERRA....................
text_instance: 1
bbox: [1045, 621, 96, 32]
bezier_pts: [1045.0, 621.0, 1076.67, 621.0, 1108.33, 621.0, 1140.0, 621.0, 1140.0, 650.0, 1108.88, 652.73, 1076.98, 652.72, 1045.0, 650.0]
rec: COM......................
text_instance: 2
bbox: [559, 643, 98, 34]
bezier_pts: [559.0, 643.0, 591.33, 643.0, 623.67, 643.0, 656.0, 643.0, 656.0, 673.0, 623.91, 674.38, 590.78, 674.8, 559.0, 673.0]
rec: WWW......................
text_instance: 3
bbox: [271, 618, 91, 34]
bezier_pts: [271.0, 618.0, 301.0, 618.0, 331.0, 618.0, 361.0, 618.0, 361.0, 650.0, 331.51, 651.51, 300.45, 651.27, 271.0, 650.0]
rec: GROUP....................
text_instance: 4
bbox: [109, 496, 271, 157]
bezier_pts: [109.0, 604.0, 170.6, 519.24, 266.81, 499.71, 367.0, 496.0, 379.0, 570.0, 300.63, 571.48, 226.45, 582.75, 178.0, 652.0]
rec: LEDCOR...................
text_instance: 5
bbox: [676, 631, 356, 45]
bezier_pts: [677.0, 640.0, 794.67, 637.0, 912.33, 634.0, 1030.0, 631.0, 1031.0, 660.0, 912.67, 665.0, 794.33, 670.0, 676.0, 675.0]
rec: FIVETENSEYMOUR...........
