text_instance: 0
bbox: [369, 94, 114, 184]
bezier_pts: [369.0, 276.0, 374.37, 203.84, 424.69, 147.39, 466.0, 94.0, 482.0, 133.0, 431.48, 163.61, 396.01, 217.39, 407.0, 277.0]
rec: KEDAIMAKAN...............
text_instance: 1
bbox: [494, 78, 119, 111]
bezier_pts: [495.0, 78.0, 598.49, 53.72, 620.79, 110.35, 612.0, 188.0, 582.0, 188.0, 595.17, 122.94, 552.95, 90.93, 494.0, 114.0]
rec: RAJAHBASION..............
text_instance: 2
bbox: [431, 184, 117, 81]
bezier_pts: [431.0, 234.0, 465.51, 210.91, 504.29, 188.73, 547.0, 184.0, 537.0, 209.0, 502.67, 227.33, 468.33, 245.67, 434.0, 264.0]
rec: HALAL....................
text_instance: 3
bbox: [231, 498, 93, 86]
bezier_pts: [239.0, 498.0, 267.0, 515.33, 295.0, 532.67, 323.0, 550.0, 319.0, 583.0, 288.52, 564.98, 260.49, 544.0, 231.0, 523.0]
rec: HALAL....................
text_instance: 4
bbox: [10, 517, 295, 257]
bezier_pts: [15.0, 517.0, 105.18, 589.77, 196.61, 633.06, 304.0, 676.0, 298.0, 773.0, 202.0, 724.0, 106.0, 675.0, 10.0, 626.0]
rec: ROH......................
text_instance: 5
bbox: [816, 653, 143, 77]
bezier_pts: [816.0, 690.0, 861.67, 677.67, 907.33, 665.33, 953.0, 653.0, 958.0, 696.0, 911.7, 707.26, 865.78, 719.41, 820.0, 729.0]
rec: RESTAUR..................
text_instance: 6
bbox: [820, 704, 127, 71]
bezier_pts: [820.0, 734.0, 858.72, 719.23, 894.48, 713.45, 934.0, 704.0, 946.0, 749.0, 905.0, 757.33, 864.0, 765.67, 823.0, 774.0]
rec: HALAL....................
text_instance: 7
bbox: [818, 836, 131, 56]
bezier_pts: [818.0, 857.0, 861.33, 850.0, 904.67, 843.0, 948.0, 836.0, 946.0, 867.0, 904.0, 875.0, 862.0, 883.0, 820.0, 891.0]
rec: 35Nguyen.................
text_instance: 8
bbox: [456, 709, 212, 208]
bezier_pts: [464.0, 709.0, 537.57, 745.56, 602.97, 785.27, 667.0, 834.0, 652.0, 916.0, 585.13, 884.84, 521.22, 850.98, 456.0, 818.0]
rec: RESTAURANT...............
text_instance: 9
bbox: [306, 872, 161, 188]
bezier_pts: [328.0, 872.0, 374.0, 888.33, 420.0, 904.67, 466.0, 921.0, 464.0, 1059.0, 410.75, 1041.87, 359.0, 1021.63, 306.0, 1000.0]
rec: HAJI.....................
text_instance: 10
bbox: [472, 854, 422, 385]
bezier_pts: [487.0, 854.0, 621.83, 917.07, 755.09, 994.22, 888.0, 1069.0, 893.0, 1238.0, 744.58, 1198.15, 607.4, 1127.88, 472.0, 1065.0]
rec: OSMAN....................
text_instance: 11
bbox: [311, 1032, 365, 182]
bezier_pts: [311.0, 1032.0, 436.67, 1071.72, 555.55, 1113.29, 675.0, 1167.0, 668.0, 1213.0, 550.0, 1170.33, 432.0, 1127.67, 314.0, 1085.0]
rec: DC35NguyenAnNinhPBenThanh
text_instance: 12
bbox: [732, 1195, 155, 84]
bezier_pts: [732.0, 1195.0, 783.33, 1215.33, 834.67, 1235.67, 886.0, 1256.0, 881.0, 1278.0, 830.22, 1264.88, 780.61, 1248.8, 732.0, 1230.0]
rec: DT84122373758............
text_instance: 13
bbox: [8, 636, 89, 68]
bezier_pts: [15.0, 636.0, 42.0, 649.0, 69.0, 662.0, 96.0, 675.0, 87.0, 703.0, 60.73, 690.77, 33.73, 679.58, 8.0, 665.0]
rec: 99248....................
text_instance: 14
bbox: [115, 696, 177, 108]
bezier_pts: [121.0, 696.0, 181.1, 718.47, 238.85, 746.6, 291.0, 778.0, 288.0, 803.0, 230.33, 777.33, 172.67, 751.67, 115.0, 726.0]
rec: 84918340729..............
text_instance: 15
bbox: [20, 456, 43, 65]
bezier_pts: [22.0, 456.0, 35.33, 464.0, 48.67, 472.0, 62.0, 480.0, 53.0, 520.0, 41.35, 515.19, 30.61, 509.18, 20.0, 504.0]
rec: T........................
text_instance: 16
bbox: [903, 767, 53, 53]
bezier_pts: [903.0, 768.0, 919.85, 765.84, 936.63, 767.29, 954.0, 767.0, 955.0, 817.0, 940.59, 818.82, 925.6, 818.14, 911.0, 818.0]
rec: M........................
