text_instance: 0
bbox: [95, 308, 404, 392]
bezier_pts: [258.0, 308.0, 355.92, 373.19, 429.97, 479.12, 498.0, 570.0, 355.0, 699.0, 285.72, 575.12, 159.93, 510.48, 95.0, 388.0]
rec: BBQ......................
text_instance: 1
bbox: [150, 513, 147, 161]
bezier_pts: [195.0, 513.0, 225.01, 551.96, 258.57, 593.6, 296.0, 625.0, 258.0, 673.0, 216.36, 643.23, 195.71, 583.34, 150.0, 557.0]
rec: TOWN.....................
text_instance: 2
bbox: [86, 430, 42, 59]
bezier_pts: [127.0, 437.0, 118.41, 453.55, 124.5, 471.34, 116.0, 488.0, 86.0, 477.0, 92.27, 461.86, 93.62, 446.65, 95.0, 430.0]
rec: EAT......................
text_instance: 3
bbox: [90, 485, 27, 42]
bezier_pts: [113.0, 488.0, 114.68, 500.89, 114.0, 513.4, 116.0, 526.0, 90.0, 526.0, 92.9, 509.59, 89.0, 496.75, 90.0, 485.0]
rec: ALL......................
text_instance: 4
bbox: [95, 519, 35, 67]
bezier_pts: [118.0, 519.0, 115.03, 538.77, 118.72, 559.54, 129.0, 577.0, 106.0, 585.0, 95.65, 570.61, 96.77, 552.71, 95.0, 536.0]
rec: YOU......................
text_instance: 5
bbox: [104, 576, 55, 69]
bezier_pts: [132.0, 576.0, 134.03, 594.18, 145.03, 610.22, 158.0, 624.0, 141.0, 644.0, 123.4, 632.89, 116.11, 610.2, 104.0, 593.0]
rec: CAN......................
text_instance: 6
bbox: [135, 622, 62, 66]
bezier_pts: [161.0, 622.0, 167.88, 640.11, 178.32, 653.23, 196.0, 657.0, 178.0, 687.0, 162.19, 674.05, 148.91, 658.53, 135.0, 644.0]
rec: BBQ......................
text_instance: 7
bbox: [201, 677, 92, 60]
bezier_pts: [215.0, 677.0, 240.67, 687.0, 266.33, 697.0, 292.0, 707.0, 282.0, 736.0, 252.17, 729.19, 221.44, 727.01, 201.0, 702.0]
rec: SHABU....................
text_instance: 8
bbox: [285, 708, 86, 38]
bezier_pts: [285.0, 708.0, 311.67, 708.0, 338.33, 708.0, 365.0, 708.0, 370.0, 740.0, 342.4, 742.23, 315.23, 740.56, 287.0, 740.0]
rec: SHABU....................
text_instance: 9
bbox: [551, 567, 60, 72]
bezier_pts: [592.0, 567.0, 601.82, 575.87, 613.51, 590.92, 609.0, 604.0, 588.0, 638.0, 573.8, 628.21, 561.35, 615.97, 551.0, 603.0]
rec: H........................
