text_instance: 0
bbox: [273, 80, 95, 84]
bezier_pts: [273.0, 139.0, 296.25, 116.04, 323.24, 90.51, 356.0, 80.0, 367.0, 108.0, 343.33, 126.33, 319.67, 144.67, 296.0, 163.0]
rec: BOLD.....................
text_instance: 1
bbox: [368, 52, 121, 50]
bezier_pts: [368.0, 68.0, 403.97, 34.9, 449.1, 59.78, 487.0, 52.0, 488.0, 82.0, 453.66, 89.76, 420.12, 95.38, 385.0, 101.0]
rec: FLAVOR...................
text_instance: 2
bbox: [504, 55, 104, 79]
bezier_pts: [504.0, 55.0, 542.62, 55.59, 581.99, 74.18, 607.0, 103.0, 600.0, 133.0, 568.67, 117.33, 537.33, 101.67, 506.0, 86.0]
rec: SMOOTH...................
text_instance: 3
bbox: [607, 116, 62, 89]
bezier_pts: [615.0, 116.0, 646.76, 125.46, 656.4, 154.19, 668.0, 183.0, 654.0, 204.0, 632.61, 190.39, 621.78, 170.57, 607.0, 151.0]
rec: TASTE....................
text_instance: 4
bbox: [140, 184, 439, 180]
bezier_pts: [140.0, 184.0, 293.26, 191.36, 431.73, 186.92, 577.0, 226.0, 578.0, 339.0, 433.99, 367.35, 290.8, 350.43, 143.0, 363.0]
rec: SEATTLES.................
text_instance: 5
bbox: [582, 231, 137, 105]
bezier_pts: [588.0, 231.0, 631.33, 233.33, 674.67, 235.67, 718.0, 238.0, 716.0, 335.0, 671.33, 333.67, 626.67, 332.33, 582.0, 331.0]
rec: BEST.....................
text_instance: 6
bbox: [322, 409, 327, 132]
bezier_pts: [332.0, 423.0, 428.14, 503.53, 543.55, 503.27, 633.0, 409.0, 648.0, 445.0, 565.11, 555.15, 444.52, 572.57, 322.0, 495.0]
rec: COFFEE...................
text_instance: 7
bbox: [658, 539, 90, 16]
bezier_pts: [659.0, 539.0, 688.0, 539.33, 717.0, 539.67, 746.0, 540.0, 747.0, 551.0, 717.86, 552.87, 686.85, 552.89, 658.0, 551.0]
rec: foodalphabet.............
text_instance: 8
bbox: [750, 540, 59, 16]
bezier_pts: [750.0, 540.0, 769.33, 540.0, 788.67, 540.0, 808.0, 540.0, 808.0, 551.0, 788.92, 552.85, 770.07, 553.7, 751.0, 551.0]
rec: blogspot.................
text_instance: 9
bbox: [813, 542, 29, 11]
bezier_pts: [814.0, 543.0, 823.0, 542.67, 832.0, 542.33, 841.0, 542.0, 841.0, 551.0, 831.67, 551.0, 822.33, 551.0, 813.0, 551.0]
rec: com......................
