text_instance: 0
bbox: [418, 205, 261, 73]
bezier_pts: [418.0, 205.0, 504.67, 205.0, 591.33, 205.0, 678.0, 205.0, 678.0, 277.0, 591.33, 277.0, 504.67, 277.0, 418.0, 277.0]
rec: LIQUOR...................
text_instance: 1
bbox: [698, 195, 248, 72]
bezier_pts: [698.0, 195.0, 780.33, 195.0, 862.67, 195.0, 945.0, 195.0, 945.0, 264.0, 863.27, 266.36, 781.84, 266.29, 698.0, 264.0]
rec: STORE....................
text_instance: 2
bbox: [6, 611, 78, 41]
bezier_pts: [6.0, 611.0, 31.67, 611.0, 57.33, 611.0, 83.0, 611.0, 83.0, 649.0, 57.85, 649.88, 31.97, 649.76, 6.0, 649.0]
rec: MUSIC....................
text_instance: 3
bbox: [152, 605, 52, 27]
bezier_pts: [152.0, 605.0, 169.0, 605.0, 186.0, 605.0, 203.0, 605.0, 203.0, 631.0, 186.0, 631.0, 169.0, 631.0, 152.0, 631.0]
rec: DOVER....................
text_instance: 4
bbox: [635, 383, 130, 111]
bezier_pts: [635.0, 464.0, 663.95, 421.69, 708.26, 387.21, 764.0, 383.0, 758.0, 424.0, 717.42, 429.11, 683.85, 455.39, 669.0, 493.0]
rec: WEST.....................
text_instance: 5
bbox: [787, 391, 95, 109]
bezier_pts: [797.0, 391.0, 840.64, 399.02, 861.82, 439.97, 881.0, 474.0, 854.0, 499.0, 840.61, 469.79, 819.32, 439.8, 787.0, 429.0]
rec: END......................
text_instance: 6
bbox: [617, 599, 138, 126]
bezier_pts: [652.0, 599.0, 665.68, 647.69, 699.22, 694.12, 754.0, 694.0, 747.0, 724.0, 677.5, 722.08, 646.24, 666.79, 617.0, 618.0]
rec: LIQUOR...................
text_instance: 7
bbox: [774, 607, 107, 118]
bezier_pts: [774.0, 690.0, 807.73, 672.03, 851.06, 653.74, 853.0, 607.0, 880.0, 626.0, 859.14, 667.21, 827.25, 714.32, 777.0, 724.0]
rec: STORE....................
text_instance: 8
bbox: [631, 746, 188, 37]
bezier_pts: [635.0, 746.0, 696.0, 749.0, 757.0, 752.0, 818.0, 755.0, 816.0, 782.0, 754.33, 779.33, 692.67, 776.67, 631.0, 774.0]
rec: MYLIQUORSTORECA..........
text_instance: 9
bbox: [672, 517, 43, 38]
bezier_pts: [672.0, 534.0, 684.42, 526.78, 697.97, 520.22, 713.0, 517.0, 714.0, 541.0, 702.33, 545.33, 690.67, 549.67, 679.0, 554.0]
rec: WINE.....................
text_instance: 10
bbox: [786, 518, 63, 46]
bezier_pts: [790.0, 518.0, 811.37, 522.8, 831.63, 530.82, 848.0, 545.0, 839.0, 563.0, 821.33, 554.67, 803.67, 546.33, 786.0, 538.0]
rec: SPIRITS..................
text_instance: 11
bbox: [12, 551, 75, 32]
bezier_pts: [15.0, 556.0, 37.55, 551.61, 61.41, 549.01, 85.0, 553.0, 86.0, 576.0, 60.96, 579.49, 37.24, 581.7, 12.0, 581.0]
rec: BRUNCH...................
text_instance: 12
bbox: [19, 583, 68, 24]
bezier_pts: [20.0, 588.0, 41.04, 585.61, 64.56, 582.07, 86.0, 584.0, 86.0, 603.0, 63.67, 604.0, 41.33, 605.0, 19.0, 606.0]
rec: FEATURES.................
