text_instance: 0
bbox: [58, 255, 660, 282]
bezier_pts: [58.0, 498.0, 255.02, 215.18, 527.6, 215.52, 717.0, 511.0, 654.0, 536.0, 512.87, 289.27, 272.48, 284.77, 134.0, 532.0]
rec: TRAFFORD.................
text_instance: 1
bbox: [289, 328, 201, 162]
bezier_pts: [289.0, 363.0, 339.62, 351.27, 385.49, 334.1, 439.0, 328.0, 489.0, 442.0, 437.32, 460.5, 384.76, 476.22, 331.0, 489.0]
rec: The......................
text_instance: 2
bbox: [121, 769, 520, 179]
bezier_pts: [189.0, 772.0, 314.95, 890.28, 469.87, 879.84, 594.0, 769.0, 640.0, 828.0, 482.55, 998.04, 266.9, 1002.78, 121.0, 806.0]
rec: CENTRE...................
text_instance: 3
bbox: [382, 657, 145, 31]
bezier_pts: [384.0, 662.0, 430.32, 652.18, 477.02, 661.06, 524.0, 663.0, 526.0, 681.0, 478.0, 682.67, 430.0, 684.33, 382.0, 686.0]
rec: gettyimages..............
text_instance: 4
bbox: [382, 689, 79, 17]
bezier_pts: [383.0, 689.0, 407.83, 691.12, 435.05, 689.29, 460.0, 693.0, 460.0, 705.0, 434.0, 704.67, 408.0, 704.33, 382.0, 704.0]
rec: Bloomberg................
text_instance: 5
bbox: [16, 998, 63, 12]
bezier_pts: [16.0, 998.0, 36.33, 998.0, 56.67, 998.0, 77.0, 998.0, 78.0, 1008.0, 57.67, 1008.0, 37.33, 1008.0, 17.0, 1008.0]
rec: 107831802................
