text_instance: 0
bbox: [274, 272, 98, 21]
bezier_pts: [274.0, 272.0, 306.33, 272.0, 338.67, 272.0, 371.0, 272.0, 371.0, 291.0, 338.67, 291.0, 306.33, 291.0, 274.0, 291.0]
rec: Tachibana................
text_instance: 1
bbox: [220, 274, 50, 20]
bezier_pts: [220.0, 274.0, 236.33, 274.0, 252.67, 274.0, 269.0, 274.0, 269.0, 292.0, 252.67, 292.0, 236.33, 292.0, 220.0, 292.0]
rec: belta....................
text_instance: 2
bbox: [181, 276, 38, 19]
bezier_pts: [181.0, 276.0, 193.33, 276.0, 205.67, 276.0, 218.0, 276.0, 218.0, 294.0, 205.67, 294.0, 193.33, 294.0, 181.0, 294.0]
rec: Bon......................
text_instance: 3
bbox: [231, 126, 60, 34]
bezier_pts: [231.0, 151.0, 242.97, 124.74, 268.7, 125.56, 290.0, 126.0, 287.0, 141.0, 268.01, 130.39, 251.78, 140.82, 246.0, 159.0]
rec: MIYAZAKI.................
text_instance: 4
bbox: [291, 159, 23, 32]
bezier_pts: [313.0, 159.0, 314.85, 172.05, 308.9, 183.75, 299.0, 190.0, 291.0, 186.0, 298.9, 178.67, 303.76, 166.21, 300.0, 159.0]
rec: PASS.....................
text_instance: 5
bbox: [206, 44, 23, 53]
bezier_pts: [206.0, 44.0, 213.34, 44.39, 220.34, 42.85, 228.0, 45.0, 228.0, 96.0, 220.67, 96.0, 213.33, 96.0, 206.0, 96.0]
rec: 1........................
text_instance: 6
bbox: [234, 161, 22, 33]
bezier_pts: [249.0, 193.0, 237.82, 185.34, 231.5, 174.64, 234.0, 161.0, 244.0, 162.0, 243.01, 170.65, 250.29, 176.13, 255.0, 185.0]
rec: VISIT....................
text_instance: 7
bbox: [290, 134, 21, 24]
bezier_pts: [294.0, 134.0, 301.51, 134.02, 303.76, 143.2, 310.0, 152.0, 300.0, 157.0, 296.93, 151.87, 292.27, 147.53, 290.0, 142.0]
rec: BUS......................
text_instance: 8
bbox: [249, 147, 47, 34]
bezier_pts: [249.0, 148.0, 264.33, 147.67, 279.67, 147.33, 295.0, 147.0, 295.0, 179.0, 280.33, 179.33, 265.67, 179.67, 251.0, 180.0]
rec: 76.......................
