text_instance: 0
bbox: [232, 135, 55, 53]
bezier_pts: [232.0, 177.0, 246.1, 157.81, 260.01, 137.94, 286.0, 135.0, 285.0, 150.0, 263.33, 149.99, 253.35, 170.26, 243.0, 187.0]
rec: PATRIMONIO...............
text_instance: 1
bbox: [223, 192, 43, 86]
bezier_pts: [238.0, 194.0, 239.21, 221.43, 240.18, 246.06, 265.0, 260.0, 263.0, 277.0, 225.24, 260.56, 228.92, 221.97, 223.0, 192.0]
rec: WORLDHERITAGE............
text_instance: 2
bbox: [271, 228, 61, 50]
bezier_pts: [271.0, 261.0, 294.25, 261.76, 307.58, 248.37, 314.0, 228.0, 331.0, 236.0, 318.28, 257.23, 298.23, 272.27, 274.0, 277.0]
rec: PATRIMONIE...............
text_instance: 3
bbox: [285, 131, 47, 42]
bezier_pts: [293.0, 131.0, 303.71, 143.4, 324.86, 142.28, 331.0, 160.0, 320.0, 172.0, 317.84, 157.67, 302.63, 153.78, 285.0, 150.0]
rec: MUNDIAL..................
text_instance: 4
bbox: [318, 170, 20, 63]
bezier_pts: [318.0, 218.0, 326.67, 206.59, 325.25, 192.0, 318.0, 179.0, 337.0, 170.0, 337.88, 191.26, 335.5, 211.84, 331.0, 232.0]
rec: MONDIAL..................
text_instance: 5
bbox: [218, 293, 43, 23]
bezier_pts: [218.0, 295.0, 232.0, 294.33, 246.0, 293.67, 260.0, 293.0, 258.0, 310.0, 245.33, 311.67, 232.67, 313.33, 220.0, 315.0]
rec: WORLD....................
text_instance: 6
bbox: [261, 289, 55, 24]
bezier_pts: [261.0, 291.0, 278.67, 290.33, 296.33, 289.67, 314.0, 289.0, 315.0, 302.0, 297.9, 307.33, 280.43, 309.34, 262.0, 312.0]
rec: HERITAGE.................
text_instance: 7
bbox: [314, 288, 29, 21]
bezier_pts: [314.0, 289.0, 321.67, 288.67, 329.33, 288.33, 337.0, 288.0, 342.0, 307.0, 333.0, 307.33, 324.0, 307.67, 315.0, 308.0]
rec: SITE.....................
text_instance: 8
bbox: [518, 381, 82, 13]
bezier_pts: [519.0, 382.0, 545.33, 382.0, 571.67, 382.0, 598.0, 382.0, 599.0, 392.0, 572.63, 393.76, 545.02, 393.52, 518.0, 392.0]
rec: SMZDM.COM................
