text_instance: 0
bbox: [508, 474, 287, 98]
bezier_pts: [508.0, 531.0, 596.63, 437.0, 715.24, 462.71, 794.0, 550.0, 773.0, 571.0, 698.56, 496.87, 610.78, 482.98, 531.0, 556.0]
rec: PUBLIC...................
text_instance: 1
bbox: [494, 764, 301, 111]
bezier_pts: [512.0, 764.0, 583.11, 847.0, 683.56, 868.63, 760.0, 781.0, 794.0, 802.0, 709.23, 892.02, 588.5, 908.82, 494.0, 809.0]
rec: PARKING..................
text_instance: 2
bbox: [537, 552, 240, 222]
bezier_pts: [609.0, 552.0, 665.05, 551.11, 721.7, 553.94, 776.0, 561.0, 756.0, 707.0, 676.72, 695.07, 619.95, 778.99, 537.0, 765.0]
rec: P........................
