text_instance: 0
bbox: [307, 219, 52, 15]
bezier_pts: [307.0, 219.0, 324.0, 219.0, 341.0, 219.0, 358.0, 219.0, 358.0, 231.0, 340.76, 232.95, 324.14, 231.42, 307.0, 231.0]
rec: EXPLORING................
text_instance: 1
bbox: [251, 216, 30, 13]
bezier_pts: [251.0, 216.0, 260.67, 216.0, 270.33, 216.0, 280.0, 216.0, 280.0, 227.0, 270.24, 228.57, 260.95, 228.71, 251.0, 227.0]
rec: NEVER....................
text_instance: 2
bbox: [133, 104, 48, 67]
bezier_pts: [133.0, 134.0, 147.7, 123.77, 162.98, 112.67, 178.0, 104.0, 180.0, 137.0, 164.67, 148.0, 149.33, 159.0, 134.0, 170.0]
rec: HOUS.....................
text_instance: 3
bbox: [90, 319, 39, 29]
bezier_pts: [90.0, 339.0, 97.01, 323.62, 115.94, 319.61, 128.0, 319.0, 127.0, 333.0, 117.33, 337.67, 107.67, 342.33, 98.0, 347.0]
rec: DSON.....................
text_instance: 4
bbox: [130, 320, 42, 47]
bezier_pts: [135.0, 320.0, 155.6, 323.76, 169.96, 339.43, 171.0, 360.0, 159.0, 366.0, 158.36, 349.4, 143.31, 341.35, 130.0, 334.0]
rec: HOUSE....................
text_instance: 5
bbox: [127, 376, 44, 40]
bezier_pts: [130.0, 401.0, 143.04, 396.98, 153.95, 390.48, 159.0, 376.0, 170.0, 381.0, 163.92, 401.06, 148.14, 413.86, 127.0, 415.0]
rec: COMPANY..................
text_instance: 6
bbox: [283, 220, 26, 13]
bezier_pts: [283.0, 220.0, 291.33, 220.0, 299.67, 220.0, 308.0, 220.0, 308.0, 231.0, 300.14, 232.85, 292.63, 232.45, 285.0, 230.0]
rec: STOP.....................
