text_instance: 0
bbox: [231, 563, 64, 15]
bezier_pts: [231.0, 563.0, 252.0, 563.0, 273.0, 563.0, 294.0, 563.0, 294.0, 576.0, 273.0, 578.02, 252.57, 576.42, 231.0, 576.0]
rec: ALCOHOL..................
text_instance: 1
bbox: [145, 208, 139, 111]
bezier_pts: [145.0, 298.0, 169.97, 237.41, 218.96, 215.89, 280.0, 208.0, 283.0, 240.0, 232.32, 242.63, 184.59, 269.8, 168.0, 318.0]
rec: PREMIUM..................
text_instance: 2
bbox: [304, 207, 114, 79]
bezier_pts: [304.0, 207.0, 347.69, 212.15, 401.42, 212.35, 417.0, 267.0, 400.0, 285.0, 378.93, 243.66, 342.01, 237.96, 304.0, 240.0]
rec: QUALITY..................
text_instance: 3
bbox: [151, 350, 261, 82]
bezier_pts: [157.0, 379.0, 239.96, 396.06, 328.19, 352.61, 411.0, 350.0, 404.0, 387.0, 324.09, 426.87, 238.48, 441.24, 151.0, 424.0]
rec: Anchor...................
text_instance: 4
bbox: [175, 402, 214, 125]
bezier_pts: [175.0, 438.0, 246.0, 426.0, 317.0, 414.0, 388.0, 402.0, 385.0, 488.0, 322.29, 516.91, 254.19, 532.48, 186.0, 524.0]
rec: ICE......................
text_instance: 5
bbox: [232, 520, 117, 49]
bezier_pts: [232.0, 543.0, 268.0, 535.33, 304.0, 527.67, 340.0, 520.0, 348.0, 544.0, 311.51, 554.91, 274.62, 562.95, 237.0, 568.0]
rec: BEER.....................
text_instance: 6
bbox: [148, 471, 91, 143]
bezier_pts: [175.0, 471.0, 173.89, 520.95, 201.54, 564.86, 238.0, 595.0, 223.0, 613.0, 182.13, 576.04, 159.65, 529.1, 148.0, 472.0]
rec: ARCHIPELAGO..............
text_instance: 7
bbox: [228, 591, 101, 34]
bezier_pts: [238.0, 595.0, 263.37, 604.59, 295.63, 610.95, 319.0, 591.0, 328.0, 615.0, 294.63, 626.5, 261.31, 630.03, 228.0, 615.0]
rec: BREWERY..................
text_instance: 8
bbox: [297, 550, 56, 33]
bezier_pts: [297.0, 564.0, 315.0, 559.33, 333.0, 554.67, 351.0, 550.0, 352.0, 567.0, 335.67, 572.0, 319.33, 577.0, 303.0, 582.0]
rec: CONTENT..................
text_instance: 9
bbox: [256, 578, 29, 16]
bezier_pts: [256.0, 579.0, 265.33, 578.67, 274.67, 578.33, 284.0, 578.0, 284.0, 591.0, 274.67, 592.48, 265.33, 592.82, 256.0, 592.0]
rec: 58.......................
text_instance: 10
bbox: [328, 577, 29, 27]
bezier_pts: [328.0, 592.0, 335.0, 587.0, 342.0, 582.0, 349.0, 577.0, 356.0, 583.0, 350.28, 591.86, 342.8, 598.83, 333.0, 603.0]
rec: CO.......................
text_instance: 11
bbox: [362, 519, 28, 51]
bezier_pts: [362.0, 559.0, 366.94, 544.44, 378.94, 532.9, 380.0, 519.0, 389.0, 521.0, 390.14, 540.17, 376.46, 553.75, 369.0, 569.0]
rec: 1941.....................
text_instance: 12
bbox: [384, 466, 16, 37]
bezier_pts: [384.0, 501.0, 385.03, 491.34, 386.51, 478.69, 390.0, 468.0, 399.0, 466.0, 400.21, 478.16, 396.25, 489.93, 395.0, 502.0]
rec: PTE......................
text_instance: 13
bbox: [391, 422, 15, 43]
bezier_pts: [391.0, 464.0, 391.08, 451.61, 390.51, 438.59, 396.0, 426.0, 405.0, 422.0, 407.07, 434.7, 400.28, 447.5, 401.0, 460.0]
rec: LTD......................
