text_instance: 0
bbox: [630, 422, 172, 78]
bezier_pts: [630.0, 461.0, 682.41, 411.54, 744.48, 404.42, 801.0, 454.0, 784.0, 492.0, 741.96, 448.17, 689.97, 458.97, 651.0, 499.0]
rec: BUTANG...................
text_instance: 1
bbox: [646, 480, 101, 110]
bezier_pts: [657.0, 589.0, 623.03, 525.61, 665.48, 457.48, 746.0, 480.0, 734.0, 501.0, 681.68, 490.72, 652.0, 532.21, 678.0, 578.0]
rec: EMERGENCY................
text_instance: 2
bbox: [743, 482, 48, 101]
bezier_pts: [758.0, 482.0, 794.49, 505.48, 793.25, 544.42, 783.0, 582.0, 763.0, 572.0, 771.63, 545.25, 771.41, 518.1, 743.0, 502.0]
rec: BUTTON...................
text_instance: 3
bbox: [616, 577, 216, 93]
bezier_pts: [638.0, 592.0, 687.16, 654.92, 757.35, 653.65, 796.0, 577.0, 831.0, 599.0, 773.54, 682.03, 678.76, 710.14, 616.0, 614.0]
rec: KECEMASAN................
text_instance: 4
bbox: [598, 796, 59, 18]
bezier_pts: [599.0, 798.0, 616.33, 797.33, 633.67, 796.67, 651.0, 796.0, 656.0, 809.0, 635.93, 811.04, 617.7, 811.3, 598.0, 813.0]
rec: DENDA....................
text_instance: 5
bbox: [293, 393, 43, 40]
bezier_pts: [296.0, 396.0, 308.09, 392.63, 319.74, 392.12, 332.0, 394.0, 335.0, 430.0, 320.93, 431.69, 306.88, 431.69, 293.0, 430.0]
rec: i........................
text_instance: 6
bbox: [654, 792, 45, 19]
bezier_pts: [656.0, 796.0, 668.6, 793.08, 681.56, 791.58, 695.0, 792.0, 698.0, 807.0, 683.53, 807.95, 668.76, 810.18, 654.0, 810.0]
rec: ATAS.....................
text_instance: 7
bbox: [698, 780, 151, 29]
bezier_pts: [699.0, 792.0, 748.67, 788.0, 798.33, 784.0, 848.0, 780.0, 848.0, 798.0, 798.0, 801.33, 748.0, 804.67, 698.0, 808.0]
rec: PENYALAHGUNAAN...........
text_instance: 8
bbox: [635, 811, 58, 20]
bezier_pts: [637.0, 816.0, 656.14, 815.34, 673.6, 809.53, 692.0, 811.0, 691.0, 825.0, 672.99, 826.28, 653.89, 828.22, 635.0, 829.0]
rec: PENALTY..................
text_instance: 9
bbox: [692, 812, 31, 15]
bezier_pts: [694.0, 814.0, 703.24, 812.5, 712.94, 811.6, 722.0, 812.0, 722.0, 824.0, 711.95, 824.5, 701.85, 825.57, 692.0, 823.0]
rec: FOR......................
text_instance: 10
bbox: [722, 805, 68, 17]
bezier_pts: [723.0, 812.0, 745.0, 809.67, 767.0, 807.33, 789.0, 805.0, 786.0, 818.0, 764.67, 819.0, 743.33, 820.0, 722.0, 821.0]
rec: IMPROPER.................
text_instance: 11
bbox: [789, 801, 31, 18]
bezier_pts: [789.0, 805.0, 798.65, 801.35, 809.17, 801.33, 819.0, 804.0, 819.0, 815.0, 809.0, 816.0, 799.0, 817.0, 789.0, 818.0]
rec: USE......................
