text_instance: 0
bbox: [173, 126, 73, 15]
bezier_pts: [173.0, 126.0, 197.0, 126.0, 221.0, 126.0, 245.0, 126.0, 245.0, 138.0, 220.93, 140.73, 196.85, 140.77, 173.0, 138.0]
rec: ORCHARDS.................
text_instance: 1
bbox: [49, 121, 46, 16]
bezier_pts: [49.0, 121.0, 64.0, 121.0, 79.0, 121.0, 94.0, 121.0, 94.0, 134.0, 79.1, 136.62, 64.28, 136.84, 49.0, 134.0]
rec: FRUIT....................
text_instance: 2
bbox: [29, 74, 236, 37]
bezier_pts: [29.0, 74.0, 107.33, 74.0, 185.67, 74.0, 264.0, 74.0, 264.0, 108.0, 184.97, 109.93, 106.44, 108.52, 29.0, 108.0]
rec: HADLEY...................
text_instance: 3
bbox: [99, 139, 52, 30]
bezier_pts: [102.0, 139.0, 117.25, 143.73, 132.17, 157.15, 150.0, 152.0, 150.0, 168.0, 131.74, 163.33, 113.22, 169.23, 99.0, 151.0]
rec: SINCE....................
text_instance: 4
bbox: [154, 143, 43, 26]
bezier_pts: [154.0, 149.0, 168.71, 153.97, 181.08, 150.68, 186.0, 143.0, 196.0, 158.0, 183.59, 164.33, 170.5, 167.48, 157.0, 168.0]
rec: 1931.....................
