text_instance: 0
bbox: [310, 350, 62, 35]
bezier_pts: [310.0, 350.0, 330.33, 350.0, 350.67, 350.0, 371.0, 350.0, 371.0, 383.0, 350.73, 383.3, 330.8, 384.89, 310.0, 383.0]
rec: 1995.....................
text_instance: 1
bbox: [321, 332, 42, 20]
bezier_pts: [321.0, 332.0, 334.67, 332.0, 348.33, 332.0, 362.0, 332.0, 362.0, 350.0, 348.02, 351.58, 334.49, 351.67, 321.0, 350.0]
rec: EST......................
text_instance: 2
bbox: [222, 121, 50, 90]
bezier_pts: [222.0, 184.0, 231.4, 162.53, 251.23, 146.53, 250.0, 121.0, 271.0, 136.0, 250.69, 154.77, 241.27, 186.28, 229.0, 210.0]
rec: GOOD.....................
text_instance: 3
bbox: [271, 80, 156, 66]
bezier_pts: [271.0, 102.0, 324.87, 60.94, 384.38, 80.15, 426.0, 121.0, 409.0, 145.0, 376.69, 88.57, 328.48, 89.43, 279.0, 126.0]
rec: INDONESIAN...............
text_instance: 4
bbox: [421, 144, 54, 88]
bezier_pts: [438.0, 144.0, 450.17, 168.28, 457.21, 197.26, 474.0, 220.0, 445.0, 231.0, 459.47, 200.38, 431.1, 181.86, 421.0, 160.0]
rec: FOOD.....................
text_instance: 5
bbox: [245, 108, 205, 126]
bezier_pts: [245.0, 205.0, 302.89, 43.91, 417.47, 92.73, 449.0, 229.0, 402.0, 233.0, 378.43, 148.04, 316.75, 127.79, 290.0, 223.0]
rec: naughty..................
text_instance: 6
bbox: [300, 210, 94, 34]
bezier_pts: [303.0, 210.0, 332.0, 213.33, 361.0, 216.67, 390.0, 220.0, 393.0, 243.0, 362.0, 240.0, 331.0, 237.0, 300.0, 234.0]
rec: TRADEMARK................
text_instance: 7
bbox: [229, 240, 220, 91]
bezier_pts: [229.0, 240.0, 302.96, 247.56, 376.06, 247.83, 448.0, 264.0, 445.0, 330.0, 373.67, 322.0, 302.33, 314.0, 231.0, 306.0]
rec: NURIS....................
text_instance: 8
bbox: [243, 333, 202, 136]
bezier_pts: [274.0, 333.0, 304.54, 426.8, 377.25, 449.41, 409.0, 340.0, 444.0, 370.0, 388.59, 508.19, 291.09, 489.94, 243.0, 363.0]
rec: Warung...................
text_instance: 9
bbox: [214, 357, 49, 82]
bezier_pts: [235.0, 357.0, 245.4, 377.16, 245.83, 401.97, 262.0, 421.0, 252.0, 438.0, 233.76, 416.52, 237.91, 382.56, 214.0, 363.0]
rec: UBUD.....................
text_instance: 10
bbox: [274, 450, 64, 50]
bezier_pts: [279.0, 450.0, 298.33, 459.0, 317.67, 468.0, 337.0, 477.0, 336.0, 499.0, 314.29, 493.61, 293.54, 485.0, 274.0, 474.0]
rec: BALI.....................
text_instance: 11
bbox: [361, 372, 105, 124]
bezier_pts: [361.0, 471.0, 406.7, 453.2, 429.9, 417.47, 441.0, 372.0, 465.0, 379.0, 440.45, 422.52, 414.07, 470.81, 370.0, 495.0]
rec: INDONESIAN...............
