text_instance: 0
bbox: [24, 138, 299, 198]
bezier_pts: [24.0, 154.0, 121.33, 125.56, 217.99, 155.78, 314.0, 138.0, 322.0, 209.0, 217.79, 210.68, 134.99, 290.95, 46.0, 335.0]
rec: Ocean....................
text_instance: 1
bbox: [441, 106, 171, 89]
bezier_pts: [441.0, 106.0, 493.67, 106.33, 546.33, 106.67, 599.0, 107.0, 611.0, 178.0, 560.24, 186.04, 508.24, 191.39, 455.0, 194.0]
rec: Park.....................
text_instance: 2
bbox: [131, 242, 90, 68]
bezier_pts: [131.0, 277.0, 157.91, 257.84, 189.1, 254.49, 220.0, 242.0, 216.0, 278.0, 189.0, 288.33, 162.0, 298.67, 135.0, 309.0]
rec: Hong.....................
text_instance: 3
bbox: [224, 216, 83, 52]
bezier_pts: [224.0, 236.0, 251.33, 229.33, 278.67, 222.67, 306.0, 216.0, 306.0, 252.0, 279.67, 257.0, 253.33, 262.0, 227.0, 267.0]
rec: Kong.....................
