text_instance: 0
bbox: [63, 237, 44, 16]
bezier_pts: [67.0, 237.0, 79.67, 238.0, 92.33, 239.0, 105.0, 240.0, 106.0, 251.0, 91.67, 251.0, 77.33, 251.0, 63.0, 251.0]
rec: 2017.....................
text_instance: 1
bbox: [106, 358, 83, 98]
bezier_pts: [106.0, 417.0, 125.59, 398.34, 137.39, 366.8, 166.0, 358.0, 188.0, 388.0, 165.95, 407.94, 152.16, 429.62, 137.0, 455.0]
rec: AIS......................
text_instance: 2
bbox: [185, 332, 199, 108]
bezier_pts: [185.0, 342.0, 258.76, 313.79, 336.49, 347.57, 383.0, 407.0, 360.0, 439.0, 323.74, 384.72, 261.3, 356.95, 198.0, 380.0]
rec: KACANG...................
text_instance: 3
bbox: [205, 402, 108, 46]
bezier_pts: [205.0, 406.0, 242.2, 397.59, 276.86, 403.79, 312.0, 406.0, 303.0, 447.0, 275.9, 435.0, 244.38, 433.33, 216.0, 444.0]
rec: ABC......................
text_instance: 4
bbox: [435, 304, 80, 37]
bezier_pts: [435.0, 310.0, 461.33, 308.0, 487.67, 306.0, 514.0, 304.0, 505.0, 339.0, 481.67, 339.0, 458.33, 339.0, 435.0, 339.0]
rec: ORDER....................
text_instance: 5
bbox: [511, 307, 51, 36]
bezier_pts: [511.0, 310.0, 527.67, 309.0, 544.33, 308.0, 561.0, 307.0, 561.0, 336.0, 545.52, 340.11, 529.55, 340.72, 513.0, 342.0]
rec: HERE.....................
text_instance: 6
bbox: [170, 576, 58, 25]
bezier_pts: [170.0, 585.0, 187.75, 581.18, 205.54, 577.12, 224.0, 576.0, 227.0, 591.0, 209.67, 594.0, 192.33, 597.0, 175.0, 600.0]
rec: KACANG...................
text_instance: 7
bbox: [179, 594, 33, 23]
bezier_pts: [179.0, 598.0, 188.27, 591.94, 200.45, 597.04, 210.0, 594.0, 211.0, 605.0, 201.67, 608.67, 192.33, 612.33, 183.0, 616.0]
rec: ABC......................
text_instance: 8
bbox: [371, 455, 35, 25]
bezier_pts: [371.0, 455.0, 382.33, 455.0, 393.67, 455.0, 405.0, 455.0, 405.0, 479.0, 395.33, 479.0, 385.67, 479.0, 376.0, 479.0]
rec: NEW......................
text_instance: 9
bbox: [66, 252, 63, 12]
bezier_pts: [66.0, 252.0, 86.0, 252.67, 106.0, 253.33, 126.0, 254.0, 128.0, 262.0, 107.33, 261.67, 86.67, 261.33, 66.0, 261.0]
rec: PETALINGJAYA.............
text_instance: 10
bbox: [170, 568, 30, 18]
bezier_pts: [170.0, 571.0, 178.36, 570.14, 187.24, 567.57, 196.0, 568.0, 199.0, 581.0, 190.67, 582.33, 182.33, 583.67, 174.0, 585.0]
rec: AIS......................
text_instance: 11
bbox: [377, 489, 29, 12]
bezier_pts: [377.0, 491.0, 386.0, 490.33, 395.0, 489.67, 404.0, 489.0, 405.0, 499.0, 396.78, 500.54, 388.45, 499.86, 380.0, 500.0]
rec: Cucur....................
text_instance: 12
bbox: [376, 498, 36, 14]
bezier_pts: [376.0, 500.0, 387.33, 499.33, 398.67, 498.67, 410.0, 498.0, 411.0, 509.0, 400.87, 510.75, 389.53, 511.26, 379.0, 511.0]
rec: Udang....................
