text_instance: 0
bbox: [56, 111, 36, 35]
bezier_pts: [56.0, 136.0, 62.88, 121.81, 77.45, 121.87, 85.0, 111.0, 91.0, 126.0, 81.16, 131.5, 73.08, 137.7, 65.0, 145.0]
rec: BREWED...................
text_instance: 1
bbox: [92, 107, 53, 20]
bezier_pts: [92.0, 109.0, 109.33, 108.33, 126.67, 107.67, 144.0, 107.0, 143.0, 124.0, 126.1, 125.92, 109.2, 127.07, 93.0, 125.0]
rec: WELLS....................
text_instance: 2
bbox: [151, 105, 26, 21]
bezier_pts: [152.0, 105.0, 160.0, 108.0, 168.0, 111.0, 176.0, 114.0, 169.0, 125.0, 162.45, 124.7, 157.32, 123.14, 151.0, 122.0]
rec: WITH.....................
text_instance: 3
bbox: [171, 118, 17, 45]
bezier_pts: [180.0, 118.0, 188.05, 131.04, 186.87, 141.74, 187.0, 154.0, 183.0, 162.0, 176.58, 149.52, 185.95, 137.86, 171.0, 130.0]
rec: BANANA...................
text_instance: 4
bbox: [72, 176, 105, 34]
bezier_pts: [72.0, 180.0, 105.45, 188.33, 140.09, 184.54, 174.0, 176.0, 176.0, 188.0, 146.14, 214.8, 106.12, 213.57, 74.0, 197.0]
rec: BANANA...................
text_instance: 5
bbox: [87, 202, 44, 15]
bezier_pts: [89.0, 202.0, 102.33, 203.67, 115.67, 205.33, 129.0, 207.0, 130.0, 215.0, 114.86, 217.23, 100.98, 216.14, 87.0, 211.0]
rec: BREAD....................
text_instance: 6
bbox: [133, 197, 31, 18]
bezier_pts: [134.0, 205.0, 142.67, 202.33, 151.33, 199.67, 160.0, 197.0, 163.0, 207.0, 152.88, 210.06, 143.44, 213.83, 133.0, 214.0]
rec: BEER.....................
