text_instance: 0
bbox: [167, 236, 131, 51]
bezier_pts: [167.0, 258.0, 203.89, 228.81, 253.54, 232.62, 297.0, 251.0, 277.0, 283.0, 244.98, 268.47, 212.69, 255.44, 184.0, 286.0]
rec: FARM.....................
text_instance: 1
bbox: [162, 351, 143, 56]
bezier_pts: [180.0, 351.0, 210.12, 368.11, 242.31, 388.05, 271.0, 352.0, 304.0, 368.0, 265.93, 419.65, 209.5, 418.66, 162.0, 380.0]
rec: FABLE....................
text_instance: 2
bbox: [148, 312, 27, 23]
bezier_pts: [148.0, 313.0, 156.67, 312.67, 165.33, 312.33, 174.0, 312.0, 174.0, 332.0, 165.96, 333.56, 157.39, 332.86, 149.0, 333.0]
rec: 20.......................
text_instance: 3
bbox: [294, 306, 23, 23]
bezier_pts: [294.0, 309.0, 301.0, 308.0, 308.0, 307.0, 315.0, 306.0, 316.0, 325.0, 309.13, 327.25, 302.08, 328.04, 295.0, 327.0]
rec: 13.......................
