text_instance: 0
bbox: [154, 459, 228, 57]
bezier_pts: [172.0, 468.0, 234.23, 494.05, 298.68, 497.51, 357.0, 459.0, 381.0, 482.0, 312.92, 527.07, 225.38, 524.0, 154.0, 496.0]
rec: ASCHAUER.................
text_instance: 1
bbox: [221, 506, 94, 37]
bezier_pts: [225.0, 510.0, 254.33, 508.67, 283.67, 507.33, 313.0, 506.0, 314.0, 535.0, 283.2, 539.33, 251.89, 540.7, 221.0, 539.0]
rec: Hute.....................
text_instance: 2
bbox: [110, 524, 85, 35]
bezier_pts: [110.0, 540.0, 137.37, 520.5, 168.65, 517.74, 194.0, 538.0, 184.0, 558.0, 164.96, 534.2, 141.61, 544.05, 118.0, 556.0]
rec: SCHLOSSEREI..............
text_instance: 3
bbox: [112, 556, 83, 33]
bezier_pts: [112.0, 558.0, 139.33, 557.33, 166.67, 556.67, 194.0, 556.0, 194.0, 582.0, 167.33, 586.76, 140.67, 588.58, 114.0, 588.0]
rec: Bieber...................
text_instance: 4
bbox: [115, 609, 87, 25]
bezier_pts: [121.0, 610.0, 145.97, 619.26, 173.17, 617.0, 198.0, 609.0, 201.0, 625.0, 173.63, 634.43, 141.99, 635.16, 115.0, 626.0]
rec: SCHLUSSEI................
text_instance: 5
bbox: [119, 626, 73, 15]
bezier_pts: [125.0, 627.0, 147.0, 626.67, 169.0, 626.33, 191.0, 626.0, 191.0, 637.0, 166.91, 639.66, 142.91, 639.42, 119.0, 636.0]
rec: DIENST...................
