text_instance: 0
bbox: [348, 364, 82, 171]
bezier_pts: [348.0, 534.0, 347.98, 475.06, 359.73, 420.44, 378.0, 364.0, 429.0, 406.0, 425.51, 447.73, 410.35, 484.41, 416.0, 527.0]
rec: TEH......................
text_instance: 1
bbox: [429, 307, 68, 145]
bezier_pts: [429.0, 429.0, 441.8, 385.19, 441.51, 341.97, 475.0, 307.0, 496.0, 338.0, 475.66, 373.55, 458.3, 408.17, 455.0, 451.0]
rec: PLACE....................
text_instance: 2
bbox: [378, 174, 136, 216]
bezier_pts: [378.0, 347.0, 398.51, 281.91, 438.35, 221.56, 487.0, 174.0, 513.0, 256.0, 488.83, 299.82, 438.92, 330.23, 439.0, 389.0]
rec: TARIK....................
