text_instance: 0
bbox: [84, 96, 186, 81]
bezier_pts: [84.0, 142.0, 134.54, 88.85, 208.26, 99.06, 269.0, 96.0, 268.0, 129.0, 216.01, 147.93, 152.06, 155.22, 100.0, 176.0]
rec: SELAMAT..................
text_instance: 1
bbox: [283, 96, 157, 69]
bezier_pts: [283.0, 96.0, 337.65, 97.19, 393.51, 96.52, 439.0, 129.0, 433.0, 164.0, 382.15, 156.15, 335.93, 136.33, 284.0, 135.0]
rec: DATANG...................
text_instance: 2
bbox: [154, 146, 206, 53]
bezier_pts: [165.0, 147.0, 229.67, 146.67, 294.33, 146.33, 359.0, 146.0, 359.0, 198.0, 290.67, 196.67, 222.33, 195.33, 154.0, 194.0]
rec: MEMORi...................
text_instance: 3
bbox: [90, 188, 226, 59]
bezier_pts: [96.0, 188.0, 171.03, 207.79, 239.61, 183.55, 315.0, 202.0, 312.0, 246.0, 238.0, 245.67, 164.0, 245.33, 90.0, 245.0]
rec: DTANJUNG.................
text_instance: 4
bbox: [329, 198, 115, 44]
bezier_pts: [332.0, 206.0, 366.56, 197.77, 403.38, 200.5, 438.0, 198.0, 443.0, 235.0, 406.16, 242.3, 368.7, 243.21, 329.0, 239.0]
rec: ASAM.....................
text_instance: 5
bbox: [115, 252, 60, 24]
bezier_pts: [115.0, 253.0, 134.33, 252.67, 153.67, 252.33, 173.0, 252.0, 174.0, 274.0, 155.0, 274.33, 136.0, 274.67, 117.0, 275.0]
rec: PUSAT....................
text_instance: 6
bbox: [249, 249, 108, 29]
bezier_pts: [249.0, 252.0, 284.0, 251.0, 319.0, 250.0, 354.0, 249.0, 356.0, 275.0, 321.48, 276.24, 286.16, 277.71, 251.0, 276.0]
rec: REAKRASI.................
text_instance: 7
bbox: [206, 274, 78, 30]
bezier_pts: [206.0, 275.0, 231.67, 274.67, 257.33, 274.33, 283.0, 274.0, 282.0, 301.0, 258.02, 300.85, 234.07, 301.56, 209.0, 300.0]
rec: 4670126..................
text_instance: 8
bbox: [291, 275, 37, 30]
bezier_pts: [293.0, 275.0, 303.67, 275.33, 314.33, 275.67, 325.0, 276.0, 327.0, 299.0, 315.83, 303.56, 300.71, 308.5, 291.0, 301.0]
rec: PAk......................
text_instance: 9
bbox: [336, 276, 37, 23]
bezier_pts: [336.0, 276.0, 348.0, 276.33, 360.0, 274.89, 372.0, 277.0, 372.0, 297.0, 361.11, 298.55, 349.23, 298.52, 338.0, 297.0]
rec: TEH......................
text_instance: 10
bbox: [190, 253, 46, 22]
bezier_pts: [190.0, 253.0, 205.0, 253.0, 220.0, 253.0, 235.0, 253.0, 234.0, 273.0, 219.33, 273.0, 204.67, 273.0, 190.0, 273.0]
rec: MINI.....................
text_instance: 11
bbox: [128, 277, 32, 23]
bezier_pts: [128.0, 277.0, 137.67, 277.0, 147.33, 277.0, 157.0, 277.0, 159.0, 298.0, 149.33, 298.0, 139.67, 298.0, 130.0, 298.0]
rec: TEL......................
text_instance: 12
bbox: [170, 276, 30, 24]
bezier_pts: [170.0, 276.0, 179.67, 276.33, 189.33, 276.67, 199.0, 277.0, 199.0, 298.0, 189.33, 298.0, 179.67, 298.0, 170.0, 298.0]
rec: 016......................
