text_instance: 0
bbox: [294, 364, 63, 46]
bezier_pts: [304.0, 364.0, 321.47, 368.36, 339.47, 368.04, 356.0, 377.0, 351.0, 409.0, 332.05, 406.42, 312.61, 403.97, 294.0, 402.0]
rec: St.......................
text_instance: 1
bbox: [317, 259, 246, 116]
bezier_pts: [317.0, 346.0, 368.16, 237.82, 474.65, 229.37, 562.0, 301.0, 536.0, 350.0, 475.8, 289.59, 403.68, 301.14, 361.0, 374.0]
rec: GASPAR...................
text_instance: 2
bbox: [492, 329, 101, 67]
bezier_pts: [492.0, 374.0, 521.67, 359.0, 551.33, 344.0, 581.0, 329.0, 592.0, 355.0, 563.85, 369.91, 534.57, 383.31, 505.0, 395.0]
rec: Primary..................
text_instance: 3
bbox: [524, 372, 85, 42]
bezier_pts: [524.0, 388.0, 552.0, 382.67, 580.0, 377.33, 608.0, 372.0, 608.0, 402.0, 581.31, 406.56, 553.55, 411.56, 526.0, 413.0]
rec: School...................
