text_instance: 0
bbox: [169, 429, 90, 25]
bezier_pts: [169.0, 429.0, 198.67, 429.0, 228.33, 429.0, 258.0, 429.0, 258.0, 452.0, 228.33, 452.0, 198.67, 452.0, 169.0, 452.0]
rec: BAPTIS...................
text_instance: 1
bbox: [266, 427, 154, 25]
bezier_pts: [266.0, 427.0, 317.0, 427.0, 368.0, 427.0, 419.0, 427.0, 419.0, 450.0, 368.0, 451.5, 316.36, 451.79, 266.0, 450.0]
rec: EMMANUEL.................
text_instance: 2
bbox: [78, 429, 87, 27]
bezier_pts: [78.0, 429.0, 106.67, 429.0, 135.33, 429.0, 164.0, 429.0, 164.0, 452.0, 135.97, 454.05, 105.88, 453.95, 78.0, 452.0]
rec: GEREJA...................
text_instance: 3
bbox: [107, 363, 49, 56]
bezier_pts: [107.0, 407.0, 114.44, 391.39, 128.43, 377.34, 137.0, 363.0, 155.0, 375.0, 145.0, 389.33, 135.0, 403.67, 125.0, 418.0]
rec: TADIKA...................
text_instance: 4
bbox: [144, 315, 79, 57]
bezier_pts: [144.0, 356.0, 162.62, 331.6, 194.12, 331.33, 218.0, 315.0, 222.0, 340.0, 199.07, 346.28, 179.35, 357.74, 159.0, 371.0]
rec: EMMANUEL.................
text_instance: 5
bbox: [185, 379, 75, 15]
bezier_pts: [185.0, 382.0, 209.67, 381.0, 234.33, 380.0, 259.0, 379.0, 258.0, 391.0, 234.0, 391.67, 210.0, 392.33, 186.0, 393.0]
rec: ENROLNOW.................
