text_instance: 0
bbox: [1006, 387, 91, 81]
bezier_pts: [1006.0, 387.0, 1036.0, 387.0, 1066.0, 387.0, 1096.0, 387.0, 1096.0, 465.0, 1066.0, 465.0, 1036.0, 465.0, 1006.0, 465.0]
rec: BUN......................
text_instance: 1
bbox: [636, 623, 47, 25]
bezier_pts: [636.0, 623.0, 651.33, 623.0, 666.67, 623.0, 682.0, 623.0, 682.0, 645.0, 666.67, 645.0, 651.33, 645.0, 636.0, 645.0]
rec: KOPI.....................
text_instance: 2
bbox: [609, 516, 43, 23]
bezier_pts: [609.0, 516.0, 623.0, 516.0, 637.0, 516.0, 651.0, 516.0, 651.0, 537.0, 636.83, 537.48, 623.07, 539.16, 609.0, 537.0]
rec: NUOC.....................
text_instance: 3
bbox: [694, 513, 63, 56]
bezier_pts: [694.0, 513.0, 714.67, 513.0, 735.33, 513.0, 756.0, 513.0, 756.0, 567.0, 735.34, 568.66, 714.93, 568.54, 694.0, 567.0]
rec: UOC......................
text_instance: 4
bbox: [572, 628, 58, 24]
bezier_pts: [572.0, 628.0, 591.0, 628.0, 610.0, 628.0, 629.0, 628.0, 629.0, 650.0, 610.0, 650.0, 591.0, 650.0, 572.0, 650.0]
rec: HALAL....................
text_instance: 5
bbox: [536, 521, 42, 24]
bezier_pts: [536.0, 521.0, 549.67, 521.0, 563.33, 521.0, 577.0, 521.0, 577.0, 541.0, 563.1, 544.03, 549.4, 544.15, 536.0, 541.0]
rec: SINH.....................
text_instance: 6
bbox: [701, 561, 66, 35]
bezier_pts: [701.0, 561.0, 722.67, 561.0, 744.33, 561.0, 766.0, 561.0, 766.0, 594.0, 744.33, 594.0, 722.67, 594.0, 701.0, 594.0]
rec: 000......................
text_instance: 7
bbox: [176, 329, 62, 121]
bezier_pts: [176.0, 407.0, 198.91, 388.78, 205.76, 354.4, 215.0, 329.0, 237.0, 387.0, 218.75, 404.84, 219.81, 429.92, 205.0, 449.0]
rec: KHU......................
text_instance: 8
bbox: [278, 313, 73, 112]
bezier_pts: [284.0, 313.0, 311.36, 328.98, 333.22, 350.74, 350.0, 376.0, 328.0, 424.0, 311.33, 404.67, 294.67, 385.33, 278.0, 366.0]
rec: UONG.....................
text_instance: 9
bbox: [821, 155, 107, 165]
bezier_pts: [821.0, 267.0, 838.09, 225.78, 875.32, 192.78, 896.0, 155.0, 927.0, 231.0, 895.73, 248.94, 880.76, 287.55, 862.0, 319.0]
rec: KHU......................
text_instance: 10
bbox: [1006, 111, 153, 162]
bezier_pts: [1035.0, 111.0, 1081.24, 135.01, 1136.01, 154.57, 1158.0, 209.0, 1107.0, 272.0, 1086.84, 229.26, 1043.69, 211.21, 1006.0, 185.0]
rec: UONG.....................
text_instance: 11
bbox: [1104, 395, 45, 29]
bezier_pts: [1104.0, 395.0, 1118.0, 397.0, 1132.0, 399.0, 1146.0, 401.0, 1148.0, 422.0, 1133.86, 422.53, 1119.56, 422.57, 1105.0, 422.0]
rec: BOHUE....................
text_instance: 12
bbox: [1099, 422, 63, 28]
bezier_pts: [1099.0, 422.0, 1118.78, 423.23, 1141.02, 424.36, 1161.0, 428.0, 1161.0, 448.0, 1141.72, 448.98, 1122.9, 448.33, 1104.0, 446.0]
rec: MAMMOC...................
text_instance: 13
bbox: [1099, 449, 65, 30]
bezier_pts: [1101.0, 449.0, 1121.67, 450.67, 1142.33, 452.33, 1163.0, 454.0, 1161.0, 478.0, 1140.33, 476.67, 1119.67, 475.33, 1099.0, 474.0]
rec: REUCAOC..................
text_instance: 14
bbox: [1002, 466, 156, 38]
bezier_pts: [1005.0, 466.0, 1057.68, 469.73, 1108.03, 471.46, 1157.0, 483.0, 1155.0, 503.0, 1104.0, 500.33, 1053.0, 497.67, 1002.0, 495.0]
rec: MUQUANGMIENGA50000.......
text_instance: 15
bbox: [999, 492, 168, 36]
bezier_pts: [1006.0, 492.0, 1059.36, 493.88, 1112.57, 498.69, 1166.0, 509.0, 1166.0, 527.0, 1111.33, 526.87, 1054.62, 523.45, 999.0, 521.0]
rec: HOTIUNAMYANG50000........
text_instance: 16
bbox: [1008, 519, 154, 39]
bezier_pts: [1008.0, 519.0, 1058.16, 521.61, 1110.74, 524.17, 1161.0, 530.0, 1160.0, 557.0, 1109.33, 555.0, 1058.67, 553.0, 1008.0, 551.0]
rec: BUNTOMCANG200000.........
text_instance: 17
bbox: [1006, 547, 156, 35]
bezier_pts: [1013.0, 547.0, 1062.33, 550.33, 1111.67, 553.67, 1161.0, 557.0, 1160.0, 580.0, 1107.71, 581.23, 1056.28, 578.73, 1006.0, 578.0]
rec: CHAGIOBICUONGONCOON......
text_instance: 18
bbox: [1005, 580, 153, 34]
bezier_pts: [1005.0, 580.0, 1055.67, 582.67, 1106.33, 585.33, 1157.0, 588.0, 1155.0, 612.0, 1105.0, 610.0, 1055.0, 608.0, 1005.0, 606.0]
rec: BANHCANHCUA50000.........
text_instance: 19
bbox: [1002, 612, 159, 34]
bezier_pts: [1002.0, 612.0, 1054.0, 614.33, 1106.0, 616.67, 1158.0, 619.0, 1160.0, 642.0, 1107.54, 643.28, 1054.02, 640.95, 1002.0, 639.0]
rec: THITNUONGNEWNUONGCHAOTOM.
text_instance: 20
bbox: [1022, 639, 78, 25]
bezier_pts: [1025.0, 639.0, 1048.67, 639.0, 1072.33, 639.0, 1096.0, 639.0, 1099.0, 660.0, 1072.99, 661.4, 1046.97, 662.13, 1022.0, 662.0]
rec: CANHBUN..................
text_instance: 21
bbox: [795, 563, 44, 21]
bezier_pts: [798.0, 563.0, 810.67, 563.0, 823.33, 563.0, 836.0, 563.0, 838.0, 580.0, 823.87, 583.15, 809.87, 582.89, 795.0, 581.0]
rec: 20000....................
text_instance: 22
bbox: [934, 113, 68, 104]
bezier_pts: [934.0, 137.0, 954.57, 126.75, 977.46, 118.17, 999.0, 113.0, 1001.0, 193.0, 980.33, 200.67, 959.67, 208.33, 939.0, 216.0]
rec: AN.......................
text_instance: 23
bbox: [234, 314, 44, 66]
bezier_pts: [234.0, 325.0, 245.9, 318.76, 258.49, 312.44, 273.0, 314.0, 277.0, 369.0, 264.67, 372.33, 252.33, 375.67, 240.0, 379.0]
rec: AN.......................
text_instance: 24
bbox: [754, 514, 54, 51]
bezier_pts: [754.0, 520.0, 768.81, 517.18, 785.53, 515.53, 801.0, 514.0, 807.0, 560.0, 790.13, 561.83, 773.55, 562.5, 756.0, 564.0]
rec: MIA......................
