text_instance: 0
bbox: [469, 411, 113, 40]
bezier_pts: [469.0, 411.0, 506.33, 411.0, 543.67, 411.0, 581.0, 411.0, 581.0, 448.0, 544.19, 450.47, 507.21, 449.95, 469.0, 448.0]
rec: budget...................
text_instance: 1
bbox: [559, 380, 54, 30]
bezier_pts: [559.0, 380.0, 576.67, 380.0, 594.33, 380.0, 612.0, 380.0, 612.0, 407.0, 594.78, 409.06, 576.5, 407.5, 559.0, 407.0]
rec: self.....................
text_instance: 2
bbox: [623, 384, 118, 31]
bezier_pts: [623.0, 384.0, 662.0, 384.0, 701.0, 384.0, 740.0, 384.0, 740.0, 412.0, 701.0, 412.0, 662.0, 412.0, 623.0, 412.0]
rec: catering.................
text_instance: 3
bbox: [468, 126, 128, 71]
bezier_pts: [468.0, 164.0, 501.58, 136.73, 543.35, 133.43, 584.0, 126.0, 595.0, 161.0, 562.33, 172.67, 529.67, 184.33, 497.0, 196.0]
rec: LAKE.....................
text_instance: 4
bbox: [612, 126, 197, 98]
bezier_pts: [615.0, 126.0, 687.16, 125.11, 755.25, 147.77, 808.0, 194.0, 774.0, 223.0, 735.47, 165.43, 664.75, 176.38, 612.0, 157.0]
rec: DISTRICT.................
text_instance: 5
bbox: [480, 244, 323, 87]
bezier_pts: [502.0, 244.0, 582.2, 293.32, 684.06, 300.18, 772.0, 259.0, 802.0, 290.0, 696.33, 345.06, 585.67, 354.14, 480.0, 277.0]
rec: BACKPACKERS..............
text_instance: 6
bbox: [900, 323, 81, 86]
bezier_pts: [900.0, 323.0, 926.67, 328.09, 953.33, 342.59, 980.0, 350.0, 975.0, 408.0, 951.29, 403.67, 928.54, 397.38, 905.0, 392.0]
rec: For......................
text_instance: 7
bbox: [992, 350, 85, 83]
bezier_pts: [992.0, 350.0, 1019.33, 357.33, 1046.67, 364.67, 1074.0, 372.0, 1076.0, 432.0, 1049.0, 427.71, 1022.59, 419.81, 996.0, 412.0]
rec: Sale.....................
text_instance: 8
bbox: [904, 411, 172, 62]
bezier_pts: [904.0, 411.0, 961.0, 423.0, 1018.0, 435.0, 1075.0, 447.0, 1075.0, 472.0, 1019.6, 462.52, 964.43, 450.94, 908.0, 437.0]
rec: ThomsonHaytonWink........
text_instance: 9
bbox: [592, 421, 234, 32]
bezier_pts: [594.0, 421.0, 672.44, 423.37, 743.56, 418.96, 822.0, 428.0, 825.0, 450.0, 747.92, 452.03, 669.71, 451.22, 592.0, 448.0]
rec: accomodation.............
