text_instance: 0
bbox: [371, 649, 547, 112]
bezier_pts: [379.0, 649.0, 555.42, 652.28, 737.91, 653.04, 909.0, 667.0, 917.0, 760.0, 735.0, 756.33, 553.0, 752.67, 371.0, 749.0]
rec: DAEJI....................
text_instance: 1
bbox: [1151, 509, 100, 51]
bezier_pts: [1151.0, 509.0, 1184.0, 509.0, 1217.0, 509.0, 1250.0, 509.0, 1250.0, 557.0, 1216.63, 557.5, 1184.0, 557.61, 1151.0, 557.0]
rec: Nen......................
text_instance: 2
bbox: [66, 1051, 74, 45]
bezier_pts: [66.0, 1051.0, 90.33, 1051.0, 114.67, 1051.0, 139.0, 1051.0, 139.0, 1093.0, 115.29, 1093.31, 90.47, 1095.1, 66.0, 1093.0]
rec: out......................
text_instance: 3
bbox: [346, 39, 304, 167]
bezier_pts: [346.0, 129.0, 430.24, 43.76, 543.38, 46.64, 649.0, 39.0, 647.0, 111.0, 552.8, 101.58, 461.6, 142.6, 387.0, 205.0]
rec: Cutlet...................
text_instance: 4
bbox: [679, 41, 282, 216]
bezier_pts: [704.0, 41.0, 807.02, 63.98, 889.36, 128.15, 960.0, 209.0, 918.0, 256.0, 860.54, 173.6, 770.12, 140.31, 679.0, 109.0]
rec: House....................
text_instance: 5
bbox: [6, 1049, 59, 53]
bezier_pts: [6.0, 1049.0, 24.33, 1049.67, 42.67, 1050.33, 61.0, 1051.0, 64.0, 1101.0, 46.33, 1101.0, 28.67, 1101.0, 11.0, 1101.0]
rec: ke.......................
text_instance: 6
bbox: [4, 981, 28, 29]
bezier_pts: [5.0, 983.0, 13.43, 981.62, 22.05, 980.83, 31.0, 981.0, 31.0, 1007.0, 22.28, 1009.04, 12.66, 1008.48, 4.0, 1007.0]
rec: E........................
