text_instance: 0
bbox: [250, 110, 312, 135]
bezier_pts: [250.0, 139.0, 351.39, 102.74, 489.02, 64.35, 561.0, 190.0, 525.0, 244.0, 443.16, 195.94, 350.97, 135.06, 267.0, 220.0]
rec: Powder...................
text_instance: 1
bbox: [277, 288, 42, 23]
bezier_pts: [277.0, 288.0, 290.67, 289.0, 304.33, 290.0, 318.0, 291.0, 318.0, 310.0, 305.0, 309.67, 292.0, 309.33, 279.0, 309.0]
rec: hein.....................
text_instance: 2
bbox: [325, 292, 49, 25]
bezier_pts: [328.0, 292.0, 342.67, 293.0, 357.33, 294.0, 372.0, 295.0, 373.0, 315.0, 357.0, 315.0, 341.0, 315.0, 325.0, 315.0]
rec: make.....................
text_instance: 3
bbox: [381, 283, 106, 34]
bezier_pts: [381.0, 283.0, 415.33, 285.0, 449.67, 287.0, 484.0, 289.0, 486.0, 315.0, 452.46, 315.24, 416.88, 315.3, 384.0, 315.0]
rec: Powder...................
