text_instance: 0
bbox: [262, 363, 84, 26]
bezier_pts: [262.0, 363.0, 289.67, 363.0, 317.33, 363.0, 345.0, 363.0, 345.0, 388.0, 317.33, 388.0, 289.67, 388.0, 262.0, 388.0]
rec: TOURIST..................
text_instance: 1
bbox: [275, 394, 59, 26]
bezier_pts: [275.0, 394.0, 294.33, 394.0, 313.67, 394.0, 333.0, 394.0, 333.0, 417.0, 313.5, 419.13, 293.84, 417.32, 275.0, 417.0]
rec: INFO.....................
text_instance: 2
bbox: [272, 595, 174, 89]
bezier_pts: [272.0, 613.0, 321.23, 599.33, 373.09, 600.69, 423.0, 595.0, 445.0, 665.0, 398.33, 671.0, 351.67, 677.0, 305.0, 683.0]
rec: THE......................
text_instance: 3
bbox: [445, 583, 430, 113]
bezier_pts: [445.0, 583.0, 586.96, 582.2, 731.23, 596.54, 874.0, 621.0, 862.0, 695.0, 735.6, 673.69, 595.04, 648.81, 467.0, 663.0]
rec: VANCOUVER................
text_instance: 4
bbox: [246, 727, 259, 85]
bezier_pts: [246.0, 727.0, 332.0, 728.0, 418.0, 729.0, 504.0, 730.0, 501.0, 802.0, 419.33, 805.0, 337.67, 808.0, 256.0, 811.0]
rec: TROLLEY..................
text_instance: 5
bbox: [660, 732, 259, 98]
bezier_pts: [665.0, 732.0, 749.33, 741.0, 833.67, 750.0, 918.0, 759.0, 917.0, 829.0, 831.33, 824.33, 745.67, 819.67, 660.0, 815.0]
rec: COMPANY..................
