text_instance: 0
bbox: [752, 346, 67, 36]
bezier_pts: [755.0, 346.0, 776.0, 351.0, 797.0, 356.0, 818.0, 361.0, 808.0, 381.0, 789.33, 378.0, 770.67, 375.0, 752.0, 372.0]
rec: MEET.....................
text_instance: 1
bbox: [725, 364, 109, 60]
bezier_pts: [727.0, 364.0, 763.5, 369.26, 797.73, 381.19, 833.0, 387.0, 826.0, 423.0, 792.33, 413.33, 758.67, 403.67, 725.0, 394.0]
rec: TERRY....................
text_instance: 2
bbox: [695, 472, 231, 114]
bezier_pts: [695.0, 472.0, 772.43, 496.62, 849.61, 517.91, 925.0, 546.0, 923.0, 585.0, 848.67, 561.33, 774.33, 537.67, 700.0, 514.0]
rec: TerryTheGoose............
