text_instance: 0
bbox: [686, 227, 677, 243]
bezier_pts: [686.0, 363.0, 896.32, 260.15, 1123.33, 221.85, 1362.0, 227.0, 1320.0, 337.0, 1103.41, 294.07, 893.5, 375.74, 706.0, 469.0]
rec: Somewhere in Time........
text_instance: 1
bbox: [734, 1015, 295, 125]
bezier_pts: [744.0, 1015.0, 825.24, 1063.19, 923.47, 1045.9, 1014.0, 1051.0, 1028.0, 1137.0, 928.97, 1138.57, 826.51, 1151.11, 734.0, 1101.0]
rec: COFFEE...................
text_instance: 2
bbox: [1122, 949, 247, 165]
bezier_pts: [1122.0, 1029.0, 1180.67, 1002.33, 1239.33, 975.67, 1298.0, 949.0, 1368.0, 1023.0, 1290.2, 1054.0, 1214.17, 1082.95, 1136.0, 1113.0]
rec: MEAL.....................
text_instance: 3
bbox: [1169, 1071, 76, 42]
bezier_pts: [1170.0, 1072.0, 1193.29, 1070.14, 1219.41, 1070.33, 1243.0, 1072.0, 1244.0, 1112.0, 1219.0, 1111.67, 1194.0, 1111.33, 1169.0, 1111.0]
rec: APR......................
text_instance: 4
bbox: [1298, 1070, 27, 43]
bezier_pts: [1298.0, 1075.0, 1305.26, 1067.22, 1314.81, 1072.12, 1323.0, 1074.0, 1324.0, 1110.0, 1316.41, 1111.54, 1308.71, 1111.8, 1301.0, 1111.0]
rec: 2........................
text_instance: 5
bbox: [1349, 1071, 95, 40]
bezier_pts: [1350.0, 1073.0, 1380.67, 1072.67, 1411.33, 1072.33, 1442.0, 1072.0, 1443.0, 1109.0, 1412.59, 1109.43, 1381.14, 1110.75, 1349.0, 1109.0]
rec: 2011.....................
