text_instance: 0
bbox: [165, 360, 278, 119]
bezier_pts: [165.0, 430.0, 240.28, 354.11, 343.1, 355.06, 442.0, 364.0, 438.0, 430.0, 353.52, 407.46, 267.92, 426.29, 201.0, 478.0]
rec: HERBAL...................
text_instance: 1
bbox: [447, 383, 197, 227]
bezier_pts: [484.0, 383.0, 580.72, 414.21, 636.17, 500.35, 643.0, 595.0, 586.0, 609.0, 568.04, 523.46, 535.09, 457.06, 447.0, 430.0]
rec: ACTIVES..................
text_instance: 2
bbox: [196, 777, 222, 86]
bezier_pts: [218.0, 777.0, 274.87, 815.38, 343.57, 827.7, 410.0, 825.0, 417.0, 861.0, 341.43, 862.93, 256.29, 868.35, 196.0, 805.0]
rec: HERBAl...................
text_instance: 3
bbox: [433, 680, 200, 180]
bezier_pts: [433.0, 811.0, 496.58, 787.58, 566.17, 759.03, 575.0, 680.0, 632.0, 694.0, 592.64, 778.34, 525.63, 838.24, 436.0, 859.0]
rec: ACTIVES..................
text_instance: 4
bbox: [93, 498, 82, 108]
bezier_pts: [93.0, 584.0, 99.71, 554.14, 107.65, 526.2, 115.0, 498.0, 174.0, 523.0, 146.47, 542.57, 146.52, 576.56, 140.0, 605.0]
rec: 100......................
text_instance: 5
bbox: [104, 669, 81, 95]
bezier_pts: [143.0, 669.0, 156.67, 690.0, 170.33, 711.0, 184.0, 732.0, 140.0, 763.0, 126.4, 736.03, 109.65, 710.92, 104.0, 680.0]
rec: 100......................
