text_instance: 0
bbox: [43, 331, 75, 28]
bezier_pts: [43.0, 331.0, 67.67, 331.0, 92.33, 331.0, 117.0, 331.0, 117.0, 356.0, 92.33, 356.0, 67.67, 356.0, 43.0, 356.0]
rec: barista..................
text_instance: 1
bbox: [692, 333, 115, 34]
bezier_pts: [692.0, 333.0, 730.0, 333.0, 768.0, 333.0, 806.0, 333.0, 806.0, 366.0, 768.0, 366.0, 730.0, 366.0, 692.0, 366.0]
rec: education................
text_instance: 2
bbox: [314, 27, 146, 55]
bezier_pts: [314.0, 45.0, 358.48, 29.12, 408.19, 30.98, 456.0, 27.0, 459.0, 69.0, 415.31, 61.41, 374.05, 68.91, 331.0, 81.0]
rec: CAFFE....................
text_instance: 3
bbox: [470, 36, 208, 151]
bezier_pts: [489.0, 36.0, 561.01, 61.39, 636.69, 89.92, 677.0, 159.0, 640.0, 186.0, 594.5, 132.45, 543.55, 85.79, 470.0, 68.0]
rec: PROMISED.................
text_instance: 4
bbox: [647, 181, 75, 147]
bezier_pts: [686.0, 181.0, 711.64, 226.4, 728.07, 272.43, 718.0, 324.0, 681.0, 327.0, 675.43, 281.09, 663.37, 240.14, 647.0, 198.0]
rec: LAND.....................
