text_instance: 0
bbox: [102, 237, 27, 56]
bezier_pts: [125.0, 246.0, 127.87, 262.25, 123.21, 277.16, 128.0, 292.0, 102.0, 291.0, 109.22, 273.2, 102.91, 255.27, 106.0, 237.0]
rec: 3rd......................
text_instance: 1
bbox: [107, 297, 83, 117]
bezier_pts: [128.0, 298.0, 151.46, 325.29, 159.95, 365.11, 189.0, 391.0, 172.0, 413.0, 140.08, 382.0, 112.83, 342.95, 107.0, 297.0]
rec: EventBiz.................
text_instance: 2
bbox: [178, 396, 97, 63]
bezier_pts: [187.0, 396.0, 216.0, 406.0, 245.0, 416.0, 274.0, 426.0, 265.0, 458.0, 236.28, 443.46, 202.48, 436.27, 178.0, 413.0]
rec: Charity..................
text_instance: 3
bbox: [285, 416, 62, 35]
bezier_pts: [285.0, 425.0, 301.67, 422.0, 318.33, 419.0, 335.0, 416.0, 346.0, 438.0, 328.23, 444.81, 309.38, 448.98, 290.0, 450.0]
rec: Run......................
text_instance: 4
bbox: [343, 354, 61, 72]
bezier_pts: [343.0, 400.0, 357.94, 388.58, 374.2, 376.31, 381.0, 354.0, 403.0, 376.0, 396.2, 397.16, 382.54, 414.65, 361.0, 425.0]
rec: 2017.....................
text_instance: 5
bbox: [159, 230, 49, 56]
bezier_pts: [159.0, 262.0, 169.67, 251.33, 180.33, 240.67, 191.0, 230.0, 207.0, 243.0, 195.86, 254.95, 186.68, 269.08, 184.0, 285.0]
rec: Save.....................
text_instance: 6
bbox: [197, 214, 40, 32]
bezier_pts: [197.0, 216.0, 210.0, 215.33, 223.0, 214.67, 236.0, 214.0, 235.0, 234.0, 226.33, 237.67, 217.67, 241.33, 209.0, 245.0]
rec: Our......................
text_instance: 7
bbox: [242, 210, 80, 61]
bezier_pts: [243.0, 210.0, 274.69, 214.0, 304.87, 226.3, 321.0, 254.0, 299.0, 270.0, 288.5, 246.86, 266.03, 236.06, 242.0, 233.0]
rec: Mother...................
text_instance: 8
bbox: [300, 269, 37, 67]
bezier_pts: [327.0, 269.0, 329.8, 288.36, 346.14, 317.47, 328.0, 335.0, 309.0, 333.0, 312.62, 314.64, 314.94, 293.75, 300.0, 279.0]
rec: Earth....................
text_instance: 9
bbox: [245, 29, 45, 97]
bezier_pts: [255.0, 123.0, 252.17, 93.04, 242.07, 58.18, 245.0, 29.0, 287.0, 29.0, 292.12, 60.88, 285.78, 92.05, 289.0, 125.0]
rec: 017......................
text_instance: 10
bbox: [210, 95, 35, 28]
bezier_pts: [210.0, 97.0, 220.0, 96.33, 230.0, 95.67, 240.0, 95.0, 244.0, 119.0, 235.33, 120.0, 226.67, 121.0, 218.0, 122.0]
rec: N........................
