text_instance: 0
bbox: [192, 651, 137, 131]
bezier_pts: [222.0, 651.0, 246.88, 692.86, 279.58, 726.81, 328.0, 745.0, 309.0, 781.0, 252.25, 763.37, 213.61, 726.3, 192.0, 670.0]
rec: MUSIC....................
text_instance: 1
bbox: [330, 352, 251, 106]
bezier_pts: [330.0, 358.0, 424.73, 337.13, 514.83, 370.74, 580.0, 439.0, 543.0, 457.0, 498.5, 382.04, 417.4, 372.64, 333.0, 384.0]
rec: ENTERTAINMENT............
text_instance: 2
bbox: [549, 451, 62, 87]
bezier_pts: [576.0, 451.0, 602.2, 472.76, 603.42, 504.85, 610.0, 534.0, 580.0, 537.0, 571.73, 516.88, 571.19, 491.16, 549.0, 477.0]
rec: HALL.....................
text_instance: 3
bbox: [553, 597, 57, 89]
bezier_pts: [609.0, 604.0, 603.54, 633.82, 598.73, 662.3, 576.0, 685.0, 553.0, 664.0, 573.49, 648.06, 578.47, 621.83, 577.0, 597.0]
rec: FAME.....................
text_instance: 4
bbox: [288, 435, 158, 85]
bezier_pts: [288.0, 480.0, 330.76, 428.63, 386.37, 432.04, 445.0, 438.0, 435.0, 477.0, 382.34, 453.7, 334.05, 483.74, 301.0, 519.0]
rec: ARTHUR...................
text_instance: 5
bbox: [449, 454, 84, 223]
bezier_pts: [466.0, 454.0, 547.22, 516.97, 551.07, 605.15, 481.0, 676.0, 461.0, 650.0, 510.07, 594.72, 505.88, 527.22, 449.0, 483.0]
rec: DELAMONT.................
text_instance: 6
bbox: [270, 368, 55, 49]
bezier_pts: [270.0, 396.0, 282.44, 382.8, 298.28, 373.56, 316.0, 368.0, 324.0, 391.0, 309.0, 399.33, 294.0, 407.67, 279.0, 416.0]
rec: BC.......................
text_instance: 7
bbox: [584, 548, 28, 40]
bezier_pts: [609.0, 548.0, 610.47, 560.53, 611.25, 573.48, 611.0, 587.0, 586.0, 586.0, 584.13, 574.47, 583.79, 561.5, 584.0, 548.0]
rec: OF.......................
