text_instance: 0
bbox: [322, 195, 374, 128]
bezier_pts: [322.0, 195.0, 446.33, 195.0, 570.67, 195.0, 695.0, 195.0, 695.0, 322.0, 570.67, 322.0, 446.33, 322.0, 322.0, 322.0]
rec: AGIFT....................
text_instance: 1
bbox: [795, 447, 122, 25]
bezier_pts: [795.0, 447.0, 835.33, 447.0, 875.67, 447.0, 916.0, 447.0, 916.0, 469.0, 875.33, 469.79, 834.76, 469.84, 795.0, 469.0]
rec: PARAGON..................
text_instance: 2
bbox: [311, 366, 179, 45]
bezier_pts: [311.0, 366.0, 370.33, 366.0, 429.67, 366.0, 489.0, 366.0, 489.0, 409.0, 429.67, 409.0, 370.33, 409.0, 311.0, 409.0]
rec: Simplest.................
text_instance: 3
bbox: [690, 445, 102, 29]
bezier_pts: [690.0, 445.0, 723.67, 445.0, 757.33, 445.0, 791.0, 445.0, 791.0, 472.0, 758.35, 472.43, 723.63, 473.77, 690.0, 472.0]
rec: GURNEY...................
text_instance: 4
bbox: [137, 440, 119, 29]
bezier_pts: [137.0, 440.0, 176.33, 440.0, 215.67, 440.0, 255.0, 440.0, 255.0, 467.0, 214.6, 467.28, 176.87, 467.45, 137.0, 467.0]
rec: QUEENSBAY................
text_instance: 5
bbox: [649, 370, 151, 45]
bezier_pts: [649.0, 370.0, 699.0, 370.0, 749.0, 370.0, 799.0, 370.0, 799.0, 414.0, 749.0, 414.0, 699.0, 414.0, 649.0, 414.0]
rec: Caring...................
text_instance: 6
bbox: [399, 446, 92, 26]
bezier_pts: [399.0, 446.0, 429.33, 446.0, 459.67, 446.0, 490.0, 446.0, 490.0, 471.0, 459.67, 471.0, 429.33, 471.0, 399.0, 471.0]
rec: SUNWAY...................
text_instance: 7
bbox: [497, 446, 103, 28]
bezier_pts: [497.0, 446.0, 531.0, 446.0, 565.0, 446.0, 599.0, 446.0, 599.0, 471.0, 564.81, 471.53, 530.6, 471.55, 497.0, 471.0]
rec: PYRAMID..................
text_instance: 8
bbox: [495, 369, 93, 45]
bezier_pts: [495.0, 369.0, 525.67, 369.0, 556.33, 369.0, 587.0, 369.0, 587.0, 410.0, 556.46, 411.65, 525.91, 411.64, 495.0, 410.0]
rec: Way......................
text_instance: 9
bbox: [771, 477, 66, 24]
bezier_pts: [771.0, 477.0, 792.67, 477.0, 814.33, 477.0, 836.0, 477.0, 836.0, 497.0, 814.49, 500.2, 792.77, 499.98, 771.0, 497.0]
rec: L5P1.....................
text_instance: 10
bbox: [195, 470, 65, 27]
bezier_pts: [195.0, 470.0, 216.33, 470.0, 237.67, 470.0, 259.0, 470.0, 259.0, 496.0, 237.67, 496.0, 216.33, 496.0, 195.0, 496.0]
rec: 1F73A....................
text_instance: 11
bbox: [442, 476, 116, 24]
bezier_pts: [442.0, 476.0, 480.33, 476.0, 518.67, 476.0, 557.0, 476.0, 557.0, 497.0, 519.25, 499.14, 480.67, 497.38, 442.0, 497.0]
rec: F1AV185..................
text_instance: 12
bbox: [160, 177, 147, 120]
bezier_pts: [160.0, 270.0, 195.6, 229.6, 240.69, 195.67, 294.0, 177.0, 306.0, 197.0, 260.01, 220.18, 221.45, 260.27, 186.0, 296.0]
rec: Recycle..................
text_instance: 13
bbox: [313, 139, 113, 55]
bezier_pts: [313.0, 165.0, 345.44, 137.76, 385.77, 145.91, 424.0, 139.0, 425.0, 170.0, 391.33, 177.67, 357.67, 185.33, 324.0, 193.0]
rec: today....................
text_instance: 14
bbox: [441, 127, 61, 34]
bezier_pts: [442.0, 133.0, 460.63, 124.65, 481.68, 124.91, 501.0, 134.0, 494.0, 154.0, 477.03, 156.43, 458.08, 159.14, 441.0, 160.0]
rec: for......................
text_instance: 15
bbox: [552, 133, 126, 47]
bezier_pts: [556.0, 133.0, 595.96, 142.68, 638.38, 143.32, 677.0, 161.0, 666.0, 179.0, 628.0, 172.0, 590.0, 165.0, 552.0, 158.0]
rec: better...................
text_instance: 16
bbox: [692, 167, 170, 116]
bezier_pts: [703.0, 167.0, 764.53, 190.55, 815.62, 228.26, 861.0, 272.0, 839.0, 282.0, 793.86, 241.04, 747.1, 210.81, 692.0, 191.0]
rec: tomorrow.................
text_instance: 17
bbox: [354, 332, 132, 31]
bezier_pts: [354.0, 332.0, 397.67, 332.0, 441.33, 332.0, 485.0, 332.0, 485.0, 358.0, 441.2, 360.96, 397.33, 362.36, 354.0, 362.0]
rec: with.....................
text_instance: 18
bbox: [540, 332, 128, 36]
bezier_pts: [541.0, 333.0, 581.0, 332.67, 621.0, 332.33, 661.0, 332.0, 667.0, 367.0, 624.67, 366.0, 582.33, 365.0, 540.0, 364.0]
rec: care.....................
text_instance: 19
bbox: [240, 369, 64, 41]
bezier_pts: [240.0, 373.0, 259.67, 371.67, 279.33, 370.33, 299.0, 369.0, 303.0, 409.0, 283.33, 408.0, 263.67, 407.0, 244.0, 406.0]
rec: The......................
text_instance: 20
bbox: [251, 443, 58, 32]
bezier_pts: [255.0, 446.0, 271.67, 445.0, 288.33, 444.0, 305.0, 443.0, 308.0, 474.0, 289.0, 472.67, 270.0, 471.33, 251.0, 470.0]
rec: MALL.....................
text_instance: 21
bbox: [514, 138, 25, 22]
bezier_pts: [514.0, 138.0, 522.0, 139.33, 530.0, 140.67, 538.0, 142.0, 536.0, 158.0, 528.5, 159.06, 521.25, 156.22, 514.0, 155.0]
rec: a........................
text_instance: 22
bbox: [599, 376, 41, 38]
bezier_pts: [599.0, 376.0, 612.33, 376.0, 625.67, 376.0, 639.0, 376.0, 638.0, 410.0, 625.05, 413.49, 612.3, 413.96, 599.0, 412.0]
rec: of.......................
