text_instance: 0
bbox: [99, 91, 81, 35]
bezier_pts: [99.0, 121.0, 114.61, 74.86, 163.05, 78.55, 179.0, 122.0, 169.0, 125.0, 152.83, 88.24, 123.54, 90.63, 108.0, 125.0]
rec: USDEPARTMENTOF...........
text_instance: 1
bbox: [97, 135, 46, 40]
bezier_pts: [107.0, 135.0, 108.49, 151.36, 125.12, 159.88, 140.0, 162.0, 142.0, 174.0, 117.42, 172.13, 102.09, 159.5, 97.0, 136.0]
rec: HOMELAND.................
text_instance: 2
bbox: [140, 131, 42, 44]
bezier_pts: [140.0, 160.0, 154.35, 152.74, 169.17, 153.15, 166.0, 131.0, 181.0, 133.0, 179.21, 157.69, 165.43, 163.86, 147.0, 174.0]
rec: SECURITY.................
text_instance: 3
bbox: [185, 82, 197, 50]
bezier_pts: [185.0, 88.0, 249.33, 86.0, 313.67, 84.0, 378.0, 82.0, 381.0, 119.0, 321.07, 131.88, 250.64, 134.13, 190.0, 128.0]
rec: Homeland.................
text_instance: 4
bbox: [188, 123, 158, 50]
bezier_pts: [188.0, 133.0, 240.33, 129.67, 292.67, 126.33, 345.0, 123.0, 341.0, 159.0, 295.65, 178.38, 237.69, 170.38, 189.0, 172.0]
rec: Security.................
text_instance: 5
bbox: [63, 222, 67, 37]
bezier_pts: [68.0, 225.0, 86.67, 224.0, 105.33, 223.0, 124.0, 222.0, 129.0, 257.0, 107.0, 257.33, 85.0, 257.67, 63.0, 258.0]
rec: 3801.....................
text_instance: 6
bbox: [135, 211, 128, 43]
bezier_pts: [135.0, 220.0, 174.67, 217.0, 214.33, 214.0, 254.0, 211.0, 262.0, 242.0, 220.91, 254.29, 178.99, 254.13, 135.0, 252.0]
rec: NEBRASKA.................
text_instance: 7
bbox: [264, 203, 94, 39]
bezier_pts: [264.0, 210.0, 295.0, 207.67, 326.0, 205.33, 357.0, 203.0, 357.0, 235.0, 326.67, 237.0, 296.33, 239.0, 266.0, 241.0]
rec: AVENUE...................
text_instance: 8
bbox: [367, 206, 44, 30]
bezier_pts: [367.0, 208.0, 380.38, 206.55, 396.48, 205.77, 410.0, 206.0, 409.0, 231.0, 395.33, 232.33, 381.67, 233.67, 368.0, 235.0]
rec: NW.......................
