text_instance: 0
bbox: [339, 436, 41, 23]
bezier_pts: [339.0, 436.0, 352.33, 436.0, 365.67, 436.0, 379.0, 436.0, 379.0, 456.0, 365.67, 458.17, 352.33, 457.74, 339.0, 456.0]
rec: ALL......................
text_instance: 1
bbox: [438, 442, 43, 22]
bezier_pts: [438.0, 442.0, 452.0, 442.0, 466.0, 442.0, 480.0, 442.0, 480.0, 460.0, 466.03, 462.6, 451.95, 461.91, 438.0, 460.0]
rec: CAN......................
text_instance: 2
bbox: [373, 419, 113, 23]
bezier_pts: [373.0, 419.0, 410.33, 419.0, 447.67, 419.0, 485.0, 419.0, 485.0, 439.0, 447.97, 441.74, 410.37, 441.69, 373.0, 439.0]
rec: SPARERIBS................
text_instance: 3
bbox: [419, 459, 52, 24]
bezier_pts: [419.0, 459.0, 436.0, 459.0, 453.0, 459.0, 470.0, 459.0, 470.0, 480.0, 452.75, 481.64, 435.84, 481.67, 419.0, 480.0]
rec: 1595.....................
text_instance: 4
bbox: [481, 443, 40, 23]
bezier_pts: [481.0, 443.0, 494.0, 443.0, 507.0, 443.0, 520.0, 443.0, 520.0, 462.0, 507.1, 463.66, 493.93, 463.69, 481.0, 462.0]
rec: EAT......................
text_instance: 5
bbox: [386, 439, 45, 21]
bezier_pts: [386.0, 439.0, 400.67, 439.0, 415.33, 439.0, 430.0, 439.0, 430.0, 457.0, 415.19, 458.68, 400.67, 458.67, 386.0, 457.0]
rec: YOU......................
text_instance: 6
bbox: [300, 95, 195, 65]
bezier_pts: [317.0, 95.0, 376.0, 103.67, 435.0, 112.33, 494.0, 121.0, 484.0, 159.0, 422.6, 154.01, 360.68, 145.87, 300.0, 135.0]
rec: Amadeus..................
text_instance: 7
bbox: [321, 148, 34, 28]
bezier_pts: [323.0, 148.0, 333.33, 152.33, 343.67, 156.67, 354.0, 161.0, 352.0, 174.0, 340.56, 172.8, 330.26, 168.48, 321.0, 162.0]
rec: THE......................
text_instance: 8
bbox: [355, 163, 56, 28]
bezier_pts: [362.0, 163.0, 377.33, 165.0, 392.67, 167.0, 408.0, 169.0, 410.0, 190.0, 391.16, 186.53, 372.81, 182.52, 355.0, 175.0]
rec: PLACE....................
text_instance: 9
bbox: [413, 170, 32, 23]
bezier_pts: [413.0, 172.0, 422.67, 171.33, 432.33, 170.67, 442.0, 170.0, 444.0, 192.0, 434.48, 192.06, 424.67, 191.43, 415.0, 190.0]
rec: FOR......................
text_instance: 10
bbox: [443, 164, 41, 23]
bezier_pts: [443.0, 172.0, 453.67, 169.33, 464.33, 166.67, 475.0, 164.0, 483.0, 182.0, 470.5, 184.9, 458.56, 186.19, 446.0, 186.0]
rec: RIBS.....................
text_instance: 11
bbox: [438, 304, 60, 29]
bezier_pts: [440.0, 304.0, 459.0, 306.33, 478.0, 308.67, 497.0, 311.0, 495.0, 332.0, 476.02, 330.65, 456.71, 329.72, 438.0, 328.0]
rec: Armadeus.................
text_instance: 12
bbox: [621, 481, 119, 25]
bezier_pts: [632.0, 484.0, 668.03, 480.41, 704.31, 472.88, 739.0, 491.0, 735.0, 504.0, 697.0, 504.0, 659.0, 504.0, 621.0, 504.0]
rec: Adrianne's...............
text_instance: 13
bbox: [746, 481, 46, 31]
bezier_pts: [750.0, 483.0, 765.89, 476.14, 776.98, 489.22, 791.0, 493.0, 783.0, 511.0, 770.67, 508.33, 758.33, 505.67, 746.0, 503.0]
rec: blog.....................
text_instance: 14
bbox: [624, 512, 156, 13]
bezier_pts: [626.0, 512.0, 677.0, 513.0, 728.0, 514.0, 779.0, 515.0, 778.0, 523.0, 726.52, 523.96, 675.09, 523.74, 624.0, 522.0]
rec: http://www.adriannelife.c
