text_instance: 0
bbox: [425, 188, 85, 27]
bezier_pts: [425.0, 195.0, 453.01, 186.35, 480.82, 192.56, 509.0, 193.0, 497.0, 214.0, 475.86, 203.11, 453.8, 203.92, 433.0, 213.0]
rec: Wemhmis..................
text_instance: 1
bbox: [435, 269, 85, 35]
bezier_pts: [442.0, 270.0, 464.67, 276.96, 487.33, 278.45, 510.0, 269.0, 519.0, 290.0, 493.7, 306.78, 462.26, 308.14, 435.0, 293.0]
rec: Gdmabel..................
text_instance: 2
bbox: [203, 95, 71, 29]
bezier_pts: [203.0, 103.0, 224.56, 91.33, 251.44, 94.11, 273.0, 106.0, 265.0, 123.0, 248.27, 106.47, 224.93, 106.23, 208.0, 121.0]
rec: Warshuyer................
text_instance: 3
bbox: [210, 145, 60, 26]
bezier_pts: [219.0, 145.0, 233.0, 145.67, 247.0, 146.33, 261.0, 147.0, 269.0, 162.0, 250.03, 174.99, 230.52, 164.9, 210.0, 163.0]
rec: Sofbmu...................
text_instance: 4
bbox: [417, 236, 26, 23]
bezier_pts: [417.0, 236.0, 423.67, 236.0, 430.33, 236.0, 437.0, 236.0, 442.0, 257.0, 435.18, 258.38, 428.04, 258.71, 421.0, 257.0]
rec: 18.......................
text_instance: 5
bbox: [499, 235, 26, 22]
bezier_pts: [499.0, 236.0, 506.72, 233.93, 515.09, 234.33, 523.0, 236.0, 524.0, 254.0, 516.31, 256.69, 508.48, 256.06, 501.0, 256.0]
rec: 99.......................
