text_instance: 0
bbox: [231, 148, 32, 46]
bezier_pts: [231.0, 183.0, 234.52, 178.65, 240.59, 160.35, 241.0, 148.0, 262.0, 153.0, 254.8, 165.71, 257.4, 180.92, 252.0, 193.0]
rec: PUB......................
text_instance: 1
bbox: [258, 113, 127, 77]
bezier_pts: [258.0, 130.0, 311.71, 85.59, 365.39, 120.22, 384.0, 183.0, 367.0, 189.0, 348.92, 147.54, 317.28, 103.64, 271.0, 142.0]
rec: RESTAURACIA..............
text_instance: 2
bbox: [246, 246, 49, 42]
bezier_pts: [265.0, 246.0, 271.1, 256.02, 281.79, 277.1, 294.0, 270.0, 277.0, 287.0, 266.04, 277.91, 255.33, 266.57, 246.0, 256.0]
rec: Pod......................
text_instance: 3
bbox: [285, 270, 74, 31]
bezier_pts: [296.0, 270.0, 309.35, 284.64, 328.72, 289.35, 345.0, 277.0, 358.0, 287.0, 336.37, 305.11, 309.91, 303.05, 285.0, 292.0]
rec: Ziota....................
text_instance: 4
bbox: [347, 244, 42, 41]
bezier_pts: [347.0, 273.0, 354.13, 261.18, 365.04, 253.79, 374.0, 244.0, 388.0, 253.0, 384.74, 267.18, 369.44, 272.46, 362.0, 284.0]
rec: Pipa.....................
text_instance: 5
bbox: [323, 356, 127, 28]
bezier_pts: [323.0, 356.0, 363.33, 356.33, 403.67, 356.67, 444.0, 357.0, 449.0, 381.0, 407.67, 382.9, 365.86, 382.43, 326.0, 382.0]
rec: KANTOR...................
text_instance: 6
bbox: [318, 382, 137, 17]
bezier_pts: [318.0, 384.0, 363.0, 383.33, 408.0, 382.67, 453.0, 382.0, 454.0, 393.0, 411.25, 397.0, 368.56, 397.93, 326.0, 396.0]
rec: EXCHANGE.................
text_instance: 7
bbox: [404, 389, 49, 16]
bezier_pts: [405.0, 390.0, 420.33, 390.0, 435.67, 390.0, 451.0, 390.0, 452.0, 401.0, 436.0, 402.37, 419.69, 403.16, 404.0, 403.0]
rec: photo....................
text_instance: 8
bbox: [460, 389, 20, 15]
bezier_pts: [461.0, 389.0, 467.0, 390.33, 473.0, 391.67, 479.0, 393.0, 475.0, 403.0, 470.0, 402.0, 465.0, 401.0, 460.0, 400.0]
rec: by.......................
