text_instance: 0
bbox: [320, 525, 237, 78]
bezier_pts: [320.0, 525.0, 398.67, 525.0, 477.33, 525.0, 556.0, 525.0, 556.0, 600.0, 478.85, 600.73, 399.43, 600.89, 320.0, 600.0]
rec: SMART....................
text_instance: 1
bbox: [829, 259, 47, 22]
bezier_pts: [829.0, 259.0, 844.33, 259.0, 859.67, 259.0, 875.0, 259.0, 875.0, 278.0, 859.67, 278.0, 844.33, 278.0, 829.0, 278.0]
rec: RKC......................
text_instance: 2
bbox: [264, 59, 305, 141]
bezier_pts: [264.0, 154.0, 342.82, 45.14, 469.41, 9.02, 568.0, 125.0, 532.0, 197.0, 476.62, 93.58, 378.66, 119.81, 318.0, 199.0]
rec: LUNA.....................
text_instance: 3
bbox: [303, 293, 268, 116]
bezier_pts: [321.0, 307.0, 386.26, 366.33, 477.86, 381.41, 525.0, 293.0, 570.0, 325.0, 492.89, 407.55, 392.22, 436.75, 303.0, 359.0]
rec: CAFE.....................
text_instance: 4
bbox: [306, 587, 245, 81]
bezier_pts: [306.0, 593.0, 386.33, 591.0, 466.67, 589.0, 547.0, 587.0, 550.0, 661.0, 468.67, 663.0, 387.33, 665.0, 306.0, 667.0]
rec: MOUTH....................
text_instance: 5
bbox: [551, 536, 46, 125]
bezier_pts: [595.0, 537.0, 596.21, 579.5, 591.33, 620.28, 596.0, 660.0, 552.0, 659.0, 555.22, 618.29, 549.58, 577.41, 551.0, 536.0]
rec: COFFEE...................
text_instance: 6
bbox: [804, 352, 46, 182]
bezier_pts: [804.0, 533.0, 804.13, 469.81, 811.24, 414.81, 804.0, 352.0, 849.0, 352.0, 839.92, 412.93, 847.35, 470.61, 849.0, 533.0]
rec: AVEDA....................
text_instance: 7
bbox: [831, 302, 44, 26]
bezier_pts: [831.0, 304.0, 845.0, 303.67, 859.0, 303.33, 873.0, 303.0, 874.0, 323.0, 859.97, 326.26, 846.01, 326.58, 832.0, 324.0]
rec: D-EVI....................
