text_instance: 0
bbox: [185, 66, 78, 59]
bezier_pts: [185.0, 103.0, 198.58, 68.72, 225.43, 70.33, 259.0, 66.0, 262.0, 95.0, 230.91, 82.72, 214.47, 95.35, 205.0, 124.0]
rec: SPRING...................
text_instance: 1
bbox: [267, 76, 57, 68]
bezier_pts: [278.0, 76.0, 298.77, 86.23, 316.43, 103.21, 323.0, 125.0, 311.0, 143.0, 299.25, 124.59, 289.3, 105.75, 267.0, 97.0]
rec: CAFE.....................
text_instance: 2
bbox: [170, 133, 112, 144]
bezier_pts: [204.0, 134.0, 200.12, 184.99, 216.96, 241.55, 279.0, 244.0, 281.0, 276.0, 207.51, 260.35, 186.23, 192.75, 170.0, 133.0]
rec: SMOOTHING................
text_instance: 3
bbox: [286, 205, 47, 64]
bezier_pts: [286.0, 240.0, 301.8, 233.73, 313.71, 222.12, 313.0, 205.0, 332.0, 215.0, 331.57, 239.92, 314.77, 252.68, 300.0, 268.0]
rec: YOUR.....................
text_instance: 4
bbox: [316, 152, 25, 51]
bezier_pts: [317.0, 199.0, 323.01, 183.97, 319.66, 167.99, 316.0, 152.0, 334.0, 153.0, 337.47, 168.65, 344.24, 185.92, 337.0, 202.0]
rec: DAY......................
text_instance: 5
bbox: [355, 321, 36, 12]
bezier_pts: [355.0, 322.0, 366.65, 320.55, 378.03, 319.96, 390.0, 322.0, 389.0, 330.0, 378.05, 332.02, 366.65, 332.92, 355.0, 331.0]
rec: BAOYI....................
text_instance: 6
bbox: [393, 322, 77, 10]
bezier_pts: [394.0, 322.0, 418.67, 322.0, 443.33, 322.0, 468.0, 322.0, 469.0, 330.0, 443.67, 330.6, 418.24, 330.55, 393.0, 330.0]
rec: ADVERTISING..............
text_instance: 7
bbox: [372, 335, 43, 10]
bezier_pts: [372.0, 335.0, 386.0, 335.0, 400.0, 335.0, 414.0, 335.0, 414.0, 344.0, 399.84, 343.87, 385.9, 344.56, 372.0, 343.0]
rec: DESIGN...................
text_instance: 8
bbox: [418, 335, 38, 10]
bezier_pts: [418.0, 336.0, 430.77, 334.35, 442.9, 333.44, 455.0, 337.0, 455.0, 344.0, 442.67, 344.0, 430.33, 344.0, 418.0, 344.0]
rec: GROUP....................
text_instance: 9
bbox: [376, 361, 105, 13]
bezier_pts: [376.0, 363.0, 411.47, 360.89, 443.01, 362.31, 479.0, 362.0, 480.0, 371.0, 445.55, 372.96, 412.32, 371.46, 378.0, 371.0]
rec: www.bao-yi.com...........
