text_instance: 0
bbox: [1, 10, 106, 46]
bezier_pts: [3.0, 10.0, 36.92, 12.05, 68.02, 10.43, 102.0, 15.0, 106.0, 55.0, 71.0, 54.0, 36.0, 53.0, 1.0, 52.0]
rec: cent.....................
text_instance: 1
bbox: [3, 73, 46, 33]
bezier_pts: [3.0, 73.0, 16.0, 73.67, 29.0, 74.33, 42.0, 75.0, 48.0, 102.0, 33.33, 103.0, 18.67, 104.0, 4.0, 105.0]
rec: ian......................
text_instance: 2
bbox: [1, 109, 85, 31]
bezier_pts: [1.0, 111.0, 28.67, 110.33, 56.33, 109.67, 84.0, 109.0, 85.0, 135.0, 58.43, 138.04, 31.02, 137.43, 4.0, 138.0]
rec: orange...................
text_instance: 3
bbox: [21, 52, 59, 21]
bezier_pts: [21.0, 52.0, 39.0, 52.67, 57.0, 53.33, 75.0, 54.0, 79.0, 72.0, 59.67, 72.0, 40.33, 72.0, 21.0, 72.0]
rec: nothing..................
text_instance: 4
bbox: [6, 319, 43, 27]
bezier_pts: [6.0, 319.0, 19.33, 319.67, 32.67, 320.33, 46.0, 321.0, 48.0, 345.0, 34.33, 345.0, 20.67, 345.0, 7.0, 345.0]
rec: 0ml......................
text_instance: 5
bbox: [26, 502, 58, 125]
bezier_pts: [51.0, 626.0, 33.55, 588.22, 41.22, 539.78, 26.0, 502.0, 54.0, 502.0, 72.37, 542.47, 77.57, 583.67, 83.0, 626.0]
rec: pineapple................
text_instance: 6
bbox: [139, 871, 54, 37]
bezier_pts: [139.0, 886.0, 156.67, 881.0, 174.33, 876.0, 192.0, 871.0, 189.0, 895.0, 174.33, 899.0, 159.67, 903.0, 145.0, 907.0]
rec: new......................
text_instance: 7
bbox: [34, 982, 153, 39]
bezier_pts: [34.0, 982.0, 82.62, 997.71, 133.88, 1008.78, 181.0, 988.0, 186.0, 1014.0, 136.09, 1016.01, 85.89, 1015.0, 36.0, 1011.0]
rec: innocent.................
text_instance: 8
bbox: [63, 1029, 101, 26]
bezier_pts: [63.0, 1029.0, 97.1, 1030.38, 127.48, 1031.53, 162.0, 1033.0, 163.0, 1054.0, 129.67, 1052.67, 96.33, 1051.33, 63.0, 1050.0]
rec: pineapple................
text_instance: 9
bbox: [187, 337, 51, 37]
bezier_pts: [187.0, 354.0, 198.0, 348.33, 209.0, 342.67, 220.0, 337.0, 237.0, 358.0, 224.0, 363.0, 211.0, 368.0, 198.0, 373.0]
rec: st.......................
text_instance: 10
bbox: [243, 286, 128, 78]
bezier_pts: [243.0, 337.0, 277.3, 308.27, 322.57, 290.34, 367.0, 286.0, 370.0, 306.0, 329.97, 313.07, 288.61, 327.03, 262.0, 363.0]
rec: GOATS....................
text_instance: 11
bbox: [387, 286, 127, 100]
bezier_pts: [391.0, 286.0, 444.48, 292.25, 500.64, 312.68, 513.0, 372.0, 475.0, 385.0, 471.82, 331.76, 433.68, 309.97, 387.0, 307.0]
rec: BUTTER...................
text_instance: 12
bbox: [283, 319, 55, 63]
bezier_pts: [283.0, 366.0, 288.89, 345.74, 308.31, 332.19, 324.0, 319.0, 337.0, 337.0, 315.82, 337.95, 307.57, 360.79, 304.0, 381.0]
rec: FRESH....................
text_instance: 13
bbox: [333, 313, 58, 24]
bezier_pts: [333.0, 318.0, 351.1, 310.11, 371.23, 313.82, 390.0, 313.0, 390.0, 328.0, 373.33, 330.67, 356.67, 333.33, 340.0, 336.0]
rec: FROM.....................
text_instance: 14
bbox: [391, 315, 43, 29]
bezier_pts: [396.0, 315.0, 409.44, 315.85, 422.69, 318.13, 433.0, 328.0, 420.0, 343.0, 410.33, 339.67, 400.67, 336.33, 391.0, 333.0]
rec: THE......................
text_instance: 15
bbox: [427, 336, 36, 52]
bezier_pts: [447.0, 336.0, 457.63, 348.42, 459.74, 365.63, 462.0, 381.0, 441.0, 387.0, 444.06, 371.54, 439.7, 356.9, 427.0, 348.0]
rec: ARM......................
text_instance: 16
bbox: [289, 417, 117, 52]
bezier_pts: [310.0, 417.0, 330.4, 439.32, 361.8, 448.86, 391.0, 444.0, 405.0, 465.0, 361.65, 475.63, 322.67, 456.51, 289.0, 436.0]
rec: HELENS...................
text_instance: 17
bbox: [397, 399, 66, 67]
bezier_pts: [397.0, 442.0, 414.36, 433.01, 439.18, 424.75, 435.0, 399.0, 462.0, 409.0, 452.95, 434.27, 437.24, 450.84, 415.0, 465.0]
rec: FARM.....................
text_instance: 18
bbox: [250, 466, 115, 36]
bezier_pts: [250.0, 466.0, 289.25, 467.49, 325.78, 474.42, 364.0, 478.0, 360.0, 501.0, 323.33, 498.33, 286.67, 495.67, 250.0, 493.0]
rec: GOATS....................
text_instance: 19
bbox: [370, 477, 126, 37]
bezier_pts: [370.0, 477.0, 411.67, 480.33, 453.33, 483.67, 495.0, 487.0, 495.0, 513.0, 454.0, 509.0, 413.0, 505.0, 372.0, 501.0]
rec: BUTTER...................
text_instance: 20
bbox: [160, 523, 93, 34]
bezier_pts: [160.0, 523.0, 190.0, 524.67, 220.0, 526.33, 250.0, 528.0, 252.0, 556.0, 222.0, 555.0, 192.0, 554.0, 162.0, 553.0]
rec: WHO......................
text_instance: 21
bbox: [262, 528, 79, 34]
bezier_pts: [262.0, 528.0, 288.0, 529.33, 314.0, 530.67, 340.0, 532.0, 340.0, 561.0, 314.75, 559.62, 290.53, 559.35, 265.0, 556.0]
rec: YOU......................
text_instance: 22
bbox: [351, 534, 136, 29]
bezier_pts: [351.0, 534.0, 394.33, 535.33, 437.67, 536.67, 481.0, 538.0, 486.0, 561.0, 441.77, 561.63, 397.42, 561.51, 352.0, 561.0]
rec: GONNA....................
text_instance: 23
bbox: [496, 537, 94, 35]
bezier_pts: [496.0, 537.0, 527.27, 540.38, 557.51, 533.96, 588.0, 544.0, 589.0, 571.0, 559.0, 568.67, 529.0, 566.33, 499.0, 564.0]
rec: CALL.....................
text_instance: 24
bbox: [369, 585, 173, 39]
bezier_pts: [369.0, 585.0, 426.33, 586.0, 483.67, 587.0, 541.0, 588.0, 538.0, 621.0, 484.72, 622.91, 429.5, 622.37, 375.0, 619.0]
rec: GOATS....................
text_instance: 25
bbox: [357, 624, 196, 43]
bezier_pts: [357.0, 624.0, 421.33, 626.22, 483.89, 624.0, 550.0, 628.0, 552.0, 666.0, 488.54, 665.01, 423.73, 663.84, 361.0, 660.0]
rec: BUTTER...................
text_instance: 26
bbox: [231, 619, 79, 44]
bezier_pts: [250.0, 619.0, 257.52, 642.84, 275.58, 651.91, 301.0, 645.0, 309.0, 661.0, 277.65, 665.11, 244.8, 658.56, 231.0, 627.0]
rec: StHELENS.................
text_instance: 27
bbox: [298, 618, 43, 46]
bezier_pts: [298.0, 643.0, 312.49, 646.97, 335.48, 621.22, 319.0, 618.0, 340.0, 628.0, 333.35, 640.53, 323.94, 651.43, 315.0, 663.0]
rec: FARM.....................
text_instance: 28
bbox: [229, 691, 55, 23]
bezier_pts: [231.0, 691.0, 248.33, 691.0, 265.67, 691.0, 283.0, 691.0, 283.0, 711.0, 265.4, 713.04, 247.06, 713.6, 229.0, 711.0]
rec: Helens...................
text_instance: 29
bbox: [283, 694, 40, 19]
bezier_pts: [283.0, 694.0, 296.0, 694.67, 309.0, 695.33, 322.0, 696.0, 322.0, 709.0, 309.06, 710.36, 296.44, 711.06, 283.0, 711.0]
rec: Farm.....................
text_instance: 30
bbox: [731, 374, 78, 27]
bezier_pts: [731.0, 391.0, 751.47, 367.13, 782.23, 373.78, 808.0, 383.0, 805.0, 396.0, 782.66, 381.39, 759.95, 388.04, 737.0, 400.0]
rec: GUERNSE..................
text_instance: 31
bbox: [726, 414, 83, 29]
bezier_pts: [726.0, 414.0, 753.33, 416.33, 780.67, 418.67, 808.0, 421.0, 805.0, 442.0, 778.31, 440.21, 752.51, 439.51, 727.0, 435.0]
rec: DAIRY....................
text_instance: 32
bbox: [355, 717, 79, 37]
bezier_pts: [355.0, 717.0, 381.0, 717.33, 407.0, 717.67, 433.0, 718.0, 427.0, 753.0, 403.46, 751.47, 381.0, 750.79, 357.0, 748.0]
rec: 190......................
text_instance: 33
bbox: [231, 714, 41, 17]
bezier_pts: [237.0, 714.0, 248.33, 714.0, 259.67, 714.0, 271.0, 714.0, 270.0, 730.0, 257.0, 730.0, 244.0, 730.0, 231.0, 730.0]
rec: goats....................
text_instance: 34
bbox: [274, 711, 52, 20]
bezier_pts: [274.0, 712.0, 289.67, 711.67, 305.33, 711.33, 321.0, 711.0, 325.0, 730.0, 309.0, 730.0, 293.0, 730.0, 277.0, 730.0]
rec: Butter...................
text_instance: 35
bbox: [216, 753, 40, 23]
bezier_pts: [216.0, 753.0, 229.0, 753.33, 242.0, 753.67, 255.0, 754.0, 255.0, 775.0, 242.0, 774.0, 229.0, 773.0, 216.0, 772.0]
rec: 250g.....................
text_instance: 36
bbox: [709, 468, 98, 28]
bezier_pts: [709.0, 468.0, 741.33, 469.33, 773.67, 470.67, 806.0, 472.0, 805.0, 495.0, 773.0, 492.33, 741.0, 489.67, 709.0, 487.0]
rec: GUERNSH..................
text_instance: 37
bbox: [706, 486, 105, 26]
bezier_pts: [706.0, 486.0, 741.99, 487.27, 773.53, 489.06, 809.0, 492.0, 810.0, 510.0, 774.97, 510.17, 741.21, 508.35, 706.0, 507.0]
rec: BUTTER...................
text_instance: 38
bbox: [493, 975, 57, 97]
bezier_pts: [522.0, 1071.0, 510.81, 1041.7, 501.71, 1012.02, 493.0, 983.0, 516.0, 975.0, 532.32, 1003.87, 541.54, 1034.53, 549.0, 1067.0]
rec: PARK.....................
text_instance: 39
bbox: [468, 873, 140, 31]
bezier_pts: [468.0, 873.0, 515.5, 875.67, 557.04, 878.88, 605.0, 883.0, 607.0, 903.0, 562.67, 900.0, 518.33, 897.0, 474.0, 894.0]
rec: LURPAK...................
text_instance: 40
bbox: [676, 697, 76, 24]
bezier_pts: [676.0, 697.0, 701.0, 698.0, 726.0, 699.0, 751.0, 700.0, 751.0, 720.0, 728.0, 719.0, 705.0, 718.0, 682.0, 717.0]
rec: Guernsey.................
text_instance: 41
bbox: [752, 700, 46, 22]
bezier_pts: [754.0, 700.0, 767.0, 700.67, 780.0, 701.33, 793.0, 702.0, 797.0, 720.0, 782.0, 720.33, 767.0, 720.67, 752.0, 721.0]
rec: Dairy....................
text_instance: 42
bbox: [673, 717, 74, 19]
bezier_pts: [673.0, 717.0, 696.33, 717.0, 719.67, 717.0, 743.0, 717.0, 746.0, 735.0, 721.67, 734.33, 697.33, 733.67, 673.0, 733.0]
rec: Guernsey.................
text_instance: 43
bbox: [743, 721, 51, 18]
bezier_pts: [743.0, 721.0, 759.67, 721.0, 776.33, 721.0, 793.0, 721.0, 793.0, 738.0, 776.82, 738.19, 761.43, 737.67, 746.0, 736.0]
rec: Butter...................
text_instance: 44
bbox: [739, 738, 56, 20]
bezier_pts: [742.0, 738.0, 759.33, 738.0, 776.67, 738.0, 794.0, 738.0, 794.0, 757.0, 775.67, 756.0, 757.33, 755.0, 739.0, 754.0]
rec: salted...................
text_instance: 45
bbox: [682, 759, 43, 28]
bezier_pts: [682.0, 759.0, 696.0, 759.33, 710.0, 759.67, 724.0, 760.0, 724.0, 786.0, 711.33, 785.33, 698.67, 784.67, 686.0, 784.0]
rec: 250g.....................
text_instance: 46
bbox: [337, 754, 37, 22]
bezier_pts: [338.0, 754.0, 349.67, 754.0, 361.33, 754.0, 373.0, 754.0, 371.0, 775.0, 359.67, 774.67, 348.33, 774.33, 337.0, 774.0]
rec: 760......................
text_instance: 47
bbox: [76, 54, 28, 17]
bezier_pts: [76.0, 55.0, 84.94, 56.08, 93.67, 51.18, 102.0, 56.0, 103.0, 70.0, 94.4, 69.84, 86.78, 70.59, 78.0, 69.0]
rec: else.....................
text_instance: 48
bbox: [9, 271, 30, 41]
bezier_pts: [9.0, 272.0, 19.0, 269.26, 28.15, 273.04, 38.0, 272.0, 36.0, 309.0, 27.24, 310.61, 18.14, 310.61, 9.0, 309.0]
rec: 9........................
text_instance: 49
bbox: [283, 390, 33, 35]
bezier_pts: [309.0, 390.0, 312.1, 399.63, 313.05, 408.09, 315.0, 417.0, 293.0, 424.0, 286.51, 415.65, 286.31, 405.07, 283.0, 396.0]
rec: St.......................
text_instance: 50
bbox: [211, 693, 18, 18]
bezier_pts: [211.0, 693.0, 216.33, 693.0, 221.67, 693.0, 227.0, 693.0, 228.0, 709.0, 222.67, 709.0, 217.33, 709.0, 212.0, 709.0]
rec: St.......................
text_instance: 51
bbox: [375, 756, 22, 22]
bezier_pts: [375.0, 756.0, 382.0, 757.0, 389.0, 758.0, 396.0, 759.0, 395.0, 777.0, 388.33, 775.99, 381.67, 773.48, 375.0, 772.0]
rec: kg.......................
text_instance: 52
bbox: [716, 507, 84, 32]
bezier_pts: [723.0, 508.0, 748.33, 504.59, 773.67, 510.58, 799.0, 513.0, 796.0, 538.0, 769.33, 537.86, 742.67, 535.54, 716.0, 531.0]
rec: Salted...................
text_instance: 53
bbox: [260, 772, 41, 15]
bezier_pts: [260.0, 772.0, 273.33, 772.67, 286.67, 773.33, 300.0, 774.0, 299.0, 786.0, 286.0, 785.33, 273.0, 784.67, 260.0, 784.0]
rec: 0395301..................
text_instance: 54
bbox: [729, 782, 44, 14]
bezier_pts: [729.0, 782.0, 743.0, 783.0, 757.0, 784.0, 771.0, 785.0, 772.0, 795.0, 757.67, 794.33, 743.33, 793.67, 729.0, 793.0]
rec: 0041954..................
