text_instance: 0
bbox: [64, 467, 146, 70]
bezier_pts: [64.0, 527.0, 84.51, 445.26, 191.86, 435.85, 209.0, 523.0, 188.0, 536.0, 164.12, 480.21, 109.76, 476.53, 88.0, 536.0]
rec: BRENNIVIN................
text_instance: 1
bbox: [255, 556, 67, 59]
bezier_pts: [258.0, 556.0, 284.9, 560.93, 311.78, 574.49, 321.0, 604.0, 310.0, 614.0, 295.01, 597.77, 282.34, 576.94, 255.0, 577.0]
rec: REYKJAVIN................
text_instance: 2
bbox: [297, 606, 31, 88]
bezier_pts: [324.0, 606.0, 330.44, 634.79, 328.64, 668.6, 308.0, 693.0, 297.0, 676.0, 316.52, 659.66, 308.75, 634.23, 314.0, 613.0]
rec: GRAPEVINE................
text_instance: 3
bbox: [51, 644, 167, 25]
bezier_pts: [56.0, 647.0, 108.77, 656.35, 164.15, 656.5, 217.0, 644.0, 214.0, 661.0, 159.63, 665.85, 104.56, 667.4, 51.0, 668.0]
rec: THEORIGINALICELANDCSPIRIT
text_instance: 4
bbox: [225, 563, 28, 13]
bezier_pts: [225.0, 567.0, 234.04, 564.06, 242.33, 562.62, 252.0, 563.0, 252.0, 574.0, 244.94, 574.22, 238.05, 575.28, 231.0, 575.0]
rec: THE......................
