text_instance: 0
bbox: [154, 324, 130, 144]
bezier_pts: [189.0, 324.0, 227.65, 337.42, 253.25, 370.62, 283.0, 399.0, 261.0, 467.0, 224.55, 435.07, 188.98, 405.13, 154.0, 372.0]
rec: Cafe.....................
text_instance: 1
bbox: [95, 346, 179, 184]
bezier_pts: [127.0, 346.0, 166.31, 398.33, 228.54, 432.68, 273.0, 479.0, 252.0, 529.0, 198.25, 485.45, 147.7, 442.18, 95.0, 398.0]
rec: Breton...................
text_instance: 2
bbox: [56, 401, 208, 182]
bezier_pts: [87.0, 401.0, 118.62, 477.27, 181.06, 523.41, 263.0, 539.0, 254.0, 582.0, 155.76, 590.77, 84.16, 512.39, 56.0, 430.0]
rec: CREPERIE.................
text_instance: 3
bbox: [256, 577, 50, 14]
bezier_pts: [256.0, 577.0, 272.33, 577.0, 288.67, 577.0, 305.0, 577.0, 301.0, 588.0, 286.98, 589.63, 273.5, 590.95, 260.0, 589.0]
rec: www......................
text_instance: 4
bbox: [308, 574, 76, 21]
bezier_pts: [308.0, 576.0, 333.48, 571.06, 358.35, 576.7, 383.0, 575.0, 383.0, 588.0, 359.43, 591.67, 333.62, 591.46, 310.0, 588.0]
rec: shejinet.................
text_instance: 5
bbox: [388, 577, 39, 12]
bezier_pts: [388.0, 578.0, 400.71, 575.96, 413.38, 577.29, 426.0, 577.0, 426.0, 588.0, 414.0, 588.0, 402.0, 588.0, 390.0, 588.0]
rec: com......................
