text_instance: 0
bbox: [31, 214, 85, 78]
bezier_pts: [31.0, 266.0, 52.33, 248.67, 73.67, 231.33, 95.0, 214.0, 115.0, 240.0, 95.3, 254.2, 71.01, 266.73, 60.0, 291.0]
rec: THE......................
text_instance: 1
bbox: [120, 176, 232, 56]
bezier_pts: [120.0, 198.0, 197.96, 165.83, 279.86, 176.2, 351.0, 206.0, 340.0, 231.0, 276.15, 198.45, 202.69, 198.52, 136.0, 227.0]
rec: TRAFFORD.................
text_instance: 2
bbox: [106, 448, 122, 51]
bezier_pts: [106.0, 448.0, 146.33, 451.33, 186.67, 454.67, 227.0, 458.0, 222.0, 498.0, 184.33, 493.33, 146.67, 488.67, 109.0, 484.0]
rec: THAT.....................
text_instance: 3
bbox: [250, 464, 144, 47]
bezier_pts: [250.0, 464.0, 297.67, 468.67, 345.33, 473.33, 393.0, 478.0, 391.0, 510.0, 345.0, 505.33, 299.0, 500.67, 253.0, 496.0]
rec: WHICH....................
text_instance: 4
bbox: [757, 100, 47, 45]
bezier_pts: [785.0, 144.0, 773.81, 133.57, 763.22, 120.18, 757.0, 106.0, 780.0, 100.0, 780.66, 114.03, 787.26, 126.82, 803.0, 127.0]
rec: THE......................
text_instance: 5
bbox: [756, 63, 74, 43]
bezier_pts: [756.0, 102.0, 752.81, 42.7, 793.54, 59.21, 829.0, 81.0, 823.0, 96.0, 802.37, 77.35, 774.41, 66.29, 773.0, 105.0]
rec: TRAFFORD.................
text_instance: 6
bbox: [819, 87, 35, 68]
bezier_pts: [834.0, 87.0, 852.68, 107.4, 862.9, 132.03, 840.0, 154.0, 819.0, 136.0, 840.21, 128.14, 831.28, 114.32, 824.0, 100.0]
rec: CENTRE...................
text_instance: 7
bbox: [631, 504, 79, 39]
bezier_pts: [633.0, 504.0, 658.33, 507.67, 683.67, 511.33, 709.0, 515.0, 709.0, 542.0, 683.0, 539.33, 657.0, 536.67, 631.0, 534.0]
rec: GOOD.....................
text_instance: 8
bbox: [750, 527, 76, 56]
bezier_pts: [750.0, 557.0, 771.66, 544.88, 794.67, 537.36, 817.0, 527.0, 825.0, 554.0, 804.67, 563.33, 784.33, 572.67, 764.0, 582.0]
rec: Selfridges...............
text_instance: 9
bbox: [598, 219, 65, 26]
bezier_pts: [598.0, 219.0, 618.33, 220.0, 638.67, 221.0, 659.0, 222.0, 662.0, 244.0, 642.33, 242.67, 622.67, 241.33, 603.0, 240.0]
rec: Aerial...................
text_instance: 10
bbox: [662, 220, 90, 31]
bezier_pts: [662.0, 220.0, 691.31, 223.63, 722.89, 220.82, 751.0, 231.0, 751.0, 250.0, 722.0, 247.67, 693.0, 245.33, 664.0, 243.0]
rec: Extreme..................
text_instance: 11
bbox: [545, 277, 50, 23]
bezier_pts: [545.0, 279.0, 559.33, 278.33, 573.67, 277.67, 588.0, 277.0, 594.0, 297.0, 581.67, 297.67, 569.33, 298.33, 557.0, 299.0]
rec: The......................
text_instance: 12
bbox: [600, 275, 70, 23]
bezier_pts: [600.0, 277.0, 621.33, 276.33, 642.67, 275.67, 664.0, 275.0, 669.0, 294.0, 647.38, 297.47, 626.62, 297.53, 605.0, 297.0]
rec: Coach....................
text_instance: 13
bbox: [672, 274, 71, 21]
bezier_pts: [672.0, 277.0, 694.0, 276.0, 716.0, 275.0, 738.0, 274.0, 742.0, 293.0, 721.69, 294.56, 700.23, 294.4, 680.0, 293.0]
rec: House....................
text_instance: 14
bbox: [744, 266, 59, 31]
bezier_pts: [744.0, 271.0, 762.0, 269.33, 780.0, 267.67, 798.0, 266.0, 802.0, 294.0, 784.0, 294.67, 766.0, 295.33, 748.0, 296.0]
rec: Hotel....................
text_instance: 15
bbox: [729, 361, 89, 68]
bezier_pts: [729.0, 361.0, 757.99, 373.62, 789.53, 385.77, 817.0, 404.0, 817.0, 428.0, 790.67, 415.67, 764.33, 403.33, 738.0, 391.0]
rec: Wilderspoon..............
text_instance: 16
bbox: [814, 403, 48, 38]
bezier_pts: [814.0, 403.0, 828.65, 407.18, 844.33, 412.28, 857.0, 422.0, 861.0, 440.0, 847.44, 436.88, 835.16, 432.59, 822.0, 429.0]
rec: Wood.....................
text_instance: 17
bbox: [916, 346, 61, 46]
bezier_pts: [923.0, 346.0, 942.1, 352.34, 959.44, 359.56, 975.0, 373.0, 976.0, 391.0, 955.0, 383.85, 934.69, 374.46, 916.0, 364.0]
rec: JohnLewis................
text_instance: 18
bbox: [370, 228, 30, 35]
bezier_pts: [381.0, 228.0, 388.12, 233.05, 393.18, 239.39, 399.0, 245.0, 386.0, 262.0, 379.26, 257.49, 373.95, 251.63, 370.0, 245.0]
rec: C........................
text_instance: 19
bbox: [437, 305, 40, 44]
bezier_pts: [458.0, 305.0, 466.23, 315.58, 470.49, 327.41, 476.0, 340.0, 451.0, 348.0, 449.41, 345.72, 438.42, 331.36, 437.0, 323.0]
rec: RE.......................
text_instance: 20
bbox: [592, 503, 34, 31]
bezier_pts: [592.0, 503.0, 602.67, 504.0, 613.33, 505.0, 624.0, 506.0, 625.0, 532.0, 614.22, 533.97, 602.56, 533.41, 592.0, 530.0]
rec: IS.......................
text_instance: 21
bbox: [245, 344, 49, 82]
bezier_pts: [256.0, 344.0, 268.33, 347.67, 280.67, 351.33, 293.0, 355.0, 281.0, 425.0, 269.0, 423.0, 257.0, 421.0, 245.0, 419.0]
rec: TC.......................
text_instance: 22
bbox: [626, 392, 144, 31]
bezier_pts: [628.0, 397.0, 672.89, 390.68, 722.27, 389.81, 769.0, 396.0, 768.0, 416.0, 720.33, 419.84, 673.67, 420.97, 626.0, 422.0]
rec: gettyimages..............
text_instance: 23
bbox: [627, 423, 76, 18]
bezier_pts: [628.0, 423.0, 652.0, 423.33, 676.0, 423.67, 700.0, 424.0, 702.0, 437.0, 676.62, 437.9, 652.44, 437.89, 627.0, 438.0]
rec: Bloomberg................
text_instance: 24
bbox: [16, 598, 63, 12]
bezier_pts: [16.0, 598.0, 36.33, 598.0, 56.67, 598.0, 77.0, 598.0, 78.0, 608.0, 58.33, 609.54, 37.88, 609.67, 18.0, 608.0]
rec: 107831800................
