text_instance: 0
bbox: [184, 508, 50, 19]
bezier_pts: [184.0, 508.0, 200.33, 508.0, 216.67, 508.0, 233.0, 508.0, 233.0, 525.0, 216.98, 526.41, 199.77, 526.56, 184.0, 525.0]
rec: 2010.....................
text_instance: 1
bbox: [191, 34, 81, 25]
bezier_pts: [191.0, 34.0, 219.59, 34.28, 246.02, 31.78, 271.0, 48.0, 261.0, 58.0, 240.63, 46.99, 216.85, 39.55, 195.0, 51.0]
rec: CoziBurger...............
text_instance: 2
bbox: [201, 94, 45, 21]
bezier_pts: [206.0, 94.0, 218.67, 95.67, 231.33, 97.33, 244.0, 99.0, 245.0, 114.0, 230.07, 112.88, 215.71, 109.95, 201.0, 108.0]
rec: 2010.....................
text_instance: 3
bbox: [132, 200, 67, 30]
bezier_pts: [139.0, 200.0, 157.97, 203.81, 178.79, 201.23, 198.0, 207.0, 196.0, 229.0, 174.67, 224.67, 153.33, 220.33, 132.0, 216.0]
rec: cozi.....................
text_instance: 4
bbox: [200, 207, 105, 37]
bezier_pts: [202.0, 207.0, 236.0, 211.67, 270.0, 216.33, 304.0, 221.0, 302.0, 243.0, 269.09, 237.77, 234.25, 232.08, 200.0, 227.0]
rec: BURGER...................
text_instance: 5
bbox: [167, 364, 37, 29]
bezier_pts: [167.0, 372.0, 178.33, 369.33, 189.67, 366.67, 201.0, 364.0, 203.0, 385.0, 191.0, 387.33, 179.0, 389.67, 167.0, 392.0]
rec: Cozi.....................
text_instance: 6
bbox: [205, 361, 69, 43]
bezier_pts: [205.0, 361.0, 230.55, 364.9, 255.06, 370.62, 273.0, 389.0, 263.0, 403.0, 244.0, 396.0, 225.0, 389.0, 206.0, 382.0]
rec: Burger...................
text_instance: 7
bbox: [176, 47, 106, 54]
bezier_pts: [180.0, 47.0, 212.78, 47.11, 248.22, 52.56, 281.0, 58.0, 277.0, 100.0, 242.77, 96.28, 209.38, 91.33, 176.0, 85.0]
rec: cb.......................
text_instance: 8
bbox: [140, 394, 153, 97]
bezier_pts: [141.0, 395.0, 191.33, 395.0, 241.67, 395.0, 292.0, 395.0, 287.0, 489.0, 238.0, 489.0, 189.0, 489.0, 140.0, 489.0]
rec: cb.......................
