text_instance: 0
bbox: [383, 245, 257, 90]
bezier_pts: [383.0, 317.0, 458.84, 212.47, 559.12, 218.08, 639.0, 311.0, 615.0, 334.0, 557.05, 267.94, 469.92, 261.7, 413.0, 334.0]
rec: TRAFFORD.................
text_instance: 1
bbox: [462, 276, 95, 78]
bezier_pts: [462.0, 295.0, 487.65, 286.72, 511.62, 279.29, 539.0, 276.0, 556.0, 332.0, 531.0, 339.0, 506.0, 346.0, 481.0, 353.0]
rec: The......................
text_instance: 2
bbox: [410, 475, 214, 69]
bezier_pts: [421.0, 476.0, 477.72, 502.53, 537.94, 518.19, 591.0, 475.0, 623.0, 506.0, 560.0, 556.79, 477.83, 553.52, 410.0, 508.0]
rec: CENTRE...................
text_instance: 3
bbox: [626, 386, 145, 30]
bezier_pts: [626.0, 390.0, 674.62, 381.74, 723.01, 390.38, 770.0, 391.0, 769.0, 411.0, 722.07, 413.19, 674.12, 414.16, 626.0, 414.0]
rec: gettyimages..............
text_instance: 4
bbox: [628, 417, 75, 18]
bezier_pts: [628.0, 418.0, 651.84, 414.74, 676.86, 420.23, 702.0, 421.0, 701.0, 434.0, 676.67, 433.0, 652.33, 432.0, 628.0, 431.0]
rec: Bloomberg................
text_instance: 5
bbox: [16, 588, 63, 13]
bezier_pts: [16.0, 589.0, 36.33, 589.0, 56.67, 589.0, 77.0, 589.0, 78.0, 599.0, 58.29, 600.68, 37.2, 600.42, 17.0, 599.0]
rec: 107831801................
