text_instance: 0
bbox: [253, 254, 406, 105]
bezier_pts: [253.0, 264.0, 388.0, 260.67, 523.0, 257.33, 658.0, 254.0, 658.0, 330.0, 524.44, 341.17, 389.2, 350.02, 255.0, 358.0]
rec: MORNING..................
text_instance: 1
bbox: [932, 145, 93, 41]
bezier_pts: [932.0, 177.0, 952.98, 137.99, 1015.07, 123.26, 1024.0, 180.0, 1009.0, 185.0, 998.78, 141.4, 962.63, 154.5, 945.0, 185.0]
rec: CANADIAN.................
text_instance: 2
bbox: [927, 202, 90, 39]
bezier_pts: [1016.0, 206.0, 994.59, 248.03, 951.01, 259.44, 927.0, 212.0, 938.0, 202.0, 955.74, 239.6, 984.95, 227.29, 1006.0, 202.0]
rec: CHERRIES.................
text_instance: 3
bbox: [685, 245, 261, 88]
bezier_pts: [687.0, 250.0, 773.0, 248.33, 859.0, 246.67, 945.0, 245.0, 929.0, 314.0, 847.48, 322.85, 765.41, 328.49, 685.0, 332.0]
rec: GLORY....................
text_instance: 4
bbox: [261, 354, 115, 56]
bezier_pts: [261.0, 364.0, 297.67, 360.67, 334.33, 357.33, 371.0, 354.0, 375.0, 401.0, 340.0, 403.67, 305.0, 406.33, 270.0, 409.0]
rec: Hand.....................
text_instance: 5
bbox: [380, 342, 137, 62]
bezier_pts: [380.0, 352.0, 424.0, 348.67, 468.0, 345.33, 512.0, 342.0, 516.0, 394.0, 472.67, 397.0, 429.33, 400.0, 386.0, 403.0]
rec: Picked...................
text_instance: 6
bbox: [522, 336, 155, 58]
bezier_pts: [522.0, 345.0, 571.67, 342.0, 621.33, 339.0, 671.0, 336.0, 676.0, 379.0, 626.48, 386.45, 576.21, 390.88, 527.0, 393.0]
rec: Cherries.................
text_instance: 7
bbox: [686, 338, 92, 45]
bezier_pts: [686.0, 343.0, 715.67, 341.33, 745.33, 339.67, 775.0, 338.0, 777.0, 376.0, 749.04, 379.07, 720.89, 381.73, 693.0, 381.0]
rec: From.....................
text_instance: 8
bbox: [785, 327, 140, 49]
bezier_pts: [787.0, 334.0, 832.67, 331.67, 878.33, 329.33, 924.0, 327.0, 921.0, 366.0, 876.03, 371.85, 830.79, 374.89, 785.0, 375.0]
rec: Canada...................
text_instance: 9
bbox: [134, 48, 265, 34]
bezier_pts: [398.0, 80.0, 309.19, 82.42, 222.2, 78.14, 134.0, 65.0, 160.0, 48.0, 238.33, 51.0, 316.67, 54.0, 395.0, 57.0]
rec: Glory....................
text_instance: 10
bbox: [415, 40, 352, 36]
bezier_pts: [766.0, 66.0, 647.8, 77.86, 533.47, 75.54, 415.0, 75.0, 422.0, 57.0, 534.18, 60.33, 640.05, 56.41, 745.0, 40.0]
rec: MORNING..................
text_instance: 11
bbox: [269, 37, 368, 26]
bezier_pts: [636.0, 55.0, 513.26, 63.8, 394.4, 64.58, 269.0, 54.0, 277.0, 38.0, 394.0, 37.67, 511.0, 37.33, 628.0, 37.0]
rec: CHERRIES.................
