text_instance: 0
bbox: [761, 586, 45, 23]
bezier_pts: [761.0, 586.0, 775.67, 586.0, 790.33, 586.0, 805.0, 586.0, 805.0, 607.0, 790.65, 608.71, 775.45, 608.55, 761.0, 607.0]
rec: 9303.....................
text_instance: 1
bbox: [382, 240, 116, 48]
bezier_pts: [382.0, 256.0, 419.67, 242.78, 458.3, 238.48, 497.0, 240.0, 492.0, 269.0, 457.67, 275.0, 423.33, 281.0, 389.0, 287.0]
rec: Shopping.................
text_instance: 2
bbox: [500, 237, 88, 48]
bezier_pts: [500.0, 237.0, 530.51, 235.99, 561.8, 246.83, 587.0, 263.0, 559.0, 284.0, 540.0, 278.67, 521.0, 273.33, 502.0, 268.0]
rec: Gallery..................
text_instance: 3
bbox: [538, 1085, 48, 80]
bezier_pts: [548.0, 1085.0, 560.33, 1095.33, 572.67, 1105.67, 585.0, 1116.0, 577.0, 1164.0, 564.0, 1153.0, 551.0, 1142.0, 538.0, 1131.0]
rec: WYG......................
text_instance: 4
bbox: [577, 1123, 71, 87]
bezier_pts: [590.0, 1123.0, 608.87, 1136.82, 629.91, 1147.91, 647.0, 1164.0, 636.0, 1209.0, 616.82, 1195.93, 595.96, 1182.23, 577.0, 1169.0]
rec: 2739.....................
text_instance: 5
bbox: [696, 1141, 109, 53]
bezier_pts: [709.0, 1141.0, 741.05, 1148.13, 771.67, 1163.2, 804.0, 1172.0, 794.0, 1193.0, 761.21, 1186.5, 729.13, 1176.13, 696.0, 1167.0]
rec: MYVI.....................
text_instance: 6
bbox: [729, 590, 34, 20]
bezier_pts: [730.0, 590.0, 740.67, 590.33, 751.33, 590.67, 762.0, 591.0, 762.0, 609.0, 751.2, 608.81, 739.93, 609.62, 729.0, 608.0]
rec: BLW......................
