text_instance: 0
bbox: [1, 214, 94, 44]
bezier_pts: [1.0, 226.0, 33.88, 204.69, 65.56, 212.94, 94.0, 238.0, 79.0, 257.0, 56.61, 227.94, 26.96, 230.88, 1.0, 251.0]
rec: RAFTHOLIC................
text_instance: 1
bbox: [31, 308, 49, 31]
bezier_pts: [31.0, 308.0, 47.0, 308.0, 63.0, 308.0, 79.0, 308.0, 79.0, 337.0, 64.04, 337.89, 48.82, 337.24, 34.0, 335.0]
rec: Cafe.....................
text_instance: 2
bbox: [353, 306, 59, 16]
bezier_pts: [353.0, 308.0, 372.0, 307.33, 391.0, 306.67, 410.0, 306.0, 411.0, 318.0, 392.04, 319.41, 372.11, 319.87, 353.0, 320.0]
rec: CRAFTHOLIC...............
text_instance: 3
bbox: [413, 308, 28, 16]
bezier_pts: [413.0, 308.0, 422.0, 308.0, 431.0, 308.0, 440.0, 308.0, 440.0, 321.0, 431.88, 323.7, 423.58, 322.83, 415.0, 321.0]
rec: CAFE.....................
