text_instance: 0
bbox: [81, 29, 72, 17]
bezier_pts: [81.0, 29.0, 105.17, 32.65, 127.91, 32.7, 152.0, 29.0, 152.0, 44.0, 127.65, 44.03, 104.93, 43.99, 81.0, 44.0]
rec: ELECTRICITY..............
text_instance: 1
bbox: [122, 84, 44, 14]
bezier_pts: [122.0, 84.0, 136.33, 84.0, 150.67, 84.0, 165.0, 84.0, 165.0, 95.0, 150.74, 97.77, 136.15, 97.65, 122.0, 95.0]
rec: FATIGUE..................
text_instance: 2
bbox: [69, 86, 48, 15]
bezier_pts: [69.0, 86.0, 84.67, 86.0, 100.33, 86.0, 116.0, 86.0, 116.0, 97.0, 100.55, 100.82, 85.17, 100.57, 69.0, 97.0]
rec: RELIEVES.................
text_instance: 3
bbox: [73, 75, 32, 15]
bezier_pts: [73.0, 75.0, 83.33, 75.0, 93.67, 75.0, 104.0, 75.0, 104.0, 87.0, 93.9, 88.57, 83.14, 88.72, 73.0, 87.0]
rec: VIRRA....................
text_instance: 4
bbox: [108, 73, 55, 17]
bezier_pts: [108.0, 73.0, 126.0, 73.0, 144.0, 73.0, 162.0, 73.0, 162.0, 87.0, 143.64, 87.72, 125.9, 89.24, 108.0, 87.0]
rec: MASSAGE..................
text_instance: 5
bbox: [60, 46, 120, 36]
bezier_pts: [60.0, 62.0, 98.85, 42.51, 136.58, 43.17, 179.0, 51.0, 177.0, 81.0, 140.92, 59.9, 99.29, 73.45, 63.0, 79.0]
rec: MAGICCHAIR...............
text_instance: 6
bbox: [109, 16, 23, 18]
bezier_pts: [110.0, 16.0, 117.0, 16.0, 124.0, 16.0, 131.0, 16.0, 130.0, 33.0, 123.09, 32.81, 115.98, 33.61, 109.0, 32.0]
rec: NO.......................
