text_instance: 0
bbox: [169, 136, 94, 82]
bezier_pts: [169.0, 208.0, 190.27, 176.11, 218.27, 149.46, 254.0, 136.0, 262.0, 162.0, 232.31, 170.99, 209.84, 194.8, 191.0, 217.0]
rec: WHITE....................
text_instance: 1
bbox: [271, 115, 153, 48]
bezier_pts: [271.0, 127.0, 320.03, 109.78, 377.4, 106.57, 423.0, 138.0, 404.0, 162.0, 363.47, 129.65, 316.51, 142.44, 275.0, 152.0]
rec: ELEPHANT.................
text_instance: 2
bbox: [225, 243, 145, 61]
bezier_pts: [225.0, 274.0, 274.4, 280.49, 314.02, 263.45, 358.0, 243.0, 369.0, 267.0, 323.66, 291.77, 279.29, 309.8, 227.0, 301.0]
rec: GALLERY..................
