text_instance: 0
bbox: [6, 5, 43, 27]
bezier_pts: [6.0, 5.0, 19.67, 6.0, 33.33, 7.0, 47.0, 8.0, 48.0, 29.0, 35.18, 30.62, 21.9, 30.63, 9.0, 29.0]
rec: tuk......................
text_instance: 1
bbox: [60, 9, 140, 30]
bezier_pts: [60.0, 9.0, 106.33, 9.67, 152.67, 10.33, 199.0, 11.0, 198.0, 35.0, 152.22, 36.45, 106.9, 36.87, 61.0, 36.0]
rec: peruntukan...............
text_instance: 2
bbox: [88, 94, 57, 94]
bezier_pts: [88.0, 180.0, 90.1, 141.04, 101.89, 113.97, 137.0, 94.0, 144.0, 112.0, 113.24, 126.5, 106.19, 157.15, 107.0, 187.0]
rec: JABATAN..................
text_instance: 3
bbox: [149, 91, 112, 93]
bezier_pts: [149.0, 95.0, 213.89, 75.6, 261.61, 110.56, 260.0, 183.0, 240.0, 183.0, 248.69, 125.12, 201.82, 97.46, 152.0, 110.0]
rec: KESELAMATAN..............
text_instance: 4
bbox: [112, 164, 24, 37]
bezier_pts: [120.0, 200.0, 111.53, 190.32, 118.9, 175.15, 112.0, 164.0, 128.0, 165.0, 130.56, 175.24, 127.19, 184.42, 135.0, 192.0]
rec: DAN......................
text_instance: 5
bbox: [114, 112, 76, 53]
bezier_pts: [114.0, 159.0, 124.37, 120.93, 150.56, 105.04, 189.0, 114.0, 189.0, 129.0, 159.21, 115.77, 135.89, 136.35, 131.0, 164.0]
rec: KESIHATAN................
text_instance: 6
bbox: [192, 115, 45, 90]
bezier_pts: [196.0, 115.0, 236.84, 132.47, 245.33, 167.16, 227.0, 204.0, 212.0, 198.0, 223.91, 171.65, 222.53, 142.91, 192.0, 129.0]
rec: PEKERJAAN................
text_instance: 7
bbox: [93, 195, 74, 59]
bezier_pts: [111.0, 195.0, 127.35, 209.39, 139.74, 231.33, 166.0, 232.0, 162.0, 253.0, 127.98, 251.7, 105.29, 227.63, 93.0, 200.0]
rec: PULAU....................
text_instance: 8
bbox: [171, 195, 84, 58]
bezier_pts: [171.0, 233.0, 197.0, 228.1, 218.98, 216.99, 235.0, 195.0, 254.0, 205.0, 235.77, 232.11, 208.55, 256.02, 172.0, 252.0]
rec: PINANG...................
text_instance: 9
bbox: [2, 422, 44, 25]
bezier_pts: [2.0, 422.0, 16.33, 423.0, 30.67, 424.0, 45.0, 425.0, 45.0, 445.0, 31.33, 445.33, 17.67, 445.67, 4.0, 446.0]
rec: era......................
text_instance: 10
bbox: [4, 496, 64, 31]
bezier_pts: [6.0, 498.0, 26.33, 497.33, 46.67, 496.67, 67.0, 496.0, 67.0, 524.0, 45.63, 526.07, 24.63, 525.36, 4.0, 522.0]
rec: tuan.....................
text_instance: 11
bbox: [74, 492, 113, 42]
bezier_pts: [79.0, 495.0, 114.33, 494.0, 149.67, 493.0, 185.0, 492.0, 186.0, 530.0, 149.31, 532.15, 110.96, 533.18, 74.0, 531.0]
rec: rujukan..................
text_instance: 12
bbox: [11, 550, 158, 44]
bezier_pts: [11.0, 554.0, 62.33, 552.67, 113.67, 551.33, 165.0, 550.0, 168.0, 588.0, 115.38, 591.97, 62.83, 592.97, 11.0, 591.0]
rec: dinyatakan...............
text_instance: 13
bbox: [145, 151, 62, 38]
bezier_pts: [145.0, 151.0, 164.53, 151.8, 186.31, 148.28, 206.0, 154.0, 204.0, 185.0, 183.96, 187.66, 164.8, 187.7, 145.0, 186.0]
rec: PP.......................
text_instance: 14
bbox: [174, 552, 34, 35]
bezier_pts: [174.0, 553.0, 185.0, 552.67, 196.0, 552.33, 207.0, 552.0, 206.0, 585.0, 195.36, 586.57, 185.08, 585.9, 174.0, 586.0]
rec: di.......................
