text_instance: 0
bbox: [87, 290, 60, 41]
bezier_pts: [97.0, 290.0, 113.0, 295.0, 129.0, 300.0, 145.0, 305.0, 146.0, 330.0, 125.67, 327.58, 105.74, 321.94, 87.0, 315.0]
rec: BAR......................
text_instance: 1
bbox: [146, 300, 70, 39]
bezier_pts: [155.0, 305.0, 172.0, 303.33, 189.0, 301.67, 206.0, 300.0, 215.0, 336.0, 192.0, 336.33, 169.0, 336.67, 146.0, 337.0]
rec: BER......................
text_instance: 2
bbox: [216, 286, 71, 45]
bezier_pts: [216.0, 309.0, 235.33, 301.33, 254.67, 293.67, 274.0, 286.0, 286.0, 304.0, 264.25, 315.6, 241.56, 324.21, 218.0, 330.0]
rec: SUZUKI...................
