text_instance: 0
bbox: [140, 348, 204, 36]
bezier_pts: [140.0, 348.0, 207.67, 348.0, 275.33, 348.0, 343.0, 348.0, 343.0, 382.0, 275.29, 382.27, 208.47, 383.72, 140.0, 382.0]
rec: CAPTAINKEY...............
text_instance: 1
bbox: [198, 525, 212, 36]
bezier_pts: [198.0, 525.0, 268.33, 525.0, 338.67, 525.0, 409.0, 525.0, 409.0, 558.0, 338.9, 558.48, 267.96, 559.67, 198.0, 558.0]
rec: AUTOMOTIVE...............
text_instance: 2
bbox: [197, 488, 212, 36]
bezier_pts: [197.0, 488.0, 267.33, 488.0, 337.67, 488.0, 408.0, 488.0, 408.0, 520.0, 337.87, 520.89, 267.45, 520.84, 197.0, 520.0]
rec: COMMERCIAL...............
text_instance: 3
bbox: [197, 446, 207, 35]
bezier_pts: [197.0, 446.0, 265.67, 446.0, 334.33, 446.0, 403.0, 446.0, 403.0, 479.0, 334.33, 479.0, 265.67, 479.0, 197.0, 479.0]
rec: RESIDENTAL...............
text_instance: 4
bbox: [88, 704, 39, 84]
bezier_pts: [126.0, 712.0, 110.68, 728.58, 97.84, 752.8, 114.0, 775.0, 88.0, 787.0, 86.58, 759.19, 90.74, 729.89, 103.0, 704.0]
rec: REMOVE...................
text_instance: 5
bbox: [89, 785, 84, 73]
bezier_pts: [111.0, 785.0, 119.92, 811.27, 141.92, 832.12, 172.0, 834.0, 167.0, 857.0, 133.57, 847.55, 110.19, 823.04, 89.0, 795.0]
rec: CONTROL..................
text_instance: 6
bbox: [177, 815, 55, 78]
bezier_pts: [177.0, 875.0, 183.35, 853.48, 194.91, 836.06, 202.0, 815.0, 231.0, 849.0, 210.97, 856.81, 213.54, 874.94, 211.0, 892.0]
rec: THE......................
text_instance: 7
bbox: [216, 796, 119, 62]
bezier_pts: [216.0, 809.0, 258.0, 785.4, 301.7, 797.49, 334.0, 827.0, 312.0, 857.0, 291.33, 829.49, 260.79, 819.83, 231.0, 842.0]
rec: WORLD....................
text_instance: 8
bbox: [221, 845, 81, 66]
bezier_pts: [221.0, 872.0, 244.33, 863.0, 267.67, 854.0, 291.0, 845.0, 301.0, 885.0, 279.67, 893.33, 258.33, 901.67, 237.0, 910.0]
rec: No1......................
text_instance: 9
bbox: [181, 850, 167, 100]
bezier_pts: [206.0, 903.0, 250.44, 953.87, 321.43, 932.11, 316.0, 855.0, 347.0, 850.0, 350.21, 956.77, 252.12, 987.8, 181.0, 918.0]
rec: CARKEYPROGRAMMER.........
text_instance: 10
bbox: [331, 584, 62, 56]
bezier_pts: [332.0, 584.0, 355.23, 590.63, 374.12, 611.37, 392.0, 626.0, 365.0, 639.0, 358.29, 624.79, 348.24, 610.05, 331.0, 611.0]
rec: CARD.....................
text_instance: 11
bbox: [362, 636, 41, 82]
bezier_pts: [389.0, 636.0, 406.86, 660.56, 398.38, 688.62, 400.0, 715.0, 374.0, 717.0, 380.37, 692.72, 393.73, 662.58, 362.0, 645.0]
rec: ACCESS...................
text_instance: 12
bbox: [385, 739, 48, 111]
bezier_pts: [385.0, 825.0, 420.35, 809.38, 405.48, 775.91, 412.0, 749.0, 422.0, 739.0, 447.15, 779.54, 422.58, 818.45, 400.0, 849.0]
rec: PADLOCKS.................
text_instance: 13
bbox: [114, 985, 317, 94]
bezier_pts: [114.0, 1012.0, 213.38, 1013.18, 329.09, 1004.1, 425.0, 985.0, 430.0, 1047.0, 328.27, 1058.29, 227.35, 1068.46, 126.0, 1078.0]
rec: LOCKSMITH................
text_instance: 14
bbox: [665, 467, 48, 31]
bezier_pts: [665.0, 467.0, 680.67, 467.0, 696.33, 467.0, 712.0, 467.0, 708.0, 497.0, 694.33, 495.0, 680.67, 493.0, 667.0, 491.0]
rec: LIFT.....................
