text_instance: 0
bbox: [304, 428, 72, 64]
bezier_pts: [304.0, 478.0, 320.63, 456.14, 340.35, 435.68, 369.0, 428.0, 375.0, 455.0, 350.6, 451.6, 336.15, 471.36, 326.0, 491.0]
rec: WORLD....................
text_instance: 1
bbox: [379, 431, 76, 67]
bezier_pts: [381.0, 431.0, 411.69, 436.1, 439.13, 454.09, 454.0, 481.0, 441.0, 497.0, 427.54, 474.34, 407.16, 454.86, 379.0, 457.0]
rec: AIRLINE..................
text_instance: 2
bbox: [557, 221, 138, 74]
bezier_pts: [557.0, 221.0, 599.67, 223.67, 642.33, 226.33, 685.0, 229.0, 694.0, 294.0, 653.06, 293.46, 611.38, 291.95, 569.0, 289.0]
rec: Hoan.....................
text_instance: 3
bbox: [310, 490, 142, 29]
bezier_pts: [310.0, 490.0, 359.03, 493.04, 403.92, 491.46, 451.0, 497.0, 451.0, 518.0, 405.0, 517.67, 359.0, 517.33, 313.0, 517.0]
rec: SKYTRAX..................
text_instance: 4
bbox: [302, 521, 101, 60]
bezier_pts: [329.0, 521.0, 341.06, 551.27, 371.95, 555.19, 400.0, 556.0, 402.0, 580.0, 360.79, 582.24, 319.93, 566.71, 302.0, 526.0]
rec: AWARDS...................
text_instance: 5
bbox: [403, 526, 57, 51]
bezier_pts: [403.0, 553.0, 417.72, 550.0, 425.85, 540.75, 433.0, 526.0, 459.0, 533.0, 447.81, 548.14, 438.73, 566.71, 420.0, 576.0]
rec: 2016.....................
text_instance: 6
bbox: [289, 589, 126, 28]
bezier_pts: [289.0, 589.0, 330.0, 589.0, 371.0, 589.0, 412.0, 589.0, 414.0, 613.0, 377.4, 615.06, 342.73, 615.02, 307.0, 612.0]
rec: WORLDS...................
text_instance: 7
bbox: [414, 591, 66, 26]
bezier_pts: [414.0, 591.0, 435.67, 591.33, 457.33, 591.67, 479.0, 592.0, 476.0, 613.0, 456.04, 615.66, 437.6, 615.16, 418.0, 615.0]
rec: BEST.....................
text_instance: 8
bbox: [295, 607, 52, 26]
bezier_pts: [295.0, 607.0, 310.65, 609.72, 327.93, 605.4, 344.0, 612.0, 346.0, 631.0, 329.82, 633.08, 312.45, 631.24, 296.0, 631.0]
rec: LOW......................
text_instance: 9
bbox: [346, 610, 57, 24]
bezier_pts: [346.0, 613.0, 363.67, 612.0, 381.33, 611.0, 399.0, 610.0, 402.0, 633.0, 384.32, 633.36, 366.13, 632.22, 349.0, 631.0]
rec: COST.....................
text_instance: 10
bbox: [397, 613, 81, 23]
bezier_pts: [397.0, 613.0, 420.67, 613.0, 444.33, 613.0, 468.0, 613.0, 477.0, 628.0, 451.5, 632.62, 425.57, 634.33, 400.0, 633.0]
rec: AIRLINE..................
text_instance: 11
bbox: [322, 634, 66, 25]
bezier_pts: [322.0, 637.0, 343.0, 636.0, 364.0, 635.0, 385.0, 634.0, 387.0, 657.0, 366.96, 658.86, 345.77, 657.5, 326.0, 657.0]
rec: YEARS....................
text_instance: 12
bbox: [385, 637, 92, 22]
bezier_pts: [385.0, 637.0, 414.67, 637.0, 444.33, 637.0, 474.0, 637.0, 476.0, 656.0, 447.34, 656.92, 418.71, 656.9, 391.0, 656.0]
rec: RUNNING..................
text_instance: 13
bbox: [303, 636, 24, 22]
bezier_pts: [303.0, 637.0, 310.73, 635.92, 318.73, 634.09, 326.0, 638.0, 324.0, 657.0, 317.0, 656.67, 310.0, 656.33, 303.0, 656.0]
rec: 8........................
text_instance: 14
bbox: [14, 502, 101, 115]
bezier_pts: [14.0, 544.0, 39.44, 528.87, 63.57, 515.22, 89.0, 502.0, 114.0, 552.0, 83.67, 573.33, 53.33, 594.67, 23.0, 616.0]
rec: m........................
