text_instance: 0
bbox: [277, 144, 140, 67]
bezier_pts: [277.0, 205.0, 295.13, 128.04, 370.97, 125.01, 416.0, 174.0, 396.0, 190.0, 363.67, 151.79, 318.33, 161.43, 302.0, 210.0]
rec: ORGANIC..................
text_instance: 1
bbox: [287, 234, 136, 50]
bezier_pts: [290.0, 254.0, 332.64, 242.54, 375.52, 240.82, 417.0, 234.0, 422.0, 264.0, 377.0, 270.33, 332.0, 276.67, 287.0, 283.0]
rec: PRODUCTS.................
text_instance: 2
bbox: [391, 18, 87, 47]
bezier_pts: [391.0, 39.0, 418.22, 30.22, 442.78, 25.0, 470.0, 18.0, 477.0, 40.0, 451.48, 48.72, 426.87, 57.52, 400.0, 64.0]
rec: Coffee...................
text_instance: 3
bbox: [395, 131, 58, 29]
bezier_pts: [395.0, 147.0, 412.09, 139.47, 430.33, 136.65, 448.0, 131.0, 452.0, 146.0, 436.34, 151.4, 420.13, 155.81, 404.0, 159.0]
rec: CHINESE..................
text_instance: 4
bbox: [320, 49, 81, 41]
bezier_pts: [320.0, 74.0, 341.75, 59.75, 369.61, 58.05, 394.0, 49.0, 400.0, 64.0, 374.0, 72.33, 348.0, 80.67, 322.0, 89.0]
rec: FRESHENER................
text_instance: 5
bbox: [295, 72, 82, 55]
bezier_pts: [295.0, 97.0, 320.0, 88.67, 345.0, 80.33, 370.0, 72.0, 376.0, 105.0, 349.33, 112.0, 322.67, 119.0, 296.0, 126.0]
rec: MET......................
text_instance: 6
bbox: [219, 90, 73, 46]
bezier_pts: [219.0, 109.0, 240.33, 102.67, 261.67, 96.33, 283.0, 90.0, 291.0, 118.0, 271.58, 126.2, 251.43, 131.36, 230.0, 135.0]
rec: Fruits...................
text_instance: 7
bbox: [209, 125, 65, 37]
bezier_pts: [209.0, 141.0, 228.72, 132.81, 246.53, 130.53, 267.0, 125.0, 273.0, 146.0, 255.49, 152.29, 237.78, 157.11, 219.0, 161.0]
rec: Veggie...................
text_instance: 8
bbox: [137, 152, 114, 66]
bezier_pts: [137.0, 169.0, 170.63, 155.35, 208.89, 154.96, 246.0, 152.0, 250.0, 196.0, 221.26, 211.12, 186.11, 214.42, 154.0, 217.0]
rec: Rice.....................
text_instance: 9
bbox: [91, 164, 50, 34]
bezier_pts: [91.0, 176.0, 105.48, 169.77, 124.88, 168.75, 140.0, 164.0, 140.0, 184.0, 126.81, 189.64, 112.63, 194.9, 98.0, 197.0]
rec: Sauce....................
text_instance: 10
bbox: [53, 186, 90, 60]
bezier_pts: [53.0, 207.0, 77.94, 196.29, 105.52, 194.76, 132.0, 186.0, 142.0, 225.0, 116.0, 231.67, 90.0, 238.33, 64.0, 245.0]
rec: FISH.....................
text_instance: 11
bbox: [51, 190, 220, 97]
bezier_pts: [51.0, 247.0, 122.0, 228.0, 193.0, 209.0, 264.0, 190.0, 270.0, 229.0, 202.32, 260.29, 126.65, 270.4, 59.0, 286.0]
rec: BREAKFAST................
text_instance: 12
bbox: [1, 214, 58, 51]
bezier_pts: [1.0, 232.0, 15.33, 226.0, 29.67, 220.0, 44.0, 214.0, 58.0, 246.0, 39.0, 252.0, 20.0, 258.0, 1.0, 264.0]
rec: ack......................
text_instance: 13
bbox: [5, 249, 52, 39]
bezier_pts: [5.0, 263.0, 18.33, 258.33, 31.67, 253.67, 45.0, 249.0, 56.0, 268.0, 40.68, 276.6, 24.16, 281.87, 7.0, 287.0]
rec: FISH.....................
text_instance: 14
bbox: [168, 332, 103, 32]
bezier_pts: [168.0, 338.0, 200.33, 336.0, 232.67, 334.0, 265.0, 332.0, 270.0, 355.0, 236.02, 360.64, 201.78, 363.29, 168.0, 363.0]
rec: SUSHI....................
text_instance: 15
bbox: [373, 53, 87, 87]
bezier_pts: [373.0, 77.0, 394.36, 66.67, 423.1, 61.13, 446.0, 53.0, 459.0, 125.0, 436.25, 131.95, 413.39, 136.07, 390.0, 137.0]
rec: Oi.......................
