text_instance: 0
bbox: [311, 333, 88, 25]
bezier_pts: [311.0, 333.0, 340.0, 333.0, 369.0, 333.0, 398.0, 333.0, 398.0, 356.0, 369.0, 356.0, 340.0, 356.0, 311.0, 356.0]
rec: SERVING..................
text_instance: 1
bbox: [241, 333, 63, 27]
bezier_pts: [241.0, 333.0, 261.67, 333.0, 282.33, 333.0, 303.0, 333.0, 303.0, 359.0, 282.33, 359.0, 261.67, 359.0, 241.0, 359.0]
rec: STILL....................
text_instance: 2
bbox: [260, 424, 44, 30]
bezier_pts: [260.0, 424.0, 274.33, 424.0, 288.67, 424.0, 303.0, 424.0, 303.0, 453.0, 288.67, 453.0, 274.33, 453.0, 260.0, 453.0]
rec: ALL......................
text_instance: 3
bbox: [403, 334, 39, 20]
bezier_pts: [403.0, 334.0, 415.67, 334.0, 428.33, 334.0, 441.0, 334.0, 441.0, 351.0, 428.53, 353.1, 415.66, 352.6, 403.0, 351.0]
rec: YOU......................
text_instance: 4
bbox: [202, 367, 285, 71]
bezier_pts: [202.0, 392.0, 293.11, 364.35, 394.89, 361.68, 486.0, 384.0, 467.0, 427.0, 385.67, 396.3, 303.31, 400.53, 229.0, 437.0]
rec: SANDWICHES...............
text_instance: 5
bbox: [316, 422, 42, 31]
bezier_pts: [316.0, 424.0, 329.67, 423.33, 343.33, 422.67, 357.0, 422.0, 357.0, 449.0, 344.67, 450.0, 332.33, 451.0, 320.0, 452.0]
rec: DAY......................
text_instance: 6
bbox: [396, 414, 48, 32]
bezier_pts: [399.0, 421.0, 412.67, 418.67, 426.33, 416.33, 440.0, 414.0, 443.0, 443.0, 427.33, 443.67, 411.67, 444.33, 396.0, 445.0]
rec: OUR......................
text_instance: 7
bbox: [262, 461, 187, 61]
bezier_pts: [262.0, 484.0, 323.04, 449.83, 383.53, 457.13, 448.0, 471.0, 437.0, 507.0, 383.67, 486.42, 322.85, 494.2, 275.0, 521.0]
rec: AMAZING..................
text_instance: 8
bbox: [220, 682, 174, 47]
bezier_pts: [231.0, 682.0, 284.09, 697.82, 338.87, 704.93, 390.0, 682.0, 393.0, 717.0, 335.24, 720.96, 277.69, 722.04, 220.0, 720.0]
rec: BUTCHER..................
text_instance: 9
bbox: [408, 660, 86, 58]
bezier_pts: [408.0, 682.0, 434.33, 674.67, 460.67, 667.33, 487.0, 660.0, 493.0, 689.0, 467.28, 700.62, 439.69, 709.13, 413.0, 717.0]
rec: SHOP.....................
text_instance: 10
bbox: [636, 328, 100, 56]
bezier_pts: [636.0, 348.0, 668.0, 341.33, 700.0, 334.67, 732.0, 328.0, 735.0, 367.0, 710.0, 372.33, 685.0, 377.67, 660.0, 383.0]
rec: HOME.....................
text_instance: 11
bbox: [798, 325, 58, 51]
bezier_pts: [803.0, 325.0, 820.33, 329.67, 837.67, 334.33, 855.0, 339.0, 852.0, 375.0, 833.47, 370.61, 815.41, 367.24, 798.0, 360.0]
rec: THE......................
text_instance: 12
bbox: [651, 516, 91, 38]
bezier_pts: [651.0, 518.0, 680.0, 517.33, 709.0, 516.67, 738.0, 516.0, 741.0, 550.0, 713.0, 551.0, 685.0, 552.0, 657.0, 553.0]
rec: WORLD....................
text_instance: 13
bbox: [751, 506, 100, 39]
bezier_pts: [753.0, 513.0, 784.33, 510.67, 815.67, 508.33, 847.0, 506.0, 850.0, 534.0, 816.89, 539.08, 783.96, 542.36, 751.0, 544.0]
rec: FAMOUS...................
text_instance: 14
bbox: [651, 547, 85, 40]
bezier_pts: [651.0, 557.0, 678.33, 553.67, 705.67, 550.33, 733.0, 547.0, 735.0, 575.0, 710.67, 578.67, 686.33, 582.33, 662.0, 586.0]
rec: TOKEN....................
text_instance: 15
bbox: [742, 536, 108, 38]
bezier_pts: [742.0, 545.0, 777.67, 542.0, 813.33, 539.0, 849.0, 536.0, 847.0, 563.0, 814.1, 567.05, 780.16, 570.04, 747.0, 571.0]
rec: PROGRAM..................
text_instance: 16
bbox: [668, 626, 96, 40]
bezier_pts: [669.0, 638.0, 699.0, 634.0, 729.0, 630.0, 759.0, 626.0, 763.0, 656.0, 731.33, 659.0, 699.67, 662.0, 668.0, 665.0]
rec: REDEEM...................
text_instance: 17
bbox: [770, 616, 58, 39]
bezier_pts: [773.0, 626.0, 791.0, 622.67, 809.0, 619.33, 827.0, 616.0, 827.0, 644.0, 808.0, 647.33, 789.0, 650.67, 770.0, 654.0]
rec: HERE.....................
text_instance: 18
bbox: [970, 322, 59, 60]
bezier_pts: [970.0, 357.0, 986.67, 345.33, 1003.33, 333.67, 1020.0, 322.0, 1028.0, 348.0, 1016.33, 359.0, 1004.67, 370.0, 993.0, 381.0]
rec: THE......................
text_instance: 19
bbox: [1035, 309, 146, 62]
bezier_pts: [1035.0, 313.0, 1089.31, 299.11, 1140.05, 322.89, 1180.0, 352.0, 1157.0, 370.0, 1122.61, 345.8, 1080.16, 327.76, 1038.0, 342.0]
rec: LEGENDARY................
text_instance: 20
bbox: [984, 509, 60, 48]
bezier_pts: [987.0, 516.0, 1005.0, 513.67, 1023.0, 511.33, 1041.0, 509.0, 1043.0, 547.0, 1023.33, 550.0, 1003.67, 553.0, 984.0, 556.0]
rec: SOM......................
text_instance: 21
bbox: [1052, 504, 98, 45]
bezier_pts: [1052.0, 510.0, 1084.33, 508.0, 1116.67, 506.0, 1149.0, 504.0, 1149.0, 536.0, 1118.34, 541.57, 1086.18, 545.51, 1054.0, 548.0]
rec: BURGER...................
text_instance: 22
bbox: [1031, 592, 77, 35]
bezier_pts: [1031.0, 597.0, 1054.33, 595.33, 1077.67, 593.67, 1101.0, 592.0, 1107.0, 616.0, 1082.86, 621.62, 1058.68, 624.43, 1034.0, 624.0]
rec: DINER....................
text_instance: 23
bbox: [743, 328, 44, 35]
bezier_pts: [744.0, 329.0, 758.07, 327.5, 771.65, 326.66, 786.0, 329.0, 785.0, 362.0, 771.0, 362.0, 757.0, 362.0, 743.0, 362.0]
rec: OF.......................
text_instance: 24
bbox: [364, 424, 30, 25]
bezier_pts: [366.0, 426.0, 374.67, 425.33, 383.33, 424.67, 392.0, 424.0, 393.0, 447.0, 383.67, 448.54, 373.85, 448.65, 364.0, 447.0]
rec: IN.......................
