text_instance: 0
bbox: [6, 354, 358, 344]
bezier_pts: [6.0, 583.0, 82.29, 476.24, 216.66, 425.69, 315.0, 354.0, 363.0, 454.0, 239.64, 509.01, 144.73, 603.34, 60.0, 697.0]
rec: MACAU....................
text_instance: 1
bbox: [412, 286, 184, 124]
bezier_pts: [412.0, 327.0, 469.42, 306.76, 528.92, 288.91, 593.0, 286.0, 595.0, 379.0, 551.33, 389.0, 507.67, 399.0, 464.0, 409.0]
rec: YAT......................
text_instance: 2
bbox: [652, 280, 236, 97]
bezier_pts: [652.0, 280.0, 722.8, 285.01, 799.14, 290.87, 872.0, 303.0, 887.0, 376.0, 818.67, 374.67, 750.33, 373.33, 682.0, 372.0]
rec: YUEN.....................
text_instance: 3
bbox: [952, 322, 392, 276]
bezier_pts: [959.0, 322.0, 1106.5, 362.4, 1237.69, 409.87, 1343.0, 525.0, 1322.0, 597.0, 1223.6, 486.85, 1087.26, 432.96, 952.0, 394.0]
rec: CANIDROME................
text_instance: 4
bbox: [1459, 697, 112, 157]
bezier_pts: [1490.0, 697.0, 1521.46, 732.55, 1549.18, 765.37, 1570.0, 810.0, 1546.0, 853.0, 1523.13, 813.95, 1496.38, 772.25, 1459.0, 748.0]
rec: LTD......................
text_instance: 5
bbox: [1360, 564, 97, 123]
bezier_pts: [1379.0, 564.0, 1410.43, 586.06, 1431.89, 618.03, 1456.0, 646.0, 1432.0, 686.0, 1401.08, 672.05, 1376.91, 644.7, 1360.0, 618.0]
rec: CO.......................
text_instance: 6
bbox: [851, 575, 30, 29]
bezier_pts: [853.0, 576.0, 862.0, 573.55, 872.77, 575.6, 880.0, 582.0, 876.0, 603.0, 867.67, 601.0, 859.33, 599.0, 851.0, 597.0]
rec: 4........................
text_instance: 7
bbox: [668, 650, 26, 24]
bezier_pts: [670.0, 651.0, 677.0, 651.0, 684.0, 651.0, 691.0, 651.0, 693.0, 671.0, 684.93, 673.75, 676.45, 672.71, 668.0, 673.0]
rec: 5........................
text_instance: 8
bbox: [532, 520, 24, 22]
bezier_pts: [532.0, 520.0, 539.0, 520.33, 546.0, 520.67, 553.0, 521.0, 555.0, 541.0, 547.09, 540.88, 540.07, 541.51, 532.0, 540.0]
rec: 6........................
text_instance: 9
bbox: [1250, 718, 21, 20]
bezier_pts: [1251.0, 720.0, 1255.95, 715.59, 1263.36, 716.76, 1268.0, 721.0, 1270.0, 736.0, 1262.93, 737.64, 1256.05, 736.36, 1250.0, 732.0]
rec: 2........................
