text_instance: 0
bbox: [632, 339, 53, 26]
bezier_pts: [632.0, 339.0, 649.33, 340.33, 666.67, 341.67, 684.0, 343.0, 684.0, 361.0, 666.68, 363.03, 649.26, 362.63, 632.0, 359.0]
rec: PLAYLAND.................
text_instance: 1
bbox: [784, 134, 61, 49]
bezier_pts: [784.0, 163.0, 803.33, 153.33, 822.67, 143.67, 842.0, 134.0, 844.0, 157.0, 825.0, 165.33, 806.0, 173.67, 787.0, 182.0]
rec: ROASTERS.................
text_instance: 2
bbox: [953, 77, 59, 39]
bezier_pts: [955.0, 93.0, 972.33, 87.67, 989.67, 82.33, 1007.0, 77.0, 1011.0, 100.0, 991.67, 105.0, 972.33, 110.0, 953.0, 115.0]
rec: BAR......................
text_instance: 3
bbox: [1077, 12, 90, 63]
bezier_pts: [1077.0, 43.0, 1103.0, 32.67, 1129.0, 22.33, 1155.0, 12.0, 1166.0, 41.0, 1137.29, 52.23, 1106.7, 64.68, 1077.0, 74.0]
rec: PLAZA....................
text_instance: 4
bbox: [600, 337, 30, 26]
bezier_pts: [600.0, 338.0, 608.67, 337.67, 617.33, 337.33, 626.0, 337.0, 629.0, 358.0, 619.78, 360.86, 609.85, 362.2, 600.0, 362.0]
rec: CP.......................
text_instance: 5
bbox: [1015, 70, 24, 30]
bezier_pts: [1015.0, 71.0, 1021.67, 70.67, 1028.33, 70.33, 1035.0, 70.0, 1038.0, 89.0, 1031.33, 92.33, 1024.67, 95.67, 1018.0, 99.0]
rec: B........................
text_instance: 6
bbox: [1042, 55, 32, 34]
bezier_pts: [1042.0, 65.0, 1050.7, 60.69, 1060.02, 55.31, 1070.0, 55.0, 1073.0, 78.0, 1064.37, 82.82, 1054.96, 86.22, 1045.0, 88.0]
rec: Q........................
