text_instance: 0
bbox: [311, 259, 199, 94]
bezier_pts: [311.0, 326.0, 362.75, 232.53, 447.52, 244.49, 509.0, 321.0, 481.0, 350.0, 442.93, 272.78, 369.3, 271.4, 336.0, 352.0]
rec: STARBUCKS................
text_instance: 1
bbox: [333, 385, 143, 61]
bezier_pts: [346.0, 385.0, 379.26, 415.55, 423.01, 430.18, 457.0, 389.0, 475.0, 409.0, 436.61, 465.85, 378.12, 450.55, 333.0, 419.0]
rec: COFFEE...................
text_instance: 2
bbox: [1019, 32, 21, 29]
bezier_pts: [1021.0, 32.0, 1026.63, 32.6, 1033.06, 30.27, 1038.0, 34.0, 1039.0, 59.0, 1032.39, 60.67, 1025.53, 60.53, 1019.0, 58.0]
rec: 7........................
text_instance: 3
bbox: [1068, 26, 55, 32]
bezier_pts: [1068.0, 29.0, 1085.76, 28.49, 1103.54, 23.88, 1122.0, 29.0, 1121.0, 47.0, 1103.67, 50.33, 1086.33, 53.67, 1069.0, 57.0]
rec: 930AM....................
text_instance: 4
bbox: [1025, 59, 41, 27]
bezier_pts: [1027.0, 63.0, 1039.65, 58.01, 1052.54, 57.47, 1065.0, 62.0, 1065.0, 80.0, 1051.67, 83.92, 1038.33, 85.55, 1025.0, 85.0]
rec: 3PM......................
text_instance: 5
bbox: [1074, 57, 43, 33]
bezier_pts: [1077.0, 57.0, 1090.43, 57.36, 1103.5, 55.82, 1116.0, 58.0, 1116.0, 80.0, 1102.0, 82.67, 1088.0, 85.33, 1074.0, 88.0]
rec: 6PM......................
