text_instance: 0
bbox: [626, 76, 165, 41]
bezier_pts: [630.0, 82.0, 683.0, 80.0, 736.0, 78.0, 789.0, 76.0, 790.0, 103.0, 737.12, 108.89, 681.53, 114.06, 626.0, 116.0]
rec: CAPILANO.................
text_instance: 1
bbox: [505, 111, 242, 86]
bezier_pts: [505.0, 139.0, 583.05, 108.41, 663.71, 120.06, 742.0, 111.0, 746.0, 160.0, 672.67, 172.0, 599.33, 184.0, 526.0, 196.0]
rec: TRADING..................
text_instance: 2
bbox: [758, 106, 171, 67]
bezier_pts: [765.0, 108.0, 820.22, 103.88, 872.2, 104.91, 928.0, 119.0, 899.0, 172.0, 852.0, 166.67, 805.0, 161.33, 758.0, 156.0]
rec: POST.....................
text_instance: 3
bbox: [539, 549, 18, 28]
bezier_pts: [540.0, 549.0, 545.33, 549.33, 550.67, 549.67, 556.0, 550.0, 554.0, 575.0, 548.89, 576.61, 544.03, 576.69, 539.0, 575.0]
rec: F........................
