text_instance: 0
bbox: [154, 136, 164, 160]
bezier_pts: [154.0, 244.0, 193.5, 195.77, 251.62, 160.16, 308.0, 136.0, 317.0, 192.0, 268.34, 211.47, 225.01, 250.93, 194.0, 295.0]
rec: BEST.....................
text_instance: 1
bbox: [350, 93, 545, 172]
bezier_pts: [350.0, 119.0, 542.37, 63.33, 737.46, 85.01, 894.0, 229.0, 821.0, 264.0, 698.12, 140.18, 510.58, 115.43, 355.0, 175.0]
rec: INFORMATION..............
text_instance: 2
bbox: [324, 606, 207, 91]
bezier_pts: [356.0, 606.0, 410.25, 634.22, 471.55, 634.36, 530.0, 639.0, 529.0, 696.0, 457.51, 689.4, 384.57, 683.48, 324.0, 647.0]
rec: REAL.....................
text_instance: 3
bbox: [555, 558, 280, 137]
bezier_pts: [556.0, 641.0, 641.2, 632.01, 729.5, 617.0, 802.0, 558.0, 834.0, 612.0, 753.09, 662.64, 650.81, 699.18, 555.0, 694.0]
rec: ESTATE...................
text_instance: 4
bbox: [982, 184, 42, 151]
bezier_pts: [985.0, 184.0, 997.67, 184.67, 1010.33, 185.33, 1023.0, 186.0, 1020.0, 334.0, 1007.33, 334.0, 994.67, 334.0, 982.0, 334.0]
rec: r........................
text_instance: 5
bbox: [216, 545, 120, 92]
bezier_pts: [256.0, 545.0, 282.33, 564.0, 308.67, 583.0, 335.0, 602.0, 292.0, 636.0, 258.13, 625.71, 234.44, 603.42, 216.0, 576.0]
rec: ON.......................
