text_instance: 0
bbox: [3, 180, 65, 28]
bezier_pts: [5.0, 180.0, 24.67, 181.0, 44.33, 182.0, 64.0, 183.0, 67.0, 207.0, 45.67, 206.0, 24.33, 205.0, 3.0, 204.0]
rec: CONO.....................
text_instance: 1
bbox: [5, 207, 51, 27]
bezier_pts: [8.0, 207.0, 23.67, 208.0, 39.33, 209.0, 55.0, 210.0, 55.0, 233.0, 38.33, 232.67, 21.67, 232.33, 5.0, 232.0]
rec: ACk......................
text_instance: 2
bbox: [86, 268, 85, 94]
bezier_pts: [86.0, 347.0, 98.92, 312.28, 128.22, 283.18, 161.0, 268.0, 170.0, 300.0, 140.01, 305.91, 122.78, 330.21, 126.0, 361.0]
rec: HONEY....................
text_instance: 3
bbox: [176, 263, 107, 102]
bezier_pts: [182.0, 263.0, 247.4, 267.41, 284.26, 296.01, 282.0, 364.0, 251.0, 359.0, 244.46, 320.51, 224.24, 293.18, 176.0, 297.0]
rec: BUNCHES..................
text_instance: 4
bbox: [129, 383, 107, 42]
bezier_pts: [147.0, 383.0, 168.49, 398.65, 195.8, 399.75, 217.0, 383.0, 235.0, 411.0, 202.16, 430.46, 165.64, 425.92, 129.0, 414.0]
rec: OATS.....................
text_instance: 5
bbox: [84, 419, 132, 44]
bezier_pts: [92.0, 419.0, 129.33, 425.0, 166.67, 431.0, 204.0, 437.0, 215.0, 461.0, 170.78, 457.67, 127.17, 451.27, 84.0, 442.0]
rec: STRAWBERRIES.............
text_instance: 6
bbox: [347, 260, 79, 96]
bezier_pts: [347.0, 347.0, 351.76, 305.08, 382.85, 282.69, 413.0, 260.0, 425.0, 294.0, 394.4, 300.76, 388.11, 331.41, 383.0, 355.0]
rec: HONEY....................
text_instance: 7
bbox: [432, 254, 110, 111]
bezier_pts: [432.0, 254.0, 495.26, 255.48, 541.78, 298.64, 541.0, 363.0, 514.0, 364.0, 501.87, 322.47, 486.48, 286.1, 433.0, 292.0]
rec: BUNCHES..................
text_instance: 8
bbox: [653, 191, 58, 24]
bezier_pts: [653.0, 191.0, 670.67, 192.0, 688.33, 193.0, 706.0, 194.0, 710.0, 213.0, 692.75, 215.03, 675.85, 214.33, 659.0, 211.0]
rec: ECON.....................
text_instance: 9
bbox: [667, 211, 43, 29]
bezier_pts: [667.0, 211.0, 681.0, 211.67, 695.0, 212.33, 709.0, 213.0, 707.0, 238.0, 694.0, 238.0, 681.0, 238.0, 668.0, 238.0]
rec: PAC......................
text_instance: 10
bbox: [397, 386, 101, 42]
bezier_pts: [405.0, 386.0, 431.33, 386.0, 457.67, 386.0, 484.0, 386.0, 497.0, 415.0, 466.04, 432.67, 428.36, 428.36, 397.0, 414.0]
rec: OATS.....................
text_instance: 11
bbox: [352, 425, 130, 42]
bezier_pts: [360.0, 425.0, 400.33, 430.67, 440.67, 436.33, 481.0, 442.0, 481.0, 465.0, 437.55, 462.3, 394.34, 456.65, 352.0, 448.0]
rec: STRAWBERRIES.............
text_instance: 12
bbox: [39, 702, 84, 49]
bezier_pts: [55.0, 702.0, 77.33, 704.0, 99.67, 706.0, 122.0, 708.0, 120.0, 750.0, 93.61, 748.95, 65.23, 747.34, 39.0, 746.0]
rec: Bix......................
text_instance: 13
bbox: [6, 800, 81, 52]
bezier_pts: [6.0, 800.0, 31.0, 800.0, 56.0, 800.0, 81.0, 800.0, 86.0, 851.0, 59.33, 851.0, 32.67, 851.0, 6.0, 851.0]
rec: Bix......................
text_instance: 14
bbox: [192, 781, 111, 50]
bezier_pts: [196.0, 781.0, 231.33, 781.0, 266.67, 781.0, 302.0, 781.0, 291.0, 819.0, 258.45, 825.65, 225.45, 829.38, 192.0, 830.0]
rec: Wee......................
text_instance: 15
bbox: [252, 708, 93, 42]
bezier_pts: [254.0, 708.0, 283.67, 708.0, 313.33, 708.0, 343.0, 708.0, 344.0, 742.0, 313.38, 746.85, 282.98, 748.1, 252.0, 749.0]
rec: Weet.....................
text_instance: 16
bbox: [349, 708, 63, 42]
bezier_pts: [351.0, 708.0, 370.67, 708.0, 390.33, 708.0, 410.0, 708.0, 411.0, 749.0, 390.33, 748.0, 369.67, 747.0, 349.0, 746.0]
rec: Bix......................
text_instance: 17
bbox: [617, 682, 94, 45]
bezier_pts: [620.0, 683.0, 649.0, 682.67, 678.0, 682.33, 707.0, 682.0, 710.0, 724.0, 679.29, 723.74, 647.56, 724.76, 617.0, 722.0]
rec: Weet.....................
text_instance: 18
bbox: [637, 811, 74, 43]
bezier_pts: [637.0, 811.0, 661.33, 812.0, 685.67, 813.0, 710.0, 814.0, 710.0, 853.0, 688.64, 853.2, 666.22, 852.69, 645.0, 851.0]
rec: Wee......................
text_instance: 19
bbox: [2, 1103, 166, 69]
bezier_pts: [2.0, 1121.0, 51.58, 1086.84, 112.14, 1103.14, 167.0, 1110.0, 151.0, 1158.0, 101.71, 1143.64, 51.6, 1149.74, 6.0, 1171.0]
rec: KOKRUNCH.................
text_instance: 20
bbox: [5, 1160, 90, 44]
bezier_pts: [5.0, 1182.0, 33.47, 1168.05, 63.27, 1165.54, 94.0, 1160.0, 89.0, 1196.0, 63.0, 1198.33, 37.0, 1200.67, 11.0, 1203.0]
rec: DUO......................
text_instance: 21
bbox: [235, 1102, 213, 85]
bezier_pts: [235.0, 1140.0, 298.64, 1096.67, 378.67, 1094.09, 447.0, 1115.0, 432.0, 1158.0, 365.01, 1139.62, 309.28, 1167.54, 248.0, 1186.0]
rec: KOKOKRUNCH...............
text_instance: 22
bbox: [285, 1163, 95, 38]
bezier_pts: [285.0, 1180.0, 313.96, 1169.63, 343.81, 1165.2, 375.0, 1163.0, 379.0, 1197.0, 350.67, 1198.0, 322.33, 1199.0, 294.0, 1200.0]
rec: DUO......................
text_instance: 23
bbox: [528, 1012, 146, 40]
bezier_pts: [530.0, 1012.0, 577.67, 1012.0, 625.33, 1012.0, 673.0, 1012.0, 671.0, 1048.0, 622.91, 1049.56, 574.65, 1050.39, 528.0, 1051.0]
rec: NEW......................
text_instance: 24
bbox: [486, 1052, 80, 34]
bezier_pts: [486.0, 1054.0, 512.33, 1053.33, 538.67, 1052.67, 565.0, 1052.0, 564.0, 1080.0, 538.76, 1083.02, 513.18, 1083.36, 488.0, 1085.0]
rec: Nestle...................
text_instance: 25
bbox: [495, 1171, 213, 89]
bezier_pts: [495.0, 1183.0, 563.67, 1179.0, 632.33, 1175.0, 701.0, 1171.0, 707.0, 1244.0, 636.87, 1251.18, 566.4, 1254.51, 497.0, 1259.0]
rec: Cheerio..................
text_instance: 26
bbox: [502, 1102, 46, 28]
bezier_pts: [502.0, 1107.0, 517.0, 1105.33, 532.0, 1103.67, 547.0, 1102.0, 547.0, 1122.0, 532.86, 1124.76, 519.02, 1127.2, 505.0, 1129.0]
rec: HELPS....................
text_instance: 27
bbox: [519, 1115, 71, 30]
bezier_pts: [520.0, 1124.0, 542.0, 1121.0, 564.0, 1118.0, 586.0, 1115.0, 589.0, 1135.0, 565.67, 1138.0, 542.33, 1141.0, 519.0, 1144.0]
rec: REDUCE...................
text_instance: 28
bbox: [90, 230, 44, 28]
bezier_pts: [90.0, 232.0, 103.59, 229.82, 119.41, 231.33, 133.0, 231.0, 133.0, 251.0, 119.13, 253.68, 104.89, 255.78, 91.0, 257.0]
rec: Post.....................
text_instance: 29
bbox: [338, 223, 46, 28]
bezier_pts: [339.0, 225.0, 353.67, 223.78, 368.33, 221.67, 383.0, 224.0, 382.0, 246.0, 367.33, 247.33, 352.67, 248.67, 338.0, 250.0]
rec: Post.....................
text_instance: 30
bbox: [2, 708, 42, 40]
bezier_pts: [3.0, 709.0, 16.33, 708.67, 29.67, 708.33, 43.0, 708.0, 40.0, 745.0, 27.36, 747.5, 14.7, 747.79, 2.0, 746.0]
rec: et.......................
text_instance: 31
bbox: [671, 721, 34, 39]
bezier_pts: [671.0, 721.0, 681.49, 720.67, 692.86, 721.77, 703.0, 723.0, 704.0, 748.0, 696.0, 751.67, 688.0, 755.33, 680.0, 759.0]
rec: Ki.......................
text_instance: 32
bbox: [690, 852, 23, 42]
bezier_pts: [690.0, 853.0, 697.01, 850.8, 704.09, 852.43, 711.0, 852.0, 712.0, 881.0, 710.43, 886.81, 707.27, 891.52, 701.0, 893.0]
rec: K........................
text_instance: 33
bbox: [268, 827, 85, 22]
bezier_pts: [268.0, 829.0, 296.14, 827.33, 323.96, 826.81, 352.0, 827.0, 352.0, 842.0, 324.0, 844.0, 296.0, 846.0, 268.0, 848.0]
rec: BLENDS...................
text_instance: 34
bbox: [257, 846, 48, 18]
bezier_pts: [259.0, 848.0, 273.8, 846.22, 288.63, 845.84, 304.0, 846.0, 302.0, 859.0, 287.0, 860.33, 272.0, 861.67, 257.0, 863.0]
rec: MULTI....................
text_instance: 35
bbox: [310, 845, 42, 16]
bezier_pts: [311.0, 845.0, 324.33, 845.0, 337.67, 845.0, 351.0, 845.0, 351.0, 857.0, 337.33, 858.0, 323.67, 859.0, 310.0, 860.0]
rec: GRAIN....................
text_instance: 36
bbox: [216, 1009, 80, 27]
bezier_pts: [216.0, 1009.0, 242.33, 1009.0, 268.67, 1009.0, 295.0, 1009.0, 295.0, 1033.0, 268.01, 1034.47, 242.5, 1034.84, 216.0, 1035.0]
rec: Nestle...................
text_instance: 37
bbox: [52, 1015, 47, 16]
bezier_pts: [52.0, 1015.0, 67.33, 1015.0, 82.67, 1015.0, 98.0, 1015.0, 96.0, 1030.0, 81.33, 1030.0, 66.67, 1030.0, 52.0, 1030.0]
rec: WHOLE....................
text_instance: 38
bbox: [99, 1015, 42, 16]
bezier_pts: [101.0, 1015.0, 114.0, 1015.0, 127.0, 1015.0, 140.0, 1015.0, 139.0, 1028.0, 125.67, 1029.74, 112.33, 1029.7, 99.0, 1028.0]
rec: GRAIN....................
text_instance: 39
bbox: [321, 1018, 45, 16]
bezier_pts: [321.0, 1018.0, 335.67, 1018.0, 350.33, 1018.0, 365.0, 1018.0, 365.0, 1033.0, 350.33, 1033.0, 335.67, 1033.0, 321.0, 1033.0]
rec: WHOLE....................
text_instance: 40
bbox: [367, 1018, 41, 16]
bezier_pts: [367.0, 1019.0, 380.33, 1018.67, 393.67, 1018.33, 407.0, 1018.0, 406.0, 1032.0, 393.33, 1032.0, 380.67, 1032.0, 368.0, 1032.0]
rec: GRAIN....................
