text_instance: 0
bbox: [133, 268, 93, 27]
bezier_pts: [133.0, 268.0, 163.67, 268.0, 194.33, 268.0, 225.0, 268.0, 225.0, 292.0, 194.03, 294.13, 163.75, 292.36, 133.0, 292.0]
rec: families.................
text_instance: 1
bbox: [503, 281, 43, 24]
bezier_pts: [503.0, 281.0, 517.0, 281.0, 531.0, 281.0, 545.0, 281.0, 545.0, 301.0, 530.87, 303.82, 516.88, 303.61, 503.0, 301.0]
rec: 1996.....................
text_instance: 2
bbox: [167, 190, 140, 64]
bezier_pts: [167.0, 225.0, 212.5, 205.6, 254.69, 197.9, 304.0, 190.0, 306.0, 219.0, 262.67, 230.33, 219.33, 241.67, 176.0, 253.0]
rec: Breakfast................
text_instance: 3
bbox: [321, 188, 87, 35]
bezier_pts: [324.0, 188.0, 351.33, 190.0, 378.67, 192.0, 406.0, 194.0, 407.0, 221.0, 378.99, 222.93, 349.02, 222.05, 321.0, 220.0]
rec: Lunch....................
text_instance: 4
bbox: [418, 196, 96, 57]
bezier_pts: [428.0, 196.0, 454.81, 207.39, 488.22, 213.89, 513.0, 231.0, 506.0, 252.0, 476.62, 243.95, 447.01, 234.92, 418.0, 223.0]
rec: Dinner...................
text_instance: 5
bbox: [457, 285, 34, 21]
bezier_pts: [457.0, 285.0, 467.67, 285.33, 478.33, 285.67, 489.0, 286.0, 490.0, 304.0, 479.47, 305.56, 468.62, 304.85, 458.0, 305.0]
rec: est......................
text_instance: 6
bbox: [256, 308, 191, 56]
bezier_pts: [264.0, 308.0, 319.49, 341.7, 382.39, 330.58, 440.0, 312.0, 446.0, 339.0, 383.42, 369.5, 317.9, 372.16, 256.0, 343.0]
rec: UNCLEULIS................
text_instance: 7
bbox: [181, 329, 78, 60]
bezier_pts: [197.0, 329.0, 217.33, 336.33, 237.67, 343.67, 258.0, 351.0, 254.0, 388.0, 228.87, 383.64, 204.46, 376.23, 181.0, 366.0]
rec: Pub......................
text_instance: 8
bbox: [293, 333, 211, 67]
bezier_pts: [306.0, 357.0, 368.9, 368.28, 431.18, 354.55, 490.0, 333.0, 503.0, 363.0, 437.81, 394.97, 366.77, 405.68, 293.0, 395.0]
rec: Restaurant...............
text_instance: 9
bbox: [132, 293, 96, 21]
bezier_pts: [135.0, 293.0, 164.67, 293.0, 194.33, 293.0, 224.0, 293.0, 227.0, 308.0, 195.75, 311.58, 164.4, 311.21, 132.0, 312.0]
rec: welcome..................
text_instance: 10
bbox: [709, 471, 15, 10]
bezier_pts: [710.0, 472.0, 713.7, 469.53, 718.1, 470.46, 722.0, 472.0, 723.0, 479.0, 718.33, 480.6, 713.44, 480.57, 709.0, 479.0]
rec: m........................
