text_instance: 0
bbox: [102, 59, 152, 54]
bezier_pts: [102.0, 59.0, 152.0, 65.67, 202.0, 72.33, 252.0, 79.0, 253.0, 112.0, 202.67, 104.33, 152.33, 96.67, 102.0, 89.0]
rec: EVIGE....................
text_instance: 1
bbox: [290, 77, 88, 36]
bezier_pts: [295.0, 82.0, 322.33, 80.33, 349.67, 78.67, 377.0, 77.0, 371.0, 106.0, 344.0, 108.0, 317.0, 110.0, 290.0, 112.0]
rec: LIV......................
text_instance: 2
bbox: [408, 62, 74, 40]
bezier_pts: [408.0, 76.0, 431.0, 71.33, 454.0, 66.67, 477.0, 62.0, 481.0, 88.0, 457.08, 93.71, 432.73, 98.86, 409.0, 101.0]
rec: AT.......................
text_instance: 3
bbox: [18, 41, 39, 32]
bezier_pts: [18.0, 41.0, 30.37, 43.43, 44.34, 46.0, 56.0, 52.0, 50.0, 72.0, 39.2, 72.59, 28.61, 69.8, 19.0, 65.0]
rec: T........................
