text_instance: 0
bbox: [227, 116, 252, 62]
bezier_pts: [227.0, 137.0, 307.21, 111.47, 392.65, 115.47, 478.0, 117.0, 465.0, 156.0, 391.03, 142.38, 313.58, 158.27, 238.0, 177.0]
rec: cannery..................
text_instance: 1
bbox: [476, 122, 136, 76]
bezier_pts: [487.0, 122.0, 530.11, 131.0, 571.45, 140.89, 611.0, 157.0, 595.0, 197.0, 557.86, 181.86, 516.65, 165.02, 476.0, 159.0]
rec: ROW......................
text_instance: 2
bbox: [147, 443, 47, 24]
bezier_pts: [150.0, 444.0, 164.33, 443.67, 178.67, 443.33, 193.0, 443.0, 192.0, 466.0, 177.0, 465.0, 162.0, 464.0, 147.0, 463.0]
rec: AQU......................
text_instance: 3
bbox: [104, 438, 44, 25]
bezier_pts: [108.0, 438.0, 121.0, 439.0, 134.0, 440.0, 147.0, 441.0, 141.0, 461.0, 128.37, 462.69, 116.07, 462.63, 104.0, 461.0]
rec: BAY......................
text_instance: 4
bbox: [50, 113, 87, 195]
bezier_pts: [110.0, 113.0, 122.48, 146.49, 133.84, 178.94, 136.0, 213.0, 89.0, 307.0, 72.84, 277.95, 71.65, 245.38, 50.0, 219.0]
rec: iViva....................
text_instance: 5
bbox: [80, 442, 26, 18]
bezier_pts: [84.0, 442.0, 91.0, 442.0, 98.0, 442.0, 105.0, 442.0, 105.0, 459.0, 96.67, 459.0, 88.33, 459.0, 80.0, 459.0]
rec: EY.......................
text_instance: 6
bbox: [3, 443, 20, 14]
bezier_pts: [7.0, 443.0, 12.0, 443.0, 17.0, 443.0, 22.0, 443.0, 18.0, 456.0, 13.0, 455.33, 8.0, 454.67, 3.0, 454.0]
rec: M........................
text_instance: 7
bbox: [105, 292, 46, 104]
bezier_pts: [130.0, 292.0, 136.67, 299.0, 143.33, 306.0, 150.0, 313.0, 122.0, 395.0, 117.63, 380.7, 108.85, 371.18, 105.0, 356.0]
rec: aia......................
