text_instance: 0
bbox: [264, 311, 76, 92]
bezier_pts: [290.0, 311.0, 308.27, 333.15, 324.26, 355.35, 339.0, 381.0, 315.0, 402.0, 296.48, 378.31, 280.02, 354.84, 264.0, 330.0]
rec: Tennis...................
text_instance: 1
bbox: [328, 416, 70, 59]
bezier_pts: [328.0, 419.0, 372.71, 404.85, 398.97, 428.3, 397.0, 474.0, 379.0, 471.0, 383.75, 444.4, 364.99, 413.43, 335.0, 436.0]
rec: BAKERS...................
text_instance: 2
bbox: [451, 347, 64, 59]
bezier_pts: [514.0, 397.0, 472.65, 418.55, 437.96, 395.94, 451.0, 347.0, 466.0, 348.0, 464.06, 376.29, 478.44, 402.65, 510.0, 382.0]
rec: BAKERS...................
text_instance: 3
bbox: [509, 421, 64, 80]
bezier_pts: [553.0, 500.0, 538.33, 477.33, 523.67, 454.67, 509.0, 432.0, 529.0, 421.0, 545.21, 439.11, 559.18, 459.66, 572.0, 480.0]
rec: Tennis...................
text_instance: 4
bbox: [570, 419, 34, 32]
bezier_pts: [587.0, 419.0, 592.33, 426.67, 597.67, 434.33, 603.0, 442.0, 592.0, 450.0, 582.53, 445.23, 575.06, 437.84, 570.0, 429.0]
rec: 799......................
text_instance: 5
bbox: [713, 26, 84, 118]
bezier_pts: [746.0, 26.0, 763.26, 57.92, 783.19, 88.53, 796.0, 124.0, 768.0, 143.0, 744.97, 108.49, 727.9, 75.44, 713.0, 38.0]
rec: Tennis...................
text_instance: 6
bbox: [509, 421, 64, 80]
bezier_pts: [553.0, 500.0, 538.33, 477.33, 523.67, 454.67, 509.0, 432.0, 529.0, 421.0, 545.21, 439.11, 559.18, 459.66, 572.0, 480.0]
rec: BISCUITS.................
text_instance: 7
bbox: [786, 176, 71, 74]
bezier_pts: [786.0, 176.0, 853.41, 151.93, 860.74, 205.47, 856.0, 249.0, 835.0, 246.0, 843.49, 209.59, 832.02, 184.55, 788.0, 195.0]
rec: BAKERS...................
text_instance: 8
bbox: [938, 50, 69, 73]
bezier_pts: [938.0, 50.0, 996.25, 33.08, 1010.67, 72.5, 1003.0, 122.0, 984.0, 117.0, 996.72, 84.7, 978.12, 62.2, 943.0, 68.0]
rec: BAKERS...................
text_instance: 9
bbox: [1214, 381, 44, 60]
bezier_pts: [1227.0, 381.0, 1239.63, 394.61, 1249.65, 412.69, 1257.0, 430.0, 1242.0, 440.0, 1232.67, 425.33, 1223.33, 410.67, 1214.0, 396.0]
rec: Good.....................
text_instance: 10
bbox: [1187, 383, 68, 106]
bezier_pts: [1208.0, 383.0, 1225.29, 410.58, 1240.1, 440.72, 1254.0, 470.0, 1237.0, 488.0, 1220.9, 457.97, 1208.72, 423.37, 1187.0, 396.0]
rec: Morning..................
text_instance: 11
bbox: [991, 381, 76, 100]
bezier_pts: [1018.0, 381.0, 1027.77, 416.95, 1051.26, 441.47, 1066.0, 476.0, 1041.0, 480.0, 1022.0, 450.04, 999.2, 422.43, 991.0, 389.0]
rec: Good.....................
text_instance: 12
bbox: [971, 404, 86, 120]
bezier_pts: [990.0, 404.0, 1012.0, 441.33, 1034.0, 478.67, 1056.0, 516.0, 1028.0, 523.0, 1017.73, 483.07, 989.27, 446.07, 971.0, 411.0]
rec: orning...................
text_instance: 13
bbox: [1100, 443, 73, 76]
bezier_pts: [1100.0, 443.0, 1145.58, 447.72, 1174.78, 472.68, 1172.0, 518.0, 1150.0, 513.0, 1158.62, 482.72, 1138.43, 461.82, 1105.0, 464.0]
rec: BAKERS...................
text_instance: 14
bbox: [794, 465, 66, 83]
bezier_pts: [814.0, 465.0, 833.61, 485.46, 851.66, 504.51, 859.0, 533.0, 839.0, 547.0, 824.0, 527.0, 809.0, 507.0, 794.0, 487.0]
rec: Good.....................
text_instance: 15
bbox: [753, 469, 100, 136]
bezier_pts: [782.0, 469.0, 810.21, 502.16, 825.4, 546.02, 852.0, 581.0, 829.0, 604.0, 803.67, 565.0, 778.33, 526.0, 753.0, 487.0]
rec: Morning..................
text_instance: 16
bbox: [750, 493, 43, 61]
bezier_pts: [761.0, 493.0, 772.44, 509.9, 783.08, 526.44, 792.0, 544.0, 782.0, 553.0, 770.73, 536.28, 759.72, 518.63, 750.0, 502.0]
rec: Breakfast................
text_instance: 17
bbox: [783, 547, 38, 49]
bezier_pts: [794.0, 547.0, 802.67, 559.0, 811.33, 571.0, 820.0, 583.0, 809.0, 595.0, 797.8, 581.31, 785.97, 569.48, 783.0, 551.0]
rec: Biscuits.................
text_instance: 18
bbox: [979, 682, 55, 40]
bezier_pts: [979.0, 682.0, 1009.08, 680.36, 1033.58, 685.83, 1033.0, 719.0, 1020.0, 721.0, 1020.29, 696.24, 1003.74, 687.98, 984.0, 699.0]
rec: BAKER....................
text_instance: 19
bbox: [1114, 620, 74, 91]
bezier_pts: [1146.0, 620.0, 1152.93, 651.51, 1183.22, 677.8, 1187.0, 710.0, 1162.0, 703.0, 1145.24, 678.09, 1128.14, 652.08, 1114.0, 624.0]
rec: Good.....................
text_instance: 20
bbox: [1067, 593, 98, 131]
bezier_pts: [1098.0, 598.0, 1131.36, 635.52, 1139.14, 678.3, 1164.0, 721.0, 1137.0, 723.0, 1120.41, 676.97, 1088.98, 636.59, 1067.0, 593.0]
rec: Mornin...................
text_instance: 21
bbox: [1055, 596, 48, 64]
bezier_pts: [1069.0, 596.0, 1077.18, 619.27, 1097.46, 633.02, 1102.0, 658.0, 1090.0, 659.0, 1078.67, 639.63, 1060.44, 621.9, 1055.0, 599.0]
rec: Breakfast................
text_instance: 22
bbox: [1092, 658, 43, 50]
bezier_pts: [1110.0, 660.0, 1118.0, 675.33, 1126.0, 690.67, 1134.0, 706.0, 1121.0, 707.0, 1111.33, 690.67, 1101.67, 674.33, 1092.0, 658.0]
rec: Biscuits.................
text_instance: 23
bbox: [272, 528, 42, 49]
bezier_pts: [289.0, 528.0, 298.17, 538.67, 306.33, 552.67, 313.0, 565.0, 297.0, 576.0, 287.48, 564.56, 278.91, 553.53, 272.0, 540.0]
rec: 799......................
text_instance: 24
bbox: [447, 519, 32, 34]
bezier_pts: [457.0, 519.0, 464.0, 526.33, 471.0, 533.67, 478.0, 541.0, 465.0, 552.0, 457.97, 545.77, 451.97, 538.72, 447.0, 531.0]
rec: 799......................
text_instance: 25
bbox: [1056, 153, 37, 37]
bezier_pts: [1073.0, 153.0, 1079.79, 161.96, 1087.58, 172.05, 1092.0, 183.0, 1072.0, 189.0, 1065.45, 181.32, 1059.37, 172.52, 1056.0, 163.0]
rec: 799......................
text_instance: 26
bbox: [882, 678, 43, 44]
bezier_pts: [907.0, 678.0, 912.67, 686.0, 918.33, 694.0, 924.0, 702.0, 897.0, 721.0, 892.22, 720.56, 877.84, 700.24, 882.0, 696.0]
rec: G........................
text_instance: 27
bbox: [839, 687, 46, 37]
bezier_pts: [869.0, 687.0, 875.42, 696.87, 881.69, 704.21, 884.0, 716.0, 853.0, 723.0, 850.32, 730.58, 836.09, 705.03, 839.0, 705.0]
rec: M........................
