text_instance: 0
bbox: [126, 125, 80, 52]
bezier_pts: [126.0, 155.0, 143.09, 130.98, 170.75, 138.44, 194.0, 125.0, 205.0, 146.0, 184.39, 158.51, 162.36, 168.81, 139.0, 176.0]
rec: PARC.....................
text_instance: 1
bbox: [145, 142, 88, 58]
bezier_pts: [145.0, 171.0, 163.02, 149.48, 190.27, 146.44, 215.0, 142.0, 232.0, 167.0, 210.14, 183.21, 184.86, 200.09, 156.0, 199.0]
rec: SIR......................
text_instance: 2
bbox: [234, 115, 191, 48]
bezier_pts: [234.0, 137.0, 293.21, 111.24, 359.83, 113.32, 424.0, 117.0, 424.0, 144.0, 362.67, 139.29, 301.33, 148.8, 240.0, 162.0]
rec: DOUGLAS..................
text_instance: 3
bbox: [438, 121, 133, 66]
bezier_pts: [439.0, 121.0, 486.35, 128.17, 529.31, 140.04, 570.0, 166.0, 561.0, 186.0, 520.0, 173.33, 479.0, 160.67, 438.0, 148.0]
rec: HAZEN....................
text_instance: 4
bbox: [497, 160, 67, 45]
bezier_pts: [497.0, 160.0, 518.93, 169.98, 548.85, 161.57, 563.0, 187.0, 555.0, 203.0, 535.12, 206.41, 513.0, 195.33, 497.0, 181.0]
rec: PARK.....................
