text_instance: 0
bbox: [19, 262, 463, 159]
bezier_pts: [19.0, 262.0, 173.0, 262.0, 327.0, 262.0, 481.0, 262.0, 481.0, 419.0, 328.83, 419.84, 173.84, 420.83, 19.0, 419.0]
rec: Freshly..................
text_instance: 1
bbox: [206, 381, 493, 164]
bezier_pts: [206.0, 381.0, 370.0, 381.0, 534.0, 381.0, 698.0, 381.0, 698.0, 542.0, 534.54, 543.83, 369.71, 542.78, 206.0, 542.0]
rec: ground...................
text_instance: 2
bbox: [220, 168, 80, 54]
bezier_pts: [220.0, 193.0, 242.67, 184.67, 265.33, 176.33, 288.0, 168.0, 299.0, 201.0, 275.67, 207.67, 252.33, 214.33, 229.0, 221.0]
rec: ALL......................
text_instance: 3
bbox: [307, 149, 94, 51]
bezier_pts: [307.0, 165.0, 335.33, 153.19, 369.83, 155.8, 400.0, 149.0, 392.0, 185.0, 364.67, 189.67, 337.33, 194.33, 310.0, 199.0]
rec: DAY......................
text_instance: 4
bbox: [433, 171, 118, 99]
bezier_pts: [445.0, 171.0, 486.65, 190.72, 525.18, 212.38, 550.0, 250.0, 522.0, 269.0, 492.33, 248.67, 462.67, 228.33, 433.0, 208.0]
rec: EVERY....................
text_instance: 5
bbox: [531, 266, 79, 88]
bezier_pts: [559.0, 266.0, 578.71, 287.71, 593.88, 313.64, 609.0, 339.0, 575.0, 353.0, 557.7, 334.01, 556.66, 302.44, 531.0, 288.0]
rec: DAY......................
text_instance: 6
bbox: [95, 496, 65, 78]
bezier_pts: [126.0, 496.0, 143.03, 509.78, 143.45, 537.51, 159.0, 553.0, 135.0, 573.0, 121.67, 551.67, 108.33, 530.33, 95.0, 509.0]
rec: ALL......................
text_instance: 7
bbox: [146, 562, 81, 80]
bezier_pts: [165.0, 562.0, 183.37, 576.64, 196.37, 610.32, 226.0, 607.0, 206.0, 641.0, 183.72, 623.82, 163.92, 603.94, 146.0, 584.0]
rec: DAY......................
text_instance: 8
bbox: [257, 637, 135, 48]
bezier_pts: [266.0, 637.0, 308.24, 649.71, 349.64, 657.6, 391.0, 643.0, 385.0, 680.0, 341.88, 678.91, 299.33, 674.97, 257.0, 668.0]
rec: EVERY....................
text_instance: 9
bbox: [405, 610, 77, 63]
bezier_pts: [405.0, 638.0, 427.33, 628.67, 449.67, 619.33, 472.0, 610.0, 481.0, 648.0, 459.34, 658.71, 436.89, 666.65, 413.0, 672.0]
rec: DAY......................
