text_instance: 0
bbox: [317, 55, 99, 65]
bezier_pts: [317.0, 98.0, 343.63, 73.07, 374.88, 65.78, 408.0, 55.0, 415.0, 74.0, 388.0, 89.0, 361.0, 104.0, 334.0, 119.0]
rec: Where....................
text_instance: 1
bbox: [458, 26, 44, 41]
bezier_pts: [461.0, 38.0, 474.0, 34.0, 487.0, 30.0, 500.0, 26.0, 501.0, 57.0, 486.76, 62.15, 472.5, 65.12, 458.0, 66.0]
rec: All......................
text_instance: 2
bbox: [511, 23, 132, 46]
bezier_pts: [517.0, 23.0, 558.95, 24.93, 603.07, 26.75, 642.0, 42.0, 632.0, 68.0, 590.94, 66.47, 550.51, 62.23, 511.0, 55.0]
rec: Begins...................
text_instance: 3
bbox: [420, 45, 33, 34]
bezier_pts: [421.0, 47.0, 430.0, 46.67, 439.0, 46.33, 448.0, 46.0, 452.0, 72.0, 441.33, 74.0, 430.67, 76.0, 420.0, 78.0]
rec: It.......................
text_instance: 4
bbox: [408, 82, 79, 30]
bezier_pts: [409.0, 94.0, 434.33, 90.0, 459.67, 86.0, 485.0, 82.0, 486.0, 99.0, 460.0, 103.0, 434.0, 107.0, 408.0, 111.0]
rec: AIRFORCE.................
