text_instance: 0
bbox: [165, 57, 47, 57]
bezier_pts: [165.0, 97.0, 177.58, 83.64, 181.91, 64.62, 202.0, 57.0, 211.0, 66.0, 197.98, 79.37, 186.44, 95.76, 179.0, 113.0]
rec: ALLIANCE.................
text_instance: 1
bbox: [208, 39, 53, 33]
bezier_pts: [208.0, 52.0, 222.7, 39.69, 243.48, 42.23, 260.0, 39.0, 258.0, 57.0, 240.43, 55.57, 226.94, 58.98, 217.0, 71.0]
rec: ISRAELIT.................
text_instance: 2
bbox: [277, 53, 41, 51]
bezier_pts: [292.0, 53.0, 308.2, 59.87, 314.9, 73.82, 317.0, 90.0, 304.0, 103.0, 295.03, 92.6, 294.66, 74.38, 277.0, 69.0]
rec: ASELLE...................
text_instance: 3
bbox: [144, 123, 73, 24]
bezier_pts: [144.0, 132.0, 166.04, 121.41, 189.62, 127.01, 214.0, 123.0, 216.0, 140.0, 192.0, 142.0, 168.0, 144.0, 144.0, 146.0]
rec: INSTITUITION.............
text_instance: 4
bbox: [216, 111, 122, 32]
bezier_pts: [217.0, 123.0, 256.67, 119.0, 296.33, 115.0, 336.0, 111.0, 337.0, 131.0, 296.83, 136.7, 256.24, 138.66, 216.0, 142.0]
rec: PROFESSIONNELL...........
text_instance: 5
bbox: [229, 86, 22, 15]
bezier_pts: [230.0, 88.0, 235.96, 85.49, 242.86, 87.38, 249.0, 87.0, 250.0, 100.0, 243.0, 100.0, 236.0, 100.0, 229.0, 100.0]
rec: 1982.....................
