text_instance: 0
bbox: [468, 240, 144, 41]
bezier_pts: [468.0, 240.0, 515.67, 240.0, 563.33, 240.0, 611.0, 240.0, 611.0, 278.0, 563.33, 278.0, 515.67, 278.0, 468.0, 278.0]
rec: SCHOOL...................
text_instance: 1
bbox: [473, 339, 101, 33]
bezier_pts: [473.0, 339.0, 506.33, 339.0, 539.67, 339.0, 573.0, 339.0, 573.0, 368.0, 539.67, 368.0, 506.33, 368.0, 473.0, 368.0]
rec: 800008...................
text_instance: 2
bbox: [193, 250, 118, 39]
bezier_pts: [193.0, 250.0, 232.0, 250.0, 271.0, 250.0, 310.0, 250.0, 310.0, 288.0, 271.0, 288.0, 232.0, 288.0, 193.0, 288.0]
rec: INFANT...................
text_instance: 3
bbox: [381, 344, 75, 28]
bezier_pts: [381.0, 344.0, 405.67, 344.0, 430.33, 344.0, 455.0, 344.0, 455.0, 369.0, 430.63, 370.61, 405.09, 370.38, 381.0, 369.0]
rec: PATNA....................
text_instance: 4
bbox: [218, 342, 155, 34]
bezier_pts: [218.0, 342.0, 269.33, 342.0, 320.67, 342.0, 372.0, 342.0, 372.0, 372.0, 320.67, 372.0, 269.33, 372.0, 218.0, 372.0]
rec: KHAJEKALAN...............
text_instance: 5
bbox: [490, 310, 56, 30]
bezier_pts: [490.0, 310.0, 508.33, 310.0, 526.67, 310.0, 545.0, 310.0, 545.0, 337.0, 526.23, 337.56, 508.21, 339.1, 490.0, 337.0]
rec: NEW......................
text_instance: 6
bbox: [135, 174, 81, 53]
bezier_pts: [135.0, 212.0, 156.85, 196.66, 181.67, 187.67, 204.0, 174.0, 215.0, 189.0, 192.84, 202.21, 171.97, 215.68, 149.0, 226.0]
rec: SCHOOL...................
text_instance: 7
bbox: [222, 150, 52, 36]
bezier_pts: [222.0, 167.0, 236.8, 158.14, 250.72, 152.82, 268.0, 150.0, 273.0, 168.0, 259.33, 173.67, 245.67, 179.33, 232.0, 185.0]
rec: CODE.....................
text_instance: 8
bbox: [287, 133, 51, 29]
bezier_pts: [287.0, 141.0, 302.59, 136.08, 317.3, 134.34, 334.0, 133.0, 337.0, 152.0, 321.33, 155.0, 305.67, 158.0, 290.0, 161.0]
rec: 9510.....................
text_instance: 9
bbox: [421, 122, 124, 42]
bezier_pts: [422.0, 122.0, 462.12, 121.73, 504.7, 127.42, 544.0, 138.0, 528.0, 163.0, 494.51, 139.83, 455.8, 149.39, 421.0, 144.0]
rec: AFFILIATION..............
text_instance: 10
bbox: [594, 160, 76, 54]
bezier_pts: [600.0, 160.0, 623.7, 170.07, 651.49, 179.02, 669.0, 200.0, 658.0, 213.0, 636.67, 200.33, 615.33, 187.67, 594.0, 175.0]
rec: 330070...................
text_instance: 11
bbox: [333, 246, 112, 39]
bezier_pts: [335.0, 249.0, 371.33, 248.0, 407.67, 247.0, 444.0, 246.0, 443.0, 278.0, 407.04, 282.42, 370.6, 283.6, 333.0, 283.0]
rec: JESUS....................
text_instance: 12
bbox: [166, 317, 133, 31]
bezier_pts: [166.0, 321.0, 210.0, 319.67, 254.0, 318.33, 298.0, 317.0, 296.0, 341.0, 252.81, 345.77, 208.87, 347.53, 166.0, 347.0]
rec: AFFILIATED...............
text_instance: 13
bbox: [358, 313, 119, 29]
bezier_pts: [358.0, 318.0, 395.55, 314.56, 438.44, 314.67, 476.0, 313.0, 473.0, 337.0, 435.33, 338.33, 397.67, 339.67, 360.0, 341.0]
rec: CBSE.....................
text_instance: 14
bbox: [561, 308, 73, 32]
bezier_pts: [561.0, 314.0, 584.67, 312.0, 608.33, 310.0, 632.0, 308.0, 633.0, 333.0, 608.95, 336.9, 585.61, 338.78, 562.0, 339.0]
rec: DELHI....................
text_instance: 15
bbox: [549, 144, 35, 27]
bezier_pts: [554.0, 144.0, 563.91, 147.69, 574.45, 149.18, 583.0, 155.0, 575.0, 170.0, 565.39, 169.03, 556.98, 164.38, 549.0, 160.0]
rec: NO.......................
text_instance: 16
bbox: [314, 316, 31, 28]
bezier_pts: [314.0, 316.0, 324.0, 316.0, 334.0, 316.0, 344.0, 316.0, 343.0, 342.0, 333.15, 343.65, 323.33, 343.54, 314.0, 342.0]
rec: TO.......................
