text_instance: 0
bbox: [117, 411, 109, 41]
bezier_pts: [127.0, 411.0, 153.09, 419.82, 181.86, 431.5, 208.0, 414.0, 225.0, 437.0, 189.76, 458.19, 150.21, 452.52, 117.0, 436.0]
rec: HOTEL....................
text_instance: 1
bbox: [78, 419, 182, 61]
bezier_pts: [97.0, 419.0, 136.71, 456.12, 199.11, 472.12, 240.0, 427.0, 259.0, 448.0, 201.5, 492.24, 131.38, 486.5, 78.0, 445.0]
rec: SAINT MARTIN.............
text_instance: 2
bbox: [368, 577, 18, 12]
bezier_pts: [368.0, 577.0, 373.67, 577.0, 379.33, 577.0, 385.0, 577.0, 385.0, 586.0, 379.54, 588.57, 373.55, 588.91, 368.0, 587.0]
rec: RK.......................
