text_instance: 0
bbox: [112, 54, 382, 135]
bezier_pts: [112.0, 166.0, 200.89, 9.27, 384.36, -1.38, 493.0, 153.0, 455.0, 188.0, 373.66, 64.42, 240.07, 70.51, 157.0, 181.0]
rec: WELCOME..................
text_instance: 1
bbox: [103, 190, 41, 29]
bezier_pts: [103.0, 190.0, 116.33, 190.0, 129.67, 190.0, 143.0, 190.0, 142.0, 216.0, 129.33, 216.67, 116.67, 217.33, 104.0, 218.0]
rec: LOS......................
text_instance: 2
bbox: [142, 189, 84, 29]
bezier_pts: [142.0, 192.0, 169.33, 191.0, 196.67, 190.0, 224.0, 189.0, 225.0, 213.0, 198.24, 216.51, 170.77, 217.07, 144.0, 215.0]
rec: ANGELES..................
text_instance: 3
bbox: [116, 217, 42, 27]
bezier_pts: [117.0, 218.0, 130.33, 217.67, 143.67, 217.33, 157.0, 217.0, 156.0, 242.0, 142.67, 242.0, 129.33, 242.0, 116.0, 242.0]
rec: 1139.....................
text_instance: 4
bbox: [159, 215, 55, 25]
bezier_pts: [159.0, 215.0, 177.0, 215.0, 195.0, 215.0, 213.0, 215.0, 212.0, 239.0, 194.67, 239.0, 177.33, 239.0, 160.0, 239.0]
rec: MILES....................
text_instance: 5
bbox: [238, 107, 67, 60]
bezier_pts: [238.0, 158.0, 247.79, 124.11, 275.12, 112.78, 304.0, 107.0, 304.0, 127.0, 277.12, 119.87, 260.81, 143.82, 255.0, 166.0]
rec: ADRIAN...................
text_instance: 6
bbox: [311, 110, 55, 61]
bezier_pts: [318.0, 110.0, 350.4, 113.37, 357.57, 138.94, 365.0, 166.0, 352.0, 170.0, 347.46, 148.33, 332.54, 132.93, 311.0, 127.0]
rec: TEXAS....................
text_instance: 7
bbox: [281, 138, 42, 14]
bezier_pts: [281.0, 138.0, 294.33, 138.0, 307.67, 138.0, 321.0, 138.0, 322.0, 150.0, 309.4, 150.45, 296.76, 152.1, 284.0, 150.0]
rec: ROUTE....................
text_instance: 8
bbox: [237, 182, 127, 28]
bezier_pts: [237.0, 186.0, 279.0, 184.67, 321.0, 183.33, 363.0, 182.0, 363.0, 203.0, 321.91, 207.32, 280.48, 208.58, 238.0, 207.0]
rec: MIDPOINT.................
text_instance: 9
bbox: [380, 186, 111, 30]
bezier_pts: [380.0, 187.0, 416.0, 186.67, 452.0, 186.33, 488.0, 186.0, 490.0, 215.0, 453.33, 214.67, 416.67, 214.33, 380.0, 214.0]
rec: CHICAGO..................
text_instance: 10
bbox: [389, 216, 40, 26]
bezier_pts: [389.0, 216.0, 401.33, 216.0, 413.67, 216.0, 426.0, 216.0, 428.0, 240.0, 415.33, 240.0, 402.67, 240.0, 390.0, 240.0]
rec: 1139.....................
text_instance: 11
bbox: [428, 215, 58, 24]
bezier_pts: [430.0, 217.0, 447.33, 216.33, 464.67, 215.67, 482.0, 215.0, 485.0, 238.0, 466.0, 237.67, 447.0, 237.33, 428.0, 237.0]
rec: MILES....................
text_instance: 12
bbox: [292, 153, 22, 9]
bezier_pts: [292.0, 153.0, 299.0, 153.33, 306.0, 153.67, 313.0, 154.0, 313.0, 160.0, 306.33, 160.0, 299.67, 160.0, 293.0, 160.0]
rec: US.......................
text_instance: 13
bbox: [281, 163, 45, 19]
bezier_pts: [281.0, 163.0, 295.33, 163.33, 309.67, 163.67, 324.0, 164.0, 325.0, 181.0, 310.33, 180.84, 295.67, 181.58, 281.0, 180.0]
rec: 66.......................
