text_instance: 0
bbox: [1, 489, 81, 40]
bezier_pts: [1.0, 489.0, 27.67, 489.0, 54.33, 489.0, 81.0, 489.0, 81.0, 527.0, 54.33, 527.0, 27.67, 527.0, 1.0, 527.0]
rec: nteed....................
text_instance: 1
bbox: [408, 113, 70, 27]
bezier_pts: [408.0, 115.0, 431.0, 114.33, 454.0, 113.67, 477.0, 113.0, 474.0, 133.0, 454.67, 137.44, 435.15, 138.68, 415.0, 138.0]
rec: Hong.....................
text_instance: 2
bbox: [484, 106, 64, 33]
bezier_pts: [485.0, 108.0, 505.67, 107.33, 526.33, 106.67, 547.0, 106.0, 546.0, 135.0, 525.6, 138.35, 504.32, 138.45, 484.0, 138.0]
rec: Kong.....................
text_instance: 3
bbox: [638, 105, 57, 23]
bezier_pts: [638.0, 106.0, 656.33, 105.67, 674.67, 105.33, 693.0, 105.0, 694.0, 123.0, 676.14, 126.16, 657.63, 127.35, 640.0, 127.0]
rec: cies.....................
text_instance: 4
bbox: [349, 240, 47, 57]
bezier_pts: [349.0, 282.0, 362.33, 268.0, 375.67, 254.0, 389.0, 240.0, 395.0, 257.0, 379.99, 269.76, 368.56, 278.95, 361.0, 296.0]
rec: Haihuang.................
text_instance: 5
bbox: [395, 228, 38, 28]
bezier_pts: [395.0, 243.0, 406.1, 233.74, 418.19, 232.97, 431.0, 228.0, 432.0, 241.0, 421.67, 245.67, 411.33, 250.33, 401.0, 255.0]
rec: yaozhu...................
text_instance: 6
bbox: [434, 225, 66, 19]
bezier_pts: [439.0, 225.0, 459.53, 224.04, 479.35, 228.1, 499.0, 230.0, 491.0, 243.0, 472.0, 242.0, 453.0, 241.0, 434.0, 240.0]
rec: shabaochi................
text_instance: 7
bbox: [562, 255, 19, 44]
bezier_pts: [579.0, 256.0, 579.35, 268.93, 577.95, 284.27, 580.0, 297.0, 564.0, 298.0, 562.27, 282.88, 561.87, 268.99, 562.0, 255.0]
rec: jieshi...................
text_instance: 8
bbox: [562, 304, 49, 85]
bezier_pts: [579.0, 304.0, 576.35, 334.67, 602.35, 352.71, 610.0, 380.0, 593.0, 388.0, 577.26, 361.57, 569.22, 334.14, 562.0, 306.0]
rec: wanzaichi................
text_instance: 9
bbox: [351, 413, 48, 75]
bezier_pts: [398.0, 423.0, 379.87, 439.04, 373.79, 465.5, 365.0, 487.0, 351.0, 471.0, 367.61, 453.74, 368.35, 429.88, 384.0, 413.0]
rec: jintang..................
text_instance: 10
bbox: [336, 483, 34, 92]
bezier_pts: [369.0, 491.0, 364.58, 517.02, 348.04, 546.26, 356.0, 574.0, 336.0, 568.0, 342.89, 540.59, 341.78, 510.48, 354.0, 483.0]
rec: xiehuang.................
text_instance: 11
bbox: [107, 5, 57, 46]
bezier_pts: [137.0, 5.0, 145.67, 12.33, 154.33, 19.67, 163.0, 27.0, 155.0, 50.0, 137.83, 37.72, 121.98, 23.63, 107.0, 8.0]
rec: eed......................
text_instance: 12
bbox: [48, 3, 97, 75]
bezier_pts: [86.0, 3.0, 109.79, 15.99, 123.86, 34.81, 144.0, 52.0, 129.0, 77.0, 89.13, 64.84, 76.65, 27.34, 48.0, 5.0]
rec: uality...................
text_instance: 13
bbox: [5, 54, 156, 129]
bezier_pts: [8.0, 54.0, 58.67, 82.0, 109.33, 110.0, 160.0, 138.0, 155.0, 182.0, 105.0, 159.33, 55.0, 136.67, 5.0, 114.0]
rec: Awesome..................
text_instance: 14
bbox: [5, 128, 136, 108]
bezier_pts: [6.0, 128.0, 52.95, 132.49, 98.99, 158.48, 140.0, 184.0, 127.0, 235.0, 90.42, 215.14, 37.25, 234.69, 5.0, 198.0]
rec: Quality..................
text_instance: 15
bbox: [183, 54, 49, 79]
bezier_pts: [188.0, 54.0, 204.8, 75.17, 227.51, 97.13, 231.0, 127.0, 223.0, 132.0, 208.37, 110.88, 206.04, 85.05, 183.0, 70.0]
rec: Satisfaction.............
text_instance: 16
bbox: [174, 69, 56, 80]
bezier_pts: [182.0, 69.0, 204.93, 86.71, 210.32, 115.88, 229.0, 137.0, 220.0, 148.0, 201.18, 129.99, 196.16, 97.57, 174.0, 82.0]
rec: Guaranteed...............
text_instance: 17
bbox: [188, 3, 45, 42]
bezier_pts: [208.0, 3.0, 213.7, 14.48, 220.01, 28.4, 232.0, 33.0, 225.0, 44.0, 208.09, 33.31, 207.97, 11.23, 188.0, 6.0]
rec: nteed....................
text_instance: 18
bbox: [230, 45, 61, 84]
bezier_pts: [241.0, 45.0, 260.05, 60.37, 273.73, 87.03, 290.0, 106.0, 281.0, 128.0, 264.0, 109.0, 247.0, 90.0, 230.0, 71.0]
rec: Premium..................
text_instance: 19
bbox: [232, 81, 50, 77]
bezier_pts: [239.0, 81.0, 258.11, 88.89, 267.74, 114.18, 281.0, 129.0, 275.0, 157.0, 251.86, 146.53, 257.08, 115.56, 232.0, 109.0]
rec: Quality..................
text_instance: 20
bbox: [288, 129, 44, 52]
bezier_pts: [290.0, 129.0, 307.03, 132.76, 316.32, 145.43, 331.0, 153.0, 326.0, 180.0, 313.33, 172.0, 300.67, 164.0, 288.0, 156.0]
rec: Aweso....................
text_instance: 21
bbox: [289, 167, 43, 49]
bezier_pts: [295.0, 167.0, 307.0, 173.33, 319.0, 179.67, 331.0, 186.0, 325.0, 215.0, 311.79, 213.19, 299.86, 208.36, 289.0, 201.0]
rec: Quali....................
text_instance: 22
bbox: [165, 151, 43, 26]
bezier_pts: [168.0, 151.0, 180.67, 151.33, 193.33, 151.67, 206.0, 152.0, 207.0, 175.0, 193.0, 175.0, 179.0, 175.0, 165.0, 175.0]
rec: Premium..................
text_instance: 23
bbox: [166, 177, 42, 24]
bezier_pts: [166.0, 180.0, 179.67, 179.0, 193.33, 178.0, 207.0, 177.0, 206.0, 200.0, 193.33, 199.0, 180.67, 198.0, 168.0, 197.0]
rec: Quality..................
text_instance: 24
bbox: [191, 216, 83, 51]
bezier_pts: [196.0, 216.0, 221.67, 223.67, 247.33, 231.33, 273.0, 239.0, 267.0, 266.0, 241.81, 260.23, 215.86, 253.33, 191.0, 246.0]
rec: Guaranteed...............
text_instance: 25
bbox: [203, 255, 55, 46]
bezier_pts: [203.0, 255.0, 221.0, 259.33, 239.0, 263.67, 257.0, 268.0, 252.0, 299.0, 236.27, 300.3, 220.41, 298.53, 205.0, 294.0]
rec: Quality..................
text_instance: 26
bbox: [272, 255, 39, 38]
bezier_pts: [279.0, 255.0, 289.5, 263.47, 300.92, 269.49, 310.0, 280.0, 307.0, 292.0, 295.33, 286.0, 283.67, 280.0, 272.0, 274.0]
rec: QUALITY..................
text_instance: 27
bbox: [91, 281, 48, 38]
bezier_pts: [94.0, 281.0, 109.25, 285.42, 124.23, 291.75, 138.0, 299.0, 135.0, 318.0, 120.33, 312.33, 105.67, 306.67, 91.0, 301.0]
rec: QUALITY..................
text_instance: 28
bbox: [3, 299, 51, 48]
bezier_pts: [7.0, 299.0, 22.33, 308.0, 37.67, 317.0, 53.0, 326.0, 45.0, 346.0, 30.57, 339.26, 16.76, 332.28, 3.0, 324.0]
rec: NTEED....................
text_instance: 29
bbox: [83, 354, 91, 55]
bezier_pts: [89.0, 354.0, 116.97, 359.97, 152.08, 360.58, 173.0, 387.0, 168.0, 408.0, 147.56, 380.25, 116.59, 381.63, 83.0, 378.0]
rec: Satisfaction.............
text_instance: 30
bbox: [81, 388, 89, 43]
bezier_pts: [86.0, 388.0, 113.86, 396.81, 142.94, 403.6, 169.0, 413.0, 165.0, 430.0, 136.69, 426.68, 109.19, 419.72, 81.0, 413.0]
rec: Guaranteed...............
text_instance: 31
bbox: [185, 332, 41, 23]
bezier_pts: [185.0, 333.0, 199.18, 330.8, 213.22, 332.88, 225.0, 340.0, 220.0, 354.0, 208.33, 353.0, 196.67, 352.0, 185.0, 351.0]
rec: hundred..................
text_instance: 32
bbox: [221, 336, 35, 39]
bezier_pts: [228.0, 336.0, 237.0, 345.33, 246.0, 354.67, 255.0, 364.0, 251.0, 374.0, 241.0, 368.33, 231.0, 362.67, 221.0, 357.0]
rec: percent..................
text_instance: 33
bbox: [181, 350, 72, 49]
bezier_pts: [181.0, 350.0, 204.19, 356.82, 232.47, 364.83, 252.0, 379.0, 251.0, 398.0, 228.0, 389.33, 205.0, 380.67, 182.0, 372.0]
rec: GUARANTEED...............
text_instance: 34
bbox: [178, 409, 65, 55]
bezier_pts: [181.0, 409.0, 201.33, 416.33, 221.67, 423.67, 242.0, 431.0, 238.0, 463.0, 218.0, 458.67, 198.0, 454.33, 178.0, 450.0]
rec: Premium..................
text_instance: 35
bbox: [177, 454, 60, 58]
bezier_pts: [177.0, 454.0, 196.33, 456.94, 215.85, 462.73, 236.0, 468.0, 232.0, 511.0, 214.0, 507.33, 196.0, 503.67, 178.0, 500.0]
rec: Quality..................
text_instance: 36
bbox: [110, 488, 68, 51]
bezier_pts: [113.0, 488.0, 141.07, 494.08, 162.38, 501.95, 177.0, 525.0, 170.0, 538.0, 156.17, 516.15, 131.5, 513.79, 110.0, 507.0]
rec: Satisfaction.............
text_instance: 37
bbox: [99, 515, 69, 44]
bezier_pts: [106.0, 515.0, 126.33, 523.67, 146.67, 532.33, 167.0, 541.0, 159.0, 558.0, 139.0, 549.67, 119.0, 541.33, 99.0, 533.0]
rec: Guaranteed...............
text_instance: 38
bbox: [249, 434, 53, 51]
bezier_pts: [255.0, 440.0, 270.0, 438.0, 285.0, 436.0, 300.0, 434.0, 301.0, 467.0, 284.84, 475.29, 267.28, 481.1, 249.0, 484.0]
rec: Aweso....................
text_instance: 39
bbox: [251, 473, 50, 64]
bezier_pts: [251.0, 488.0, 267.33, 483.0, 283.67, 478.0, 300.0, 473.0, 295.0, 523.0, 281.33, 527.33, 267.67, 531.67, 254.0, 536.0]
rec: Qual.....................
text_instance: 40
bbox: [265, 333, 44, 41]
bezier_pts: [268.0, 333.0, 281.0, 339.67, 294.0, 346.33, 307.0, 353.0, 308.0, 373.0, 293.67, 367.67, 279.33, 362.33, 265.0, 357.0]
rec: Guarante.................
text_instance: 41
bbox: [5, 341, 38, 37]
bezier_pts: [7.0, 341.0, 19.1, 345.59, 29.9, 349.4, 42.0, 354.0, 36.0, 377.0, 25.67, 373.67, 15.33, 370.33, 5.0, 367.0]
rec: ITY......................
text_instance: 42
bbox: [47, 432, 11, 17]
bezier_pts: [49.0, 432.0, 51.67, 432.67, 54.33, 433.33, 57.0, 434.0, 56.0, 446.0, 52.82, 448.09, 49.75, 447.08, 47.0, 445.0]
rec: R........................
text_instance: 43
bbox: [341, 581, 16, 23]
bezier_pts: [355.0, 582.0, 354.78, 589.51, 356.12, 596.35, 354.0, 603.0, 343.0, 602.0, 341.12, 591.45, 340.75, 583.67, 341.0, 581.0]
rec: sh.......................
text_instance: 44
bbox: [2, 549, 40, 44]
bezier_pts: [2.0, 549.0, 15.4, 547.95, 28.5, 551.77, 41.0, 558.0, 34.0, 592.0, 24.0, 590.0, 14.0, 588.0, 4.0, 586.0]
rec: ity......................
