text_instance: 0
bbox: [155, 211, 186, 80]
bezier_pts: [155.0, 241.0, 214.08, 183.34, 290.61, 200.47, 340.0, 257.0, 328.0, 290.0, 282.16, 244.16, 220.14, 236.05, 167.0, 277.0]
rec: Eisorotte................
text_instance: 1
bbox: [189, 306, 48, 26]
bezier_pts: [190.0, 306.0, 205.33, 306.67, 220.67, 307.33, 236.0, 308.0, 233.0, 331.0, 218.33, 330.33, 203.67, 329.67, 189.0, 329.0]
rec: seit.....................
text_instance: 2
bbox: [272, 315, 50, 29]
bezier_pts: [272.0, 315.0, 288.33, 315.67, 304.67, 316.33, 321.0, 317.0, 320.0, 342.0, 304.33, 341.33, 288.67, 340.67, 273.0, 340.0]
rec: 1958.....................
