text_instance: 0
bbox: [6, 419, 60, 35]
bezier_pts: [9.0, 421.0, 27.67, 420.33, 46.33, 419.67, 65.0, 419.0, 59.0, 446.0, 41.33, 448.33, 23.67, 450.67, 6.0, 453.0]
rec: HONG.....................
text_instance: 1
bbox: [63, 411, 66, 41]
bezier_pts: [69.0, 418.0, 88.67, 415.67, 108.33, 413.33, 128.0, 411.0, 127.0, 447.0, 105.67, 448.33, 84.33, 449.67, 63.0, 451.0]
rec: KONG.....................
text_instance: 2
bbox: [130, 403, 87, 41]
bezier_pts: [134.0, 411.0, 161.33, 408.33, 188.67, 405.67, 216.0, 403.0, 214.0, 435.0, 186.05, 439.83, 158.1, 440.74, 130.0, 443.0]
rec: POLICE...................
text_instance: 3
bbox: [225, 378, 264, 57]
bezier_pts: [229.0, 402.0, 312.6, 387.92, 403.73, 386.74, 486.0, 378.0, 488.0, 420.0, 400.51, 425.36, 313.48, 430.09, 225.0, 434.0]
rec: HEADQUARTERS.............
text_instance: 4
bbox: [173, 257, 75, 36]
bezier_pts: [179.0, 268.0, 200.64, 279.28, 222.83, 276.31, 239.0, 257.0, 247.0, 275.0, 225.02, 288.93, 200.19, 295.72, 173.0, 290.0]
rec: HONGKONGPOLICE...........
