text_instance: 0
bbox: [230, 269, 35, 15]
bezier_pts: [230.0, 269.0, 241.33, 269.0, 252.67, 269.0, 264.0, 269.0, 264.0, 281.0, 252.97, 282.72, 241.65, 282.49, 230.0, 281.0]
rec: RedBull..................
text_instance: 1
bbox: [268, 271, 54, 14]
bezier_pts: [268.0, 272.0, 285.33, 272.0, 302.67, 272.0, 320.0, 272.0, 321.0, 284.0, 303.67, 283.84, 286.33, 284.58, 269.0, 283.0]
rec: WORLD....................
text_instance: 2
bbox: [324, 236, 136, 41]
bezier_pts: [338.0, 236.0, 371.94, 267.85, 415.6, 260.6, 453.0, 241.0, 459.0, 257.0, 416.14, 289.82, 362.52, 283.99, 324.0, 248.0]
rec: Aschauer.................
