text_instance: 0
bbox: [88, 674, 137, 29]
bezier_pts: [88.0, 674.0, 133.33, 674.0, 178.67, 674.0, 224.0, 674.0, 224.0, 699.0, 179.15, 701.67, 134.22, 701.73, 88.0, 699.0]
rec: ESCALATOR................
text_instance: 1
bbox: [187, 200, 319, 157]
bezier_pts: [187.0, 270.0, 276.88, 181.43, 390.27, 195.45, 505.0, 207.0, 452.0, 314.0, 372.54, 263.8, 274.84, 284.54, 213.0, 356.0]
rec: KidZania.................
text_instance: 2
bbox: [250, 304, 62, 56]
bezier_pts: [250.0, 329.0, 268.21, 316.95, 290.22, 313.36, 309.0, 304.0, 311.0, 329.0, 293.33, 339.0, 275.67, 349.0, 258.0, 359.0]
rec: Kuala....................
text_instance: 3
bbox: [309, 301, 91, 42]
bezier_pts: [314.0, 301.0, 341.17, 298.48, 372.37, 307.66, 399.0, 309.0, 385.0, 342.0, 357.0, 341.4, 334.96, 308.96, 309.0, 337.0]
rec: Lumpur...................
text_instance: 4
bbox: [294, 788, 61, 39]
bezier_pts: [294.0, 788.0, 314.0, 788.0, 334.0, 788.0, 354.0, 788.0, 352.0, 821.0, 333.33, 822.67, 314.67, 824.33, 296.0, 826.0]
rec: LIFE.....................
text_instance: 5
bbox: [351, 799, 60, 26]
bezier_pts: [351.0, 799.0, 370.67, 799.67, 390.33, 800.33, 410.0, 801.0, 410.0, 823.0, 390.33, 823.33, 370.67, 823.67, 351.0, 824.0]
rec: TODAY....................
text_instance: 6
bbox: [275, 52, 103, 127]
bezier_pts: [275.0, 76.0, 302.51, 60.59, 332.65, 58.2, 362.0, 52.0, 377.0, 137.0, 349.04, 152.87, 321.51, 166.61, 292.0, 178.0]
rec: K........................
text_instance: 7
bbox: [227, 805, 66, 22]
bezier_pts: [231.0, 805.0, 251.33, 805.67, 271.67, 806.33, 292.0, 807.0, 292.0, 826.0, 270.46, 825.31, 248.09, 823.72, 227.0, 819.0]
rec: LEARN....................
text_instance: 8
bbox: [696, 349, 57, 55]
bezier_pts: [696.0, 349.0, 713.67, 349.33, 731.33, 349.67, 749.0, 350.0, 752.0, 399.0, 735.33, 400.33, 718.67, 401.67, 702.0, 403.0]
rec: K........................
text_instance: 9
bbox: [785, 432, 68, 56]
bezier_pts: [785.0, 432.0, 805.33, 433.0, 825.67, 434.0, 846.0, 435.0, 852.0, 483.0, 833.33, 484.33, 814.67, 485.67, 796.0, 487.0]
rec: K........................
text_instance: 10
bbox: [683, 516, 48, 46]
bezier_pts: [683.0, 516.0, 698.0, 517.33, 713.0, 518.67, 728.0, 520.0, 730.0, 558.0, 715.67, 559.0, 701.33, 560.0, 687.0, 561.0]
rec: K........................
text_instance: 11
bbox: [767, 601, 62, 58]
bezier_pts: [767.0, 601.0, 786.33, 606.0, 805.67, 611.0, 825.0, 616.0, 828.0, 658.0, 808.67, 657.67, 789.33, 657.33, 770.0, 657.0]
rec: K........................
text_instance: 12
bbox: [654, 666, 64, 55]
bezier_pts: [663.0, 666.0, 681.0, 671.67, 699.0, 677.33, 717.0, 683.0, 716.0, 720.0, 695.33, 719.67, 674.67, 719.33, 654.0, 719.0]
rec: K........................
text_instance: 13
bbox: [753, 772, 56, 56]
bezier_pts: [753.0, 772.0, 771.91, 770.26, 785.08, 784.62, 802.0, 791.0, 808.0, 827.0, 790.33, 825.33, 772.67, 823.67, 755.0, 822.0]
rec: K........................
text_instance: 14
bbox: [646, 831, 55, 57]
bezier_pts: [646.0, 831.0, 665.11, 829.65, 677.6, 842.41, 693.0, 849.0, 700.0, 886.0, 683.33, 884.33, 666.67, 882.67, 650.0, 881.0]
rec: K........................
text_instance: 15
bbox: [732, 939, 63, 65]
bezier_pts: [732.0, 939.0, 752.66, 940.79, 766.35, 955.81, 783.0, 965.0, 794.0, 1003.0, 774.33, 999.33, 754.67, 995.67, 735.0, 992.0]
rec: K........................
text_instance: 16
bbox: [638, 984, 45, 57]
bezier_pts: [638.0, 984.0, 652.33, 991.33, 666.67, 998.67, 681.0, 1006.0, 682.0, 1040.0, 668.0, 1036.0, 654.0, 1032.0, 640.0, 1028.0]
rec: K........................
text_instance: 17
bbox: [72, 419, 16, 28]
bezier_pts: [72.0, 421.0, 76.82, 419.99, 82.07, 418.75, 87.0, 420.0, 87.0, 443.0, 82.33, 445.36, 77.08, 446.03, 72.0, 445.0]
rec: K........................
text_instance: 18
bbox: [69, 503, 16, 26]
bezier_pts: [69.0, 503.0, 74.0, 503.33, 79.0, 503.67, 84.0, 504.0, 83.0, 526.0, 78.97, 528.4, 74.46, 528.98, 70.0, 527.0]
rec: K........................
text_instance: 19
bbox: [65, 586, 18, 26]
bezier_pts: [65.0, 586.0, 71.62, 584.35, 74.67, 591.12, 81.0, 592.0, 82.0, 609.0, 77.33, 609.67, 72.67, 610.33, 68.0, 611.0]
rec: K........................
text_instance: 20
bbox: [64, 673, 15, 23]
bezier_pts: [64.0, 673.0, 69.33, 672.88, 74.89, 672.79, 78.0, 678.0, 78.0, 695.0, 74.11, 694.83, 69.68, 695.62, 66.0, 694.0]
rec: K........................
text_instance: 21
bbox: [60, 751, 18, 27]
bezier_pts: [60.0, 751.0, 66.1, 751.58, 69.87, 756.16, 75.0, 758.0, 77.0, 777.0, 71.67, 777.0, 66.33, 777.0, 61.0, 777.0]
rec: K........................
