text_instance: 0
bbox: [305, 1094, 150, 43]
bezier_pts: [305.0, 1094.0, 354.67, 1094.0, 404.33, 1094.0, 454.0, 1094.0, 454.0, 1136.0, 404.33, 1136.0, 354.67, 1136.0, 305.0, 1136.0]
rec: KidZania.................
text_instance: 1
bbox: [268, 248, 180, 59]
bezier_pts: [268.0, 263.0, 324.09, 239.98, 392.65, 239.87, 447.0, 268.0, 439.0, 306.0, 388.52, 266.15, 336.82, 293.12, 283.0, 306.0]
rec: KidZania.................
text_instance: 2
bbox: [313, 286, 104, 34]
bezier_pts: [313.0, 296.0, 346.94, 281.9, 383.39, 283.1, 416.0, 297.0, 410.0, 319.0, 382.85, 295.43, 347.8, 298.95, 318.0, 313.0]
rec: KualaLumpur..............
text_instance: 3
bbox: [173, 453, 139, 77]
bezier_pts: [176.0, 453.0, 215.57, 490.69, 258.23, 475.9, 307.0, 473.0, 311.0, 520.0, 264.38, 523.34, 213.38, 543.74, 173.0, 507.0]
rec: ITS......................
text_instance: 4
bbox: [350, 443, 218, 111]
bezier_pts: [350.0, 445.0, 423.9, 442.85, 501.05, 433.22, 567.0, 481.0, 523.0, 553.0, 465.75, 535.28, 422.12, 465.89, 352.0, 493.0]
rec: PARTY....................
text_instance: 5
bbox: [249, 570, 214, 105]
bezier_pts: [249.0, 599.0, 314.94, 565.43, 394.93, 591.86, 462.0, 587.0, 436.0, 674.0, 367.33, 685.01, 329.8, 590.61, 271.0, 663.0]
rec: TIME.....................
text_instance: 6
bbox: [269, 875, 180, 80]
bezier_pts: [269.0, 908.0, 324.87, 874.11, 385.95, 868.82, 448.0, 880.0, 447.0, 928.0, 395.51, 922.39, 341.61, 927.49, 297.0, 954.0]
rec: KIDZANIA.................
text_instance: 7
bbox: [276, 932, 189, 90]
bezier_pts: [276.0, 964.0, 330.75, 931.51, 401.6, 926.73, 464.0, 936.0, 442.0, 1003.0, 402.0, 1009.0, 362.0, 1015.0, 322.0, 1021.0]
rec: PARTY....................
text_instance: 8
bbox: [338, 193, 47, 42]
bezier_pts: [338.0, 195.0, 349.5, 191.34, 363.39, 191.78, 375.0, 195.0, 384.0, 230.0, 372.0, 231.33, 360.0, 232.67, 348.0, 234.0]
rec: K........................
