text_instance: 0
bbox: [35, 65, 36, 33]
bezier_pts: [35.0, 81.0, 43.0, 75.67, 51.0, 70.33, 59.0, 65.0, 70.0, 83.0, 59.93, 83.11, 54.95, 94.26, 46.0, 97.0]
rec: THE......................
text_instance: 1
bbox: [67, 48, 94, 32]
bezier_pts: [67.0, 61.0, 94.49, 44.67, 130.82, 45.45, 160.0, 58.0, 152.0, 76.0, 125.33, 64.93, 98.67, 74.33, 72.0, 79.0]
rec: GREENCOAT................
text_instance: 2
bbox: [155, 63, 36, 33]
bezier_pts: [163.0, 63.0, 172.0, 68.0, 181.0, 73.0, 190.0, 78.0, 177.0, 95.0, 169.67, 90.0, 162.33, 85.0, 155.0, 80.0]
rec: BOY......................
text_instance: 3
bbox: [47, 254, 35, 19]
bezier_pts: [47.0, 254.0, 57.33, 254.0, 67.67, 254.0, 78.0, 254.0, 81.0, 270.0, 71.73, 271.68, 62.39, 273.15, 53.0, 271.0]
rec: TJ.......................
text_instance: 4
bbox: [85, 254, 82, 18]
bezier_pts: [86.0, 254.0, 112.67, 254.62, 139.33, 251.81, 166.0, 256.0, 166.0, 271.0, 139.0, 270.67, 112.0, 270.33, 85.0, 270.0]
rec: BERNARD..................
