text_instance: 0
bbox: [786, 369, 201, 42]
bezier_pts: [786.0, 369.0, 852.67, 369.0, 919.33, 369.0, 986.0, 369.0, 986.0, 409.0, 921.02, 409.23, 854.37, 409.26, 786.0, 409.0]
rec: APPEAL...................
text_instance: 1
bbox: [351, 373, 182, 47]
bezier_pts: [351.0, 373.0, 411.33, 373.0, 471.67, 373.0, 532.0, 373.0, 532.0, 418.0, 471.67, 418.0, 411.33, 418.0, 351.0, 418.0]
rec: COURT....................
text_instance: 2
bbox: [622, 370, 148, 43]
bezier_pts: [622.0, 370.0, 671.0, 370.0, 720.0, 370.0, 769.0, 370.0, 769.0, 410.0, 719.79, 410.38, 670.15, 411.9, 622.0, 410.0]
rec: FINAL....................
text_instance: 3
bbox: [248, 375, 100, 50]
bezier_pts: [248.0, 375.0, 281.0, 375.0, 314.0, 375.0, 347.0, 375.0, 347.0, 423.0, 314.0, 423.0, 281.0, 423.0, 248.0, 423.0]
rec: THE......................
text_instance: 4
bbox: [549, 242, 66, 33]
bezier_pts: [564.0, 242.0, 580.67, 245.67, 597.33, 249.33, 614.0, 253.0, 610.0, 274.0, 588.98, 272.26, 568.81, 267.6, 549.0, 260.0]
rec: HONG.....................
text_instance: 5
bbox: [615, 238, 59, 39]
bezier_pts: [616.0, 252.0, 629.0, 247.33, 642.0, 242.67, 655.0, 238.0, 673.0, 247.0, 655.04, 259.25, 635.83, 269.16, 615.0, 276.0]
rec: KONG.....................
text_instance: 6
bbox: [539, 377, 72, 41]
bezier_pts: [539.0, 379.0, 562.33, 378.33, 585.67, 377.67, 609.0, 377.0, 610.0, 416.0, 586.67, 416.33, 563.33, 416.67, 540.0, 417.0]
rec: OF.......................
