text_instance: 0
bbox: [198, 27, 55, 38]
bezier_pts: [198.0, 44.0, 212.0, 38.33, 226.0, 32.67, 240.0, 27.0, 252.0, 47.0, 241.39, 54.69, 229.36, 59.02, 217.0, 64.0]
rec: TUN......................
text_instance: 1
bbox: [245, 21, 47, 31]
bezier_pts: [245.0, 30.0, 259.57, 21.41, 274.37, 25.27, 289.0, 21.0, 291.0, 42.0, 279.0, 45.0, 267.0, 48.0, 255.0, 51.0]
rec: TAN......................
text_instance: 2
bbox: [294, 23, 69, 37]
bezier_pts: [295.0, 23.0, 317.54, 27.14, 341.38, 26.58, 362.0, 37.0, 356.0, 59.0, 335.33, 55.33, 314.67, 51.67, 294.0, 48.0]
rec: CHENG....................
text_instance: 3
bbox: [361, 35, 62, 51]
bezier_pts: [369.0, 35.0, 386.67, 45.67, 404.33, 56.33, 422.0, 67.0, 408.0, 85.0, 392.33, 75.33, 376.67, 65.67, 361.0, 56.0]
rec: LOCK.....................
text_instance: 4
bbox: [212, 65, 41, 27]
bezier_pts: [212.0, 65.0, 225.33, 66.0, 238.67, 67.0, 252.0, 68.0, 249.0, 91.0, 238.0, 89.67, 227.0, 88.33, 216.0, 87.0]
rec: 1961.....................
text_instance: 5
bbox: [390, 95, 39, 25]
bezier_pts: [390.0, 95.0, 402.67, 96.0, 415.33, 97.0, 428.0, 98.0, 428.0, 119.0, 416.0, 116.33, 404.0, 113.67, 392.0, 111.0]
rec: 2011.....................
text_instance: 6
bbox: [232, 107, 95, 64]
bezier_pts: [247.0, 107.0, 273.33, 119.0, 299.67, 131.0, 326.0, 143.0, 322.0, 170.0, 291.56, 157.02, 258.27, 146.78, 232.0, 125.0]
rec: COLLEGE..................
text_instance: 7
bbox: [355, 119, 75, 52]
bezier_pts: [355.0, 144.0, 375.53, 142.56, 393.83, 131.75, 409.0, 119.0, 429.0, 138.0, 410.81, 158.48, 382.77, 164.88, 358.0, 170.0]
rec: NURSING..................
text_instance: 8
bbox: [327, 145, 26, 27]
bezier_pts: [327.0, 145.0, 335.6, 144.19, 343.27, 147.28, 352.0, 148.0, 350.0, 171.0, 342.33, 169.67, 334.67, 168.33, 327.0, 167.0]
rec: OF.......................
