text_instance: 0
bbox: [291, 132, 248, 86]
bezier_pts: [291.0, 180.0, 361.93, 114.87, 455.94, 145.36, 538.0, 132.0, 533.0, 196.0, 453.0, 203.0, 373.0, 210.0, 293.0, 217.0]
rec: LOWBRAU..................
text_instance: 1
bbox: [370, 213, 28, 17]
bezier_pts: [370.0, 218.0, 378.98, 216.86, 387.41, 213.89, 397.0, 213.0, 397.0, 229.0, 388.67, 229.0, 380.33, 229.0, 372.0, 229.0]
rec: est......................
text_instance: 2
bbox: [395, 208, 37, 21]
bezier_pts: [395.0, 213.0, 405.71, 213.27, 416.21, 205.42, 427.0, 210.0, 431.0, 226.0, 419.67, 226.67, 408.33, 227.33, 397.0, 228.0]
rec: 2012.....................
text_instance: 3
bbox: [138, 260, 29, 35]
bezier_pts: [164.0, 260.0, 156.0, 260.33, 148.0, 260.67, 140.0, 261.0, 138.0, 292.0, 147.33, 292.67, 156.67, 293.33, 166.0, 294.0]
rec: 2........................
text_instance: 4
bbox: [178, 262, 26, 32]
bezier_pts: [203.0, 262.0, 194.67, 262.0, 186.33, 262.0, 178.0, 262.0, 178.0, 293.0, 186.09, 293.22, 194.22, 292.23, 202.0, 290.0]
rec: R........................
text_instance: 5
bbox: [237, 260, 32, 33]
bezier_pts: [266.0, 261.0, 256.33, 260.67, 246.67, 260.33, 237.0, 260.0, 240.0, 291.0, 249.33, 291.33, 258.67, 291.67, 268.0, 292.0]
rec: W........................
