text_instance: 0
bbox: [340, 105, 91, 37]
bezier_pts: [340.0, 105.0, 370.0, 105.0, 400.0, 105.0, 430.0, 105.0, 430.0, 139.0, 400.26, 141.53, 370.56, 140.83, 340.0, 139.0]
rec: WAR......................
text_instance: 1
bbox: [197, 105, 86, 38]
bezier_pts: [197.0, 105.0, 225.33, 105.0, 253.67, 105.0, 282.0, 105.0, 282.0, 141.0, 253.89, 141.35, 224.81, 142.87, 197.0, 141.0]
rec: IRLIN....................
text_instance: 2
bbox: [258, 234, 97, 20]
bezier_pts: [258.0, 234.0, 290.0, 234.0, 322.0, 234.0, 354.0, 234.0, 354.0, 252.0, 322.0, 252.0, 290.0, 252.0, 258.0, 252.0]
rec: SKYTRAX..................
text_instance: 3
bbox: [215, 14, 287, 76]
bezier_pts: [219.0, 29.0, 312.79, 39.14, 410.35, 28.8, 501.0, 14.0, 499.0, 80.0, 403.7, 85.27, 309.0, 87.93, 215.0, 88.0]
rec: TRAX.....................
text_instance: 4
bbox: [254, 194, 48, 41]
bezier_pts: [254.0, 226.0, 262.43, 207.5, 280.75, 199.65, 298.0, 194.0, 301.0, 209.0, 285.07, 209.26, 273.24, 219.58, 270.0, 234.0]
rec: WORLD....................
text_instance: 5
bbox: [305, 191, 55, 44]
bezier_pts: [308.0, 191.0, 328.44, 193.87, 347.06, 207.55, 359.0, 225.0, 344.0, 234.0, 337.98, 218.41, 324.59, 204.98, 305.0, 208.0]
rec: AIRLINE..................
text_instance: 6
bbox: [257, 260, 62, 37]
bezier_pts: [270.0, 260.0, 278.32, 279.59, 299.55, 281.91, 318.0, 283.0, 317.0, 296.0, 289.21, 299.0, 266.12, 287.36, 257.0, 261.0]
rec: AWARDS...................
text_instance: 7
bbox: [325, 259, 37, 33]
bezier_pts: [325.0, 281.0, 332.11, 280.22, 354.46, 255.12, 342.0, 259.0, 361.0, 264.0, 348.83, 275.84, 346.57, 292.83, 329.0, 291.0]
rec: 2017.....................
text_instance: 8
bbox: [13, 8, 129, 73]
bezier_pts: [13.0, 8.0, 55.67, 13.0, 98.33, 18.0, 141.0, 23.0, 137.0, 80.0, 94.99, 77.53, 55.87, 72.84, 15.0, 67.0]
rec: SK.......................
text_instance: 9
bbox: [31, 92, 72, 42]
bezier_pts: [31.0, 92.0, 54.67, 95.0, 78.33, 98.0, 102.0, 101.0, 97.0, 132.0, 74.72, 134.86, 55.71, 132.75, 39.0, 116.0]
rec: WO.......................
text_instance: 10
bbox: [41, 377, 12, 16]
bezier_pts: [41.0, 377.0, 44.67, 377.33, 48.33, 377.67, 52.0, 378.0, 51.0, 390.0, 47.57, 391.98, 44.02, 391.31, 41.0, 389.0]
rec: X........................
text_instance: 11
bbox: [203, 378, 15, 14]
bezier_pts: [205.0, 378.0, 209.0, 378.0, 213.0, 378.0, 217.0, 378.0, 216.0, 391.0, 211.45, 390.85, 207.4, 391.54, 203.0, 390.0]
rec: R........................
text_instance: 12
bbox: [574, 24, 23, 16]
bezier_pts: [574.0, 27.0, 580.0, 26.0, 586.0, 25.0, 592.0, 24.0, 596.0, 37.0, 588.67, 37.67, 581.33, 38.33, 574.0, 39.0]
rec: AX.......................
text_instance: 13
bbox: [247, 316, 36, 11]
bezier_pts: [247.0, 316.0, 258.67, 316.0, 270.33, 316.0, 282.0, 316.0, 281.0, 325.0, 269.84, 326.6, 259.31, 325.89, 248.0, 326.0]
rec: WORLDS...................
text_instance: 14
bbox: [282, 315, 21, 12]
bezier_pts: [282.0, 316.0, 288.67, 313.56, 295.33, 315.44, 302.0, 315.0, 301.0, 325.0, 294.73, 326.65, 288.34, 326.62, 282.0, 325.0]
rec: BEST.....................
text_instance: 15
bbox: [302, 317, 19, 9]
bezier_pts: [302.0, 317.0, 308.0, 317.0, 314.0, 317.0, 320.0, 317.0, 320.0, 324.0, 314.23, 325.59, 308.04, 325.58, 302.0, 324.0]
rec: LOW......................
text_instance: 16
bbox: [322, 316, 20, 10]
bezier_pts: [322.0, 317.0, 328.0, 316.67, 334.0, 316.33, 340.0, 316.0, 341.0, 324.0, 334.67, 324.33, 328.33, 324.67, 322.0, 325.0]
rec: COST.....................
text_instance: 17
bbox: [343, 316, 28, 10]
bezier_pts: [343.0, 317.0, 351.68, 317.62, 361.31, 315.38, 370.0, 316.0, 370.0, 324.0, 361.01, 325.54, 353.13, 324.87, 344.0, 325.0]
rec: AIRLINE..................
text_instance: 18
bbox: [296, 325, 28, 10]
bezier_pts: [296.0, 325.0, 304.67, 325.0, 313.33, 325.0, 322.0, 325.0, 323.0, 334.0, 314.25, 334.24, 304.66, 333.02, 296.0, 333.0]
rec: AirAsia..................
