text_instance: 0
bbox: [804, 201, 53, 28]
bezier_pts: [804.0, 201.0, 821.33, 201.0, 838.67, 201.0, 856.0, 201.0, 856.0, 227.0, 838.67, 227.0, 821.33, 227.0, 804.0, 227.0]
rec: REVE.....................
text_instance: 1
bbox: [675, 209, 85, 23]
bezier_pts: [675.0, 209.0, 703.0, 209.0, 731.0, 209.0, 759.0, 209.0, 759.0, 229.0, 730.99, 230.89, 703.03, 231.65, 675.0, 229.0]
rec: MAISON...................
text_instance: 2
bbox: [151, 184, 64, 34]
bezier_pts: [154.0, 184.0, 174.2, 189.36, 195.08, 193.27, 214.0, 200.0, 211.0, 217.0, 191.0, 212.33, 171.0, 207.67, 151.0, 203.0]
rec: MAISON...................
text_instance: 3
bbox: [211, 200, 23, 25]
bezier_pts: [214.0, 200.0, 221.59, 198.49, 226.42, 204.35, 233.0, 205.0, 233.0, 224.0, 225.67, 222.0, 218.33, 220.0, 211.0, 218.0]
rec: DE.......................
text_instance: 4
bbox: [233, 205, 33, 28]
bezier_pts: [235.0, 205.0, 245.25, 207.73, 255.11, 209.39, 265.0, 214.0, 265.0, 232.0, 254.33, 229.0, 243.67, 226.0, 233.0, 223.0]
rec: REVE.....................
text_instance: 5
bbox: [146, 280, 25, 29]
bezier_pts: [148.0, 280.0, 155.5, 279.8, 162.93, 280.0, 170.0, 283.0, 170.0, 307.0, 162.1, 308.71, 153.99, 306.53, 146.0, 306.0]
rec: 20.......................
text_instance: 6
bbox: [774, 437, 47, 41]
bezier_pts: [775.0, 437.0, 790.0, 437.67, 805.0, 438.33, 820.0, 439.0, 819.0, 476.0, 804.2, 476.95, 789.0, 476.32, 774.0, 474.0]
rec: 80.......................
text_instance: 7
bbox: [1197, 187, 73, 37]
bezier_pts: [1198.0, 188.0, 1220.67, 187.67, 1243.33, 187.33, 1266.0, 187.0, 1269.0, 223.0, 1245.0, 222.67, 1221.0, 222.33, 1197.0, 222.0]
rec: NE.......................
text_instance: 8
bbox: [763, 294, 26, 21]
bezier_pts: [765.0, 295.0, 772.48, 291.77, 779.97, 297.0, 787.0, 296.0, 788.0, 313.0, 779.23, 314.61, 771.65, 313.84, 763.0, 314.0]
rec: 60.......................
text_instance: 9
bbox: [823, 409, 34, 41]
bezier_pts: [823.0, 413.0, 831.33, 412.0, 839.67, 411.0, 848.0, 410.0, 856.0, 444.0, 848.33, 445.67, 840.67, 447.33, 833.0, 449.0]
rec: 0........................
