text_instance: 0
bbox: [96, 32, 47, 37]
bezier_pts: [96.0, 58.0, 106.66, 41.44, 125.43, 40.24, 142.0, 32.0, 142.0, 48.0, 125.83, 44.83, 119.54, 60.19, 108.0, 68.0]
rec: DEPT.....................
text_instance: 1
bbox: [99, 109, 43, 26]
bezier_pts: [107.0, 109.0, 117.77, 117.51, 127.89, 124.93, 141.0, 123.0, 137.0, 134.0, 120.48, 136.03, 107.01, 126.76, 99.0, 115.0]
rec: LAND.....................
text_instance: 2
bbox: [145, 73, 52, 67]
bezier_pts: [145.0, 124.0, 171.11, 118.97, 184.14, 99.14, 186.0, 73.0, 196.0, 74.0, 202.94, 115.78, 171.99, 125.19, 148.0, 139.0]
rec: SECURITY.................
text_instance: 3
bbox: [96, 128, 35, 24]
bezier_pts: [100.0, 128.0, 110.0, 132.33, 120.0, 136.67, 130.0, 141.0, 129.0, 151.0, 116.59, 147.89, 105.03, 143.3, 96.0, 135.0]
rec: KEEPING..................
text_instance: 4
bbox: [130, 135, 44, 18]
bezier_pts: [133.0, 141.0, 145.9, 139.95, 166.15, 145.05, 168.0, 135.0, 173.0, 142.0, 161.09, 150.17, 142.71, 155.86, 130.0, 149.0]
rec: THEPEACE.................
text_instance: 5
bbox: [171, 117, 25, 26]
bezier_pts: [171.0, 135.0, 178.33, 123.39, 184.71, 127.88, 186.0, 117.0, 195.0, 120.0, 193.72, 130.54, 185.08, 136.86, 176.0, 142.0]
rec: WITHIN...................
text_instance: 6
bbox: [154, 35, 26, 22]
bezier_pts: [158.0, 35.0, 165.0, 38.33, 172.0, 41.67, 179.0, 45.0, 173.0, 56.0, 166.3, 54.68, 159.95, 52.0, 154.0, 48.0]
rec: OF.......................
text_instance: 7
bbox: [91, 86, 14, 23]
bezier_pts: [102.0, 86.0, 101.89, 91.43, 102.07, 97.03, 104.0, 104.0, 96.0, 108.0, 94.13, 103.15, 89.49, 90.92, 91.0, 88.0]
rec: OM.......................
