text_instance: 0
bbox: [344, 441, 155, 32]
bezier_pts: [344.0, 441.0, 395.33, 441.0, 446.67, 441.0, 498.0, 441.0, 498.0, 471.0, 446.67, 471.0, 395.33, 471.0, 344.0, 471.0]
rec: COCKTAILS................
text_instance: 1
bbox: [745, 269, 124, 33]
bezier_pts: [745.0, 269.0, 786.0, 269.0, 827.0, 269.0, 868.0, 269.0, 868.0, 300.0, 827.0, 300.0, 786.0, 300.0, 745.0, 300.0]
rec: ABODE....................
text_instance: 2
bbox: [724, 193, 50, 73]
bezier_pts: [724.0, 249.0, 731.16, 224.88, 750.95, 208.82, 768.0, 193.0, 773.0, 214.0, 751.38, 221.89, 740.82, 243.19, 739.0, 265.0]
rec: comfort..................
text_instance: 3
bbox: [785, 187, 68, 32]
bezier_pts: [785.0, 187.0, 808.1, 186.7, 829.14, 194.01, 852.0, 196.0, 842.0, 218.0, 824.0, 214.67, 806.0, 211.33, 788.0, 208.0]
rec: cookery..................
text_instance: 4
bbox: [855, 213, 37, 60]
bezier_pts: [865.0, 213.0, 880.56, 225.3, 886.23, 247.34, 891.0, 267.0, 876.0, 272.0, 883.58, 254.99, 867.43, 240.03, 855.0, 231.0]
rec: COFFEE...................
