text_instance: 0
bbox: [493, 287, 150, 28]
bezier_pts: [493.0, 287.0, 542.67, 287.0, 592.33, 287.0, 642.0, 287.0, 642.0, 314.0, 592.33, 314.0, 542.67, 314.0, 493.0, 314.0]
rec: PRODUCE..................
text_instance: 1
bbox: [224, 94, 42, 23]
bezier_pts: [224.0, 94.0, 237.67, 94.0, 251.33, 94.0, 265.0, 94.0, 265.0, 114.0, 251.68, 115.46, 237.41, 115.63, 224.0, 114.0]
rec: Village..................
text_instance: 2
bbox: [422, 156, 307, 69]
bezier_pts: [422.0, 180.0, 524.29, 150.34, 622.23, 148.76, 724.0, 175.0, 728.0, 224.0, 629.55, 192.59, 523.22, 196.92, 425.0, 221.0]
rec: RIVIERA..................
text_instance: 3
bbox: [507, 330, 129, 26]
bezier_pts: [508.0, 330.0, 550.33, 330.67, 592.67, 331.33, 635.0, 332.0, 634.0, 355.0, 591.67, 352.67, 549.33, 350.33, 507.0, 348.0]
rec: 2012277105...............
text_instance: 4
bbox: [474, 355, 197, 24]
bezier_pts: [474.0, 355.0, 537.56, 356.22, 602.89, 357.44, 670.0, 364.0, 670.0, 378.0, 605.47, 374.92, 538.52, 371.7, 474.0, 366.0]
rec: wwwrivieraproducecom.....
text_instance: 5
bbox: [55, 181, 90, 36]
bezier_pts: [55.0, 189.0, 84.0, 186.33, 113.0, 183.67, 142.0, 181.0, 144.0, 205.0, 117.67, 208.67, 91.33, 212.33, 65.0, 216.0]
rec: WBMASON..................
