text_instance: 0
bbox: [45, 115, 60, 32]
bezier_pts: [45.0, 122.0, 64.67, 119.67, 84.33, 117.33, 104.0, 115.0, 104.0, 139.0, 85.08, 143.52, 65.27, 145.87, 45.0, 146.0]
rec: TOYS.....................
text_instance: 1
bbox: [335, 70, 79, 42]
bezier_pts: [335.0, 83.0, 359.83, 77.13, 387.05, 73.58, 412.0, 70.0, 413.0, 96.0, 389.06, 103.23, 364.93, 106.27, 341.0, 111.0]
rec: TOYS.....................
text_instance: 2
bbox: [131, 57, 171, 100]
bezier_pts: [139.0, 78.0, 184.21, 29.61, 248.84, 79.7, 301.0, 64.0, 300.0, 112.0, 266.2, 166.52, 182.43, 146.78, 131.0, 156.0]
rec: Hamleys..................
text_instance: 3
bbox: [16, 355, 25, 14]
bezier_pts: [16.0, 360.0, 22.62, 351.98, 32.33, 352.65, 40.0, 359.0, 39.0, 368.0, 31.33, 368.0, 23.67, 368.0, 16.0, 368.0]
rec: SUPER....................
text_instance: 4
bbox: [10, 365, 38, 16]
bezier_pts: [10.0, 365.0, 22.33, 365.33, 34.67, 365.67, 47.0, 366.0, 44.0, 380.0, 33.33, 379.67, 22.67, 379.33, 12.0, 379.0]
rec: WING.....................
text_instance: 5
bbox: [265, 362, 49, 12]
bezier_pts: [265.0, 363.0, 281.0, 362.67, 297.0, 362.33, 313.0, 362.0, 312.0, 373.0, 296.67, 373.0, 281.33, 373.0, 266.0, 373.0]
rec: Come and Play............
