text_instance: 0
bbox: [515, 84, 70, 24]
bezier_pts: [515.0, 84.0, 538.0, 84.0, 561.0, 84.0, 584.0, 84.0, 584.0, 106.0, 561.0, 106.0, 538.0, 106.0, 515.0, 106.0]
rec: Grinder..................
text_instance: 1
bbox: [557, 340, 156, 51]
bezier_pts: [557.0, 340.0, 608.67, 340.0, 660.33, 340.0, 712.0, 340.0, 712.0, 390.0, 660.33, 390.0, 608.67, 390.0, 557.0, 390.0]
rec: BURGER...................
text_instance: 2
bbox: [515, 103, 75, 17]
bezier_pts: [515.0, 103.0, 539.67, 103.0, 564.33, 103.0, 589.0, 103.0, 589.0, 118.0, 564.12, 119.83, 539.25, 118.31, 515.0, 118.0]
rec: andBurger................
text_instance: 3
bbox: [254, 51, 208, 87]
bezier_pts: [254.0, 78.0, 321.31, 33.61, 413.3, 23.94, 461.0, 101.0, 439.0, 137.0, 385.52, 93.48, 333.11, 108.62, 274.0, 134.0]
rec: Grinder..................
