text_instance: 0
bbox: [243, 261, 124, 33]
bezier_pts: [246.0, 278.0, 285.43, 259.53, 325.12, 255.48, 366.0, 266.0, 357.0, 291.0, 320.81, 268.63, 279.26, 279.95, 243.0, 293.0]
rec: CUAHANGTRAICAT...........
text_instance: 1
bbox: [584, 250, 147, 42]
bezier_pts: [584.0, 264.0, 631.88, 247.33, 682.12, 245.33, 730.0, 258.0, 716.0, 278.0, 672.05, 268.5, 630.13, 268.08, 589.0, 291.0]
rec: CUAHANGTRAICAT...........
text_instance: 2
bbox: [1011, 235, 179, 44]
bezier_pts: [1011.0, 246.0, 1070.35, 232.12, 1130.74, 235.81, 1189.0, 241.0, 1180.0, 269.0, 1123.97, 265.36, 1074.22, 256.45, 1020.0, 278.0]
rec: CUAHANGTRAICAT...........
text_instance: 3
bbox: [12, 261, 69, 48]
bezier_pts: [12.0, 261.0, 34.67, 270.67, 57.33, 280.33, 80.0, 290.0, 76.0, 308.0, 55.67, 301.33, 35.33, 294.67, 15.0, 288.0]
rec: THAICAY..................
text_instance: 4
bbox: [4, 305, 82, 29]
bezier_pts: [7.0, 305.0, 32.0, 305.67, 57.0, 306.33, 82.0, 307.0, 85.0, 331.0, 58.67, 332.57, 30.98, 333.76, 4.0, 332.0]
rec: GYEN.....................
