text_instance: 0
bbox: [314, 123, 103, 49]
bezier_pts: [314.0, 123.0, 348.0, 123.0, 382.0, 123.0, 416.0, 123.0, 416.0, 170.0, 382.0, 170.0, 348.0, 170.0, 314.0, 170.0]
rec: Out......................
text_instance: 1
bbox: [179, 1104, 107, 37]
bezier_pts: [179.0, 1104.0, 214.33, 1104.0, 249.67, 1104.0, 285.0, 1104.0, 285.0, 1139.0, 249.67, 1139.0, 214.33, 1139.0, 179.0, 1139.0]
rec: MEAT.....................
text_instance: 2
bbox: [158, 1059, 157, 50]
bezier_pts: [158.0, 1059.0, 210.0, 1059.0, 262.0, 1059.0, 314.0, 1059.0, 314.0, 1106.0, 262.5, 1108.57, 210.51, 1108.62, 158.0, 1106.0]
rec: SMOKE....................
text_instance: 3
bbox: [164, 113, 143, 59]
bezier_pts: [164.0, 113.0, 211.33, 113.0, 258.67, 113.0, 306.0, 113.0, 306.0, 171.0, 258.67, 171.0, 211.33, 171.0, 164.0, 171.0]
rec: Take.....................
text_instance: 4
bbox: [146, 1145, 96, 47]
bezier_pts: [146.0, 1145.0, 177.67, 1145.0, 209.33, 1145.0, 241.0, 1145.0, 241.0, 1188.0, 209.8, 1188.72, 178.11, 1188.78, 146.0, 1188.0]
rec: EVERY....................
text_instance: 5
bbox: [199, 936, 121, 57]
bezier_pts: [199.0, 974.0, 228.5, 920.13, 288.23, 921.97, 319.0, 973.0, 297.0, 992.0, 279.08, 946.35, 245.58, 956.63, 217.0, 988.0]
rec: PARALLEL.................
text_instance: 6
bbox: [255, 1151, 59, 51]
bezier_pts: [255.0, 1154.0, 274.33, 1153.0, 293.67, 1152.0, 313.0, 1151.0, 301.0, 1199.0, 287.67, 1200.3, 274.33, 1200.91, 261.0, 1201.0]
rec: DAY......................
text_instance: 7
bbox: [210, 1000, 46, 40]
bezier_pts: [226.0, 1000.0, 228.16, 1014.42, 238.96, 1024.71, 255.0, 1025.0, 255.0, 1039.0, 234.06, 1037.91, 217.5, 1025.75, 210.0, 1007.0]
rec: BREWING..................
text_instance: 8
bbox: [261, 997, 49, 43]
bezier_pts: [262.0, 1022.0, 277.92, 1020.24, 283.55, 1014.26, 288.0, 997.0, 309.0, 1009.0, 293.28, 1020.26, 278.07, 1031.27, 261.0, 1039.0]
rec: COMPANY..................
text_instance: 9
bbox: [233, 969, 49, 50]
bezier_pts: [237.0, 971.0, 251.85, 967.65, 265.8, 966.81, 281.0, 971.0, 281.0, 1016.0, 265.0, 1017.58, 249.0, 1016.84, 233.0, 1017.0]
rec: 49.......................
text_instance: 10
bbox: [153, 1209, 63, 17]
bezier_pts: [156.0, 1209.0, 175.67, 1209.0, 195.33, 1209.0, 215.0, 1209.0, 215.0, 1223.0, 194.29, 1225.0, 174.33, 1226.05, 153.0, 1224.0]
rec: PARALLEL.................
text_instance: 11
bbox: [216, 1211, 20, 14]
bezier_pts: [217.0, 1212.0, 222.33, 1209.89, 227.67, 1211.33, 233.0, 1211.0, 235.0, 1224.0, 228.67, 1224.0, 222.33, 1224.0, 216.0, 1224.0]
rec: 49.......................
text_instance: 12
bbox: [235, 1210, 56, 16]
bezier_pts: [235.0, 1211.0, 252.67, 1210.67, 270.33, 1210.33, 288.0, 1210.0, 290.0, 1225.0, 272.0, 1225.0, 254.0, 1225.0, 236.0, 1225.0]
rec: BREWING..................
text_instance: 13
bbox: [289, 1211, 59, 15]
bezier_pts: [290.0, 1211.0, 309.19, 1211.24, 328.8, 1210.08, 347.0, 1212.0, 347.0, 1225.0, 327.67, 1224.67, 308.33, 1224.33, 289.0, 1224.0]
rec: COMPANY..................
