text_instance: 0
bbox: [600, 86, 454, 142]
bezier_pts: [600.0, 156.0, 750.97, 41.51, 920.38, 72.59, 1053.0, 174.0, 1016.0, 227.0, 899.34, 132.41, 752.01, 120.15, 636.0, 216.0]
rec: GENESEA..................
text_instance: 1
bbox: [538, 228, 300, 65]
bezier_pts: [538.0, 228.0, 636.0, 230.33, 734.0, 232.67, 832.0, 235.0, 837.0, 292.0, 739.97, 291.95, 642.46, 290.98, 547.0, 289.0]
rec: Historic.................
text_instance: 2
bbox: [853, 235, 248, 82]
bezier_pts: [853.0, 235.0, 934.33, 237.67, 1015.67, 240.33, 1097.0, 243.0, 1100.0, 316.0, 1017.72, 313.66, 935.71, 308.32, 854.0, 300.0]
rec: Village..................
text_instance: 3
bbox: [634, 324, 164, 48]
bezier_pts: [640.0, 324.0, 692.33, 324.33, 744.67, 324.67, 797.0, 325.0, 797.0, 367.0, 742.67, 368.0, 688.33, 369.0, 634.0, 370.0]
rec: Main.....................
text_instance: 4
bbox: [806, 325, 204, 52]
bezier_pts: [817.0, 325.0, 881.0, 326.0, 945.0, 327.0, 1009.0, 328.0, 1006.0, 376.0, 939.46, 376.37, 871.56, 375.18, 806.0, 375.0]
rec: Street...................
text_instance: 5
bbox: [554, 379, 276, 53]
bezier_pts: [559.0, 379.0, 649.0, 380.0, 739.0, 381.0, 829.0, 382.0, 826.0, 430.0, 735.57, 429.32, 645.67, 428.07, 554.0, 426.0]
rec: Business.................
text_instance: 6
bbox: [842, 388, 252, 41]
bezier_pts: [842.0, 388.0, 925.67, 388.0, 1009.33, 388.0, 1093.0, 388.0, 1087.0, 426.0, 1006.06, 428.24, 925.83, 427.67, 845.0, 424.0]
rec: District.................
text_instance: 7
bbox: [665, 537, 147, 46]
bezier_pts: [665.0, 537.0, 713.67, 539.0, 762.33, 541.0, 811.0, 543.0, 809.0, 577.0, 765.67, 578.67, 722.33, 580.33, 679.0, 582.0]
rec: State....................
text_instance: 8
bbox: [815, 540, 271, 54]
bezier_pts: [821.0, 540.0, 909.0, 540.33, 997.0, 540.67, 1085.0, 541.0, 1082.0, 592.0, 993.0, 591.67, 904.0, 591.33, 815.0, 591.0]
rec: University...............
text_instance: 9
bbox: [682, 591, 142, 39]
bezier_pts: [683.0, 591.0, 729.67, 591.0, 776.33, 591.0, 823.0, 591.0, 820.0, 628.0, 774.0, 627.0, 728.0, 626.0, 682.0, 625.0]
rec: MAIN.....................
text_instance: 10
bbox: [828, 586, 255, 45]
bezier_pts: [828.0, 586.0, 912.67, 588.67, 997.33, 591.33, 1082.0, 594.0, 1078.0, 630.0, 996.67, 628.21, 913.5, 626.94, 830.0, 622.0]
rec: ENTRANCE.................
text_instance: 11
bbox: [53, 248, 36, 17]
bezier_pts: [53.0, 248.0, 64.77, 247.71, 77.06, 248.64, 88.0, 252.0, 87.0, 263.0, 75.74, 263.97, 64.26, 263.3, 53.0, 261.0]
rec: ONLY.....................
