text_instance: 0
bbox: [274, 511, 351, 123]
bezier_pts: [274.0, 565.0, 382.17, 472.46, 515.14, 487.49, 624.0, 563.0, 592.0, 630.0, 499.19, 583.9, 391.19, 568.91, 300.0, 633.0]
rec: BELIEVE..................
text_instance: 1
bbox: [287, 652, 318, 123]
bezier_pts: [311.0, 655.0, 395.77, 697.39, 483.17, 691.76, 566.0, 652.0, 604.0, 739.0, 502.81, 783.96, 388.32, 784.18, 287.0, 731.0]
rec: LEAVE....................
text_instance: 2
bbox: [389, 616, 87, 54]
bezier_pts: [389.0, 617.0, 418.61, 615.61, 447.06, 613.95, 475.0, 618.0, 473.0, 669.0, 445.33, 669.0, 417.67, 669.0, 390.0, 669.0]
rec: OR.......................
