text_instance: 0
bbox: [82, 123, 112, 53]
bezier_pts: [82.0, 123.0, 125.56, 122.22, 164.04, 122.83, 193.0, 155.0, 180.0, 175.0, 151.79, 157.24, 120.62, 143.09, 88.0, 149.0]
rec: HOTEL....................
text_instance: 1
bbox: [114, 145, 39, 26]
bezier_pts: [119.0, 145.0, 129.33, 147.33, 139.67, 149.67, 150.0, 152.0, 152.0, 169.0, 138.78, 169.53, 126.01, 167.39, 114.0, 163.0]
rec: DER......................
text_instance: 2
bbox: [71, 149, 65, 39]
bezier_pts: [71.0, 149.0, 92.33, 154.0, 113.67, 159.0, 135.0, 164.0, 133.0, 187.0, 112.33, 182.67, 91.67, 178.33, 71.0, 174.0]
rec: KLEINE...................
text_instance: 3
bbox: [135, 167, 57, 36]
bezier_pts: [142.0, 167.0, 158.33, 171.0, 174.67, 175.0, 191.0, 179.0, 188.0, 202.0, 170.33, 198.67, 152.67, 195.33, 135.0, 192.0]
rec: PRINZ....................
