text_instance: 0
bbox: [197, 762, 80, 24]
bezier_pts: [197.0, 762.0, 223.33, 762.0, 249.67, 762.0, 276.0, 762.0, 276.0, 784.0, 248.87, 783.94, 223.87, 784.21, 197.0, 784.0]
rec: nothing..................
text_instance: 1
bbox: [285, 782, 46, 22]
bezier_pts: [285.0, 782.0, 300.0, 782.0, 315.0, 782.0, 330.0, 782.0, 330.0, 802.0, 315.0, 802.0, 300.0, 802.0, 285.0, 802.0]
rec: Red......................
text_instance: 2
bbox: [269, 396, 55, 64]
bezier_pts: [269.0, 441.0, 279.17, 424.51, 289.57, 408.24, 304.0, 396.0, 323.0, 421.0, 298.88, 422.56, 296.75, 437.19, 295.0, 459.0]
rec: RED......................
text_instance: 3
bbox: [317, 391, 78, 61]
bezier_pts: [319.0, 391.0, 353.48, 394.62, 382.78, 413.58, 394.0, 450.0, 371.0, 451.0, 365.83, 424.69, 344.88, 410.61, 317.0, 418.0]
rec: TRUCK....................
text_instance: 4
bbox: [298, 477, 73, 32]
bezier_pts: [298.0, 480.0, 318.33, 479.0, 338.67, 478.0, 359.0, 477.0, 370.0, 495.0, 346.18, 499.32, 322.13, 500.71, 298.0, 499.0]
rec: BEER.....................
text_instance: 5
bbox: [193, 504, 193, 109]
bezier_pts: [200.0, 504.0, 258.33, 506.81, 313.35, 525.53, 373.0, 535.0, 385.0, 612.0, 321.0, 611.0, 257.0, 610.0, 193.0, 609.0]
rec: Monday...................
text_instance: 6
bbox: [182, 597, 178, 97]
bezier_pts: [182.0, 615.0, 234.94, 606.89, 281.57, 595.41, 335.0, 597.0, 359.0, 667.0, 304.67, 675.67, 250.33, 684.33, 196.0, 693.0]
rec: better...................
text_instance: 7
bbox: [361, 591, 107, 65]
bezier_pts: [361.0, 618.0, 384.07, 598.55, 414.14, 595.96, 443.0, 591.0, 467.0, 655.0, 433.67, 654.67, 400.33, 654.33, 367.0, 654.0]
rec: with.....................
text_instance: 8
bbox: [187, 687, 146, 69]
bezier_pts: [187.0, 699.0, 232.69, 685.79, 282.65, 689.54, 331.0, 687.0, 332.0, 739.0, 289.22, 746.96, 246.41, 751.95, 203.0, 754.0]
rec: BeeR.....................
text_instance: 9
bbox: [284, 760, 72, 25]
bezier_pts: [284.0, 762.0, 307.67, 761.33, 331.33, 760.67, 355.0, 760.0, 353.0, 781.0, 331.0, 782.0, 309.0, 783.0, 287.0, 784.0]
rec: delivers.................
text_instance: 10
bbox: [331, 780, 62, 23]
bezier_pts: [334.0, 780.0, 353.33, 780.0, 372.67, 780.0, 392.0, 780.0, 389.0, 802.0, 369.67, 801.0, 350.33, 800.0, 331.0, 799.0]
rec: Truck....................
text_instance: 11
bbox: [389, 514, 73, 78]
bezier_pts: [392.0, 514.0, 410.67, 516.67, 429.33, 519.33, 448.0, 522.0, 461.0, 591.0, 437.0, 590.67, 413.0, 590.33, 389.0, 590.0]
rec: is.......................
text_instance: 12
bbox: [225, 787, 45, 17]
bezier_pts: [227.0, 787.0, 241.0, 787.33, 255.0, 787.67, 269.0, 788.0, 266.0, 802.0, 252.96, 803.46, 238.1, 802.86, 225.0, 803.0]
rec: like.....................
