text_instance: 0
bbox: [37, 207, 82, 30]
bezier_pts: [37.0, 207.0, 64.0, 207.0, 91.0, 207.0, 118.0, 207.0, 118.0, 236.0, 91.0, 236.0, 64.0, 236.0, 37.0, 236.0]
rec: Corner...................
text_instance: 1
bbox: [344, 111, 16, 65]
bezier_pts: [347.0, 114.0, 342.34, 133.31, 346.83, 154.2, 344.0, 174.0, 357.0, 175.0, 360.47, 153.92, 360.73, 131.86, 357.0, 111.0]
rec: SHAWARMA.................
text_instance: 2
bbox: [271, 191, 156, 53]
bezier_pts: [271.0, 210.0, 319.14, 179.41, 379.68, 187.85, 426.0, 214.0, 406.0, 243.0, 364.53, 213.5, 316.98, 225.61, 274.0, 242.0]
rec: MENU.....................
text_instance: 3
bbox: [290, 232, 79, 17]
bezier_pts: [295.0, 232.0, 319.0, 233.33, 343.0, 234.67, 367.0, 236.0, 368.0, 248.0, 341.57, 247.89, 315.86, 247.1, 290.0, 245.0]
rec: Mediterranean............
text_instance: 4
bbox: [367, 235, 29, 15]
bezier_pts: [369.0, 235.0, 377.67, 235.0, 386.33, 235.0, 395.0, 235.0, 395.0, 249.0, 385.67, 249.22, 376.33, 248.56, 367.0, 247.0]
rec: Food.....................
