text_instance: 0
bbox: [92, 173, 49, 45]
bezier_pts: [92.0, 201.0, 107.0, 187.96, 122.86, 181.92, 140.0, 173.0, 140.0, 190.0, 125.66, 195.26, 112.23, 205.2, 102.0, 217.0]
rec: PRIRODNI.................
text_instance: 1
bbox: [141, 170, 55, 24]
bezier_pts: [142.0, 170.0, 159.94, 171.14, 177.03, 173.77, 195.0, 178.0, 186.0, 193.0, 171.0, 191.33, 156.0, 189.67, 141.0, 188.0]
rec: PRODUKTY.................
text_instance: 2
bbox: [82, 189, 135, 56]
bezier_pts: [82.0, 217.0, 125.33, 207.67, 168.67, 198.33, 212.0, 189.0, 216.0, 222.0, 174.27, 245.08, 125.8, 239.65, 83.0, 244.0]
rec: BABYKA...................
text_instance: 3
bbox: [89, 248, 44, 34]
bezier_pts: [94.0, 248.0, 106.67, 251.0, 119.33, 254.0, 132.0, 257.0, 128.0, 281.0, 114.7, 274.04, 100.84, 268.06, 89.0, 259.0]
rec: NATUR....................
text_instance: 4
bbox: [130, 235, 73, 44]
bezier_pts: [130.0, 259.0, 152.19, 257.71, 172.23, 255.53, 186.0, 235.0, 202.0, 242.0, 188.85, 268.69, 159.32, 278.36, 131.0, 278.0]
rec: PRODUCTS.................
text_instance: 5
bbox: [324, 144, 128, 37]
bezier_pts: [324.0, 144.0, 366.33, 149.0, 408.67, 154.0, 451.0, 159.0, 451.0, 180.0, 409.67, 175.67, 368.33, 171.33, 327.0, 167.0]
rec: VINARNA..................
text_instance: 6
bbox: [314, 252, 148, 33]
bezier_pts: [319.0, 252.0, 367.84, 254.93, 411.61, 253.87, 459.0, 261.0, 461.0, 284.0, 412.0, 282.0, 363.0, 280.0, 314.0, 278.0]
rec: KONVICE..................
