text_instance: 0
bbox: [87, 200, 166, 50]
bezier_pts: [87.0, 200.0, 140.8, 212.26, 192.57, 207.41, 243.0, 200.0, 252.0, 237.0, 197.36, 240.95, 142.87, 253.26, 88.0, 241.0]
rec: SIEGL....................
text_instance: 1
bbox: [305, 383, 135, 57]
bezier_pts: [305.0, 430.0, 343.14, 365.48, 398.35, 368.81, 439.0, 427.0, 419.0, 439.0, 391.99, 393.29, 356.09, 395.49, 327.0, 438.0]
rec: RESTAURANT...............
text_instance: 2
bbox: [301, 459, 143, 75]
bezier_pts: [318.0, 462.0, 328.03, 531.24, 421.62, 533.49, 423.0, 459.0, 443.0, 462.0, 441.33, 563.82, 317.89, 560.96, 301.0, 466.0]
rec: umEulenspiegel...........
text_instance: 3
bbox: [192, 303, 18, 24]
bezier_pts: [192.0, 303.0, 197.95, 303.11, 203.83, 302.34, 209.0, 306.0, 209.0, 325.0, 203.33, 325.0, 197.67, 325.0, 192.0, 325.0]
rec: 1........................
text_instance: 4
bbox: [209, 322, 21, 22]
bezier_pts: [209.0, 323.0, 215.67, 321.14, 222.33, 322.2, 229.0, 322.0, 229.0, 341.0, 223.67, 341.67, 218.33, 342.33, 213.0, 343.0]
rec: 2........................
text_instance: 5
bbox: [218, 348, 20, 19]
bezier_pts: [218.0, 349.0, 224.08, 347.46, 230.1, 346.98, 236.0, 349.0, 237.0, 366.0, 231.67, 366.0, 226.33, 366.0, 221.0, 366.0]
rec: 3........................
text_instance: 6
bbox: [212, 372, 20, 21]
bezier_pts: [212.0, 373.0, 218.29, 373.76, 224.77, 370.26, 231.0, 373.0, 229.0, 392.0, 223.33, 391.67, 217.67, 391.33, 212.0, 391.0]
rec: 4........................
text_instance: 7
bbox: [194, 392, 18, 21]
bezier_pts: [194.0, 395.0, 198.22, 391.24, 203.86, 393.18, 209.0, 392.0, 211.0, 410.0, 206.33, 410.67, 201.67, 411.33, 197.0, 412.0]
rec: 5........................
text_instance: 8
bbox: [169, 399, 19, 20]
bezier_pts: [169.0, 401.0, 174.11, 396.99, 180.24, 399.55, 186.0, 400.0, 187.0, 417.0, 181.35, 417.24, 175.92, 418.36, 170.0, 418.0]
rec: 6........................
text_instance: 9
bbox: [146, 394, 16, 21]
bezier_pts: [146.0, 394.0, 151.0, 394.0, 156.0, 394.0, 161.0, 394.0, 157.0, 414.0, 153.3, 413.18, 149.49, 412.41, 147.0, 409.0]
rec: 7........................
text_instance: 10
bbox: [126, 381, 19, 20]
bezier_pts: [126.0, 381.0, 131.0, 381.0, 136.0, 381.0, 141.0, 381.0, 144.0, 399.0, 138.26, 399.93, 132.53, 399.97, 127.0, 399.0]
rec: 8........................
text_instance: 11
bbox: [117, 353, 18, 18]
bezier_pts: [117.0, 354.0, 122.0, 353.67, 127.0, 353.33, 132.0, 353.0, 134.0, 370.0, 128.33, 370.0, 122.67, 370.0, 117.0, 370.0]
rec: 9........................
text_instance: 12
bbox: [123, 327, 20, 18]
bezier_pts: [124.0, 327.0, 129.33, 327.0, 134.67, 327.0, 140.0, 327.0, 142.0, 344.0, 135.67, 344.0, 129.33, 344.0, 123.0, 344.0]
rec: 10.......................
text_instance: 13
bbox: [138, 309, 20, 22]
bezier_pts: [138.0, 311.0, 144.0, 310.33, 150.0, 309.67, 156.0, 309.0, 157.0, 328.0, 151.27, 329.17, 145.57, 329.84, 140.0, 329.0]
rec: 11.......................
text_instance: 14
bbox: [160, 301, 14, 20]
bezier_pts: [160.0, 301.0, 164.0, 301.0, 168.0, 301.0, 172.0, 301.0, 173.0, 319.0, 169.67, 319.33, 166.33, 319.67, 163.0, 320.0]
rec: 1........................
