text_instance: 0
bbox: [74, 121, 169, 92]
bezier_pts: [74.0, 144.0, 127.2, 117.59, 187.06, 135.46, 242.0, 121.0, 242.0, 162.0, 188.39, 168.59, 143.32, 185.12, 96.0, 212.0]
rec: Blue.....................
text_instance: 1
bbox: [262, 93, 190, 115]
bezier_pts: [302.0, 93.0, 350.57, 110.93, 434.72, 108.41, 451.0, 177.0, 434.0, 207.0, 381.21, 177.48, 320.68, 171.56, 262.0, 154.0]
rec: Lake.....................
text_instance: 2
bbox: [81, 333, 354, 45]
bezier_pts: [81.0, 339.0, 197.67, 337.0, 314.33, 335.0, 431.0, 333.0, 434.0, 366.0, 318.62, 382.37, 203.19, 377.74, 81.0, 375.0]
rec: ESTATES..................
text_instance: 3
bbox: [560, 460, 64, 18]
bezier_pts: [561.0, 460.0, 581.67, 460.67, 602.33, 461.33, 623.0, 462.0, 623.0, 475.0, 602.38, 476.52, 580.37, 475.84, 560.0, 476.0]
rec: SBT0241..................
