text_instance: 0
bbox: [165, 290, 192, 89]
bezier_pts: [165.0, 325.0, 218.54, 307.77, 282.55, 298.84, 339.0, 290.0, 356.0, 338.0, 295.33, 351.33, 234.67, 364.67, 174.0, 378.0]
rec: BUBBA....................
text_instance: 1
bbox: [363, 281, 159, 57]
bezier_pts: [363.0, 281.0, 415.67, 283.33, 468.33, 285.67, 521.0, 288.0, 513.0, 337.0, 464.67, 337.0, 416.33, 337.0, 368.0, 337.0]
rec: GUMP.....................
text_instance: 2
bbox: [225, 354, 140, 46]
bezier_pts: [225.0, 375.0, 269.55, 363.55, 317.66, 354.77, 364.0, 354.0, 355.0, 375.0, 313.0, 383.0, 271.0, 391.0, 229.0, 399.0]
rec: SHRIMP...................
text_instance: 3
bbox: [185, 376, 156, 94]
bezier_pts: [202.0, 376.0, 235.91, 422.71, 280.41, 451.04, 340.0, 449.0, 333.0, 469.0, 270.65, 466.52, 219.29, 443.8, 185.0, 391.0]
rec: RESTAURANT...............
text_instance: 4
bbox: [426, 344, 83, 101]
bezier_pts: [426.0, 422.0, 460.68, 409.58, 482.08, 379.96, 491.0, 344.0, 508.0, 351.0, 493.82, 389.15, 467.08, 423.11, 434.0, 444.0]
rec: MARKET...................
text_instance: 5
bbox: [419, 347, 56, 23]
bezier_pts: [419.0, 347.0, 437.0, 347.0, 455.0, 347.0, 473.0, 347.0, 474.0, 366.0, 457.67, 367.0, 441.33, 368.0, 425.0, 369.0]
rec: CO.......................
text_instance: 6
bbox: [481, 420, 22, 16]
bezier_pts: [481.0, 422.0, 487.67, 420.82, 494.33, 419.75, 501.0, 420.0, 502.0, 432.0, 495.67, 433.0, 489.33, 434.0, 483.0, 435.0]
rec: TM.......................
