text_instance: 0
bbox: [52, 77, 60, 52]
bezier_pts: [52.0, 99.0, 70.49, 87.98, 89.21, 77.75, 111.0, 77.0, 105.0, 99.0, 82.6, 98.76, 68.31, 113.95, 53.0, 128.0]
rec: HARCHT...................
text_instance: 1
bbox: [131, 11, 137, 95]
bezier_pts: [143.0, 74.0, 191.38, 70.65, 231.05, 40.74, 266.0, 11.0, 267.0, 48.0, 229.83, 80.71, 184.72, 118.21, 131.0, 101.0]
rec: ASHBURY..................
text_instance: 2
bbox: [71, 89, 40, 37]
bezier_pts: [72.0, 114.0, 84.0, 105.67, 96.0, 97.33, 108.0, 89.0, 110.0, 99.0, 100.57, 113.06, 87.73, 122.75, 71.0, 125.0]
rec: TATTOO...................
text_instance: 3
bbox: [125, 40, 64, 52]
bezier_pts: [125.0, 78.0, 145.67, 65.33, 166.33, 52.67, 187.0, 40.0, 188.0, 54.0, 172.74, 74.63, 148.16, 80.15, 127.0, 91.0]
rec: PIERCING.................
text_instance: 4
bbox: [161, 138, 15, 76]
bezier_pts: [161.0, 139.0, 160.05, 162.95, 163.84, 187.73, 161.0, 213.0, 174.0, 213.0, 176.92, 187.1, 171.92, 164.12, 175.0, 138.0]
rec: TAT......................
