text_instance: 0
bbox: [73, 72, 77, 40]
bezier_pts: [79.0, 72.0, 102.33, 72.0, 125.67, 72.0, 149.0, 72.0, 149.0, 110.0, 123.78, 111.94, 98.32, 110.94, 73.0, 107.0]
rec: umpa.....................
text_instance: 1
bbox: [56, 471, 156, 62]
bezier_pts: [56.0, 483.0, 107.67, 479.0, 159.33, 475.0, 211.0, 471.0, 205.0, 513.0, 157.0, 519.33, 109.0, 525.67, 61.0, 532.0]
rec: COFFEE...................
text_instance: 2
bbox: [56, 601, 112, 120]
bezier_pts: [56.0, 690.0, 69.57, 644.46, 104.25, 601.5, 157.0, 601.0, 167.0, 688.0, 134.2, 701.55, 100.58, 712.32, 66.0, 720.0]
rec: WHAT.....................
text_instance: 3
bbox: [70, 682, 127, 109]
bezier_pts: [70.0, 722.0, 108.0, 708.67, 146.0, 695.33, 184.0, 682.0, 196.0, 758.0, 160.75, 780.04, 115.77, 799.3, 75.0, 785.0]
rec: GREAT....................
text_instance: 4
bbox: [109, 749, 124, 63]
bezier_pts: [109.0, 780.0, 151.54, 796.65, 189.31, 759.35, 225.0, 749.0, 232.0, 780.0, 195.05, 804.75, 156.02, 814.74, 112.0, 808.0]
rec: TOBEALIVED...............
text_instance: 5
bbox: [82, 825, 75, 55]
bezier_pts: [82.0, 845.0, 105.0, 838.33, 128.0, 831.67, 151.0, 825.0, 156.0, 864.0, 131.33, 869.0, 106.67, 874.0, 82.0, 879.0]
rec: SWEET....................
text_instance: 6
bbox: [77, 845, 142, 77]
bezier_pts: [77.0, 882.0, 122.0, 869.67, 167.0, 857.33, 212.0, 845.0, 218.0, 886.0, 176.97, 898.46, 132.98, 909.8, 91.0, 921.0]
rec: GOOD.....................
text_instance: 7
bbox: [86, 888, 136, 80]
bezier_pts: [86.0, 928.0, 126.76, 912.26, 173.17, 900.88, 216.0, 888.0, 221.0, 917.0, 184.74, 936.46, 147.44, 953.21, 109.0, 967.0]
rec: Straight.................
text_instance: 8
bbox: [167, 905, 89, 64]
bezier_pts: [172.0, 942.0, 197.21, 927.51, 222.98, 914.95, 251.0, 905.0, 255.0, 933.0, 225.82, 945.32, 196.36, 956.95, 167.0, 968.0]
rec: Ahead....................
text_instance: 9
bbox: [106, 519, 64, 21]
bezier_pts: [107.0, 525.0, 125.35, 522.65, 146.95, 519.09, 165.0, 520.0, 169.0, 535.0, 147.93, 538.18, 126.43, 539.23, 106.0, 538.0]
rec: COMPANY..................
text_instance: 10
bbox: [151, 808, 74, 53]
bezier_pts: [151.0, 826.0, 171.67, 820.0, 192.33, 814.0, 213.0, 808.0, 224.0, 843.0, 202.52, 850.84, 179.87, 855.0, 157.0, 860.0]
rec: TREATS...................
text_instance: 11
bbox: [145, 850, 73, 55]
bezier_pts: [145.0, 867.0, 163.67, 858.82, 184.07, 852.65, 203.0, 850.0, 217.0, 886.0, 195.67, 894.67, 174.33, 900.67, 153.0, 904.0]
rec: EATS.....................
text_instance: 12
bbox: [160, 600, 70, 82]
bezier_pts: [160.0, 606.0, 177.33, 604.0, 194.67, 602.0, 212.0, 600.0, 229.0, 667.0, 209.67, 671.67, 190.33, 676.33, 171.0, 681.0]
rec: A........................
text_instance: 13
bbox: [2, 69, 29, 35]
bezier_pts: [3.0, 71.0, 9.67, 69.68, 16.33, 67.97, 23.0, 70.0, 30.0, 102.0, 20.67, 102.33, 11.33, 102.67, 2.0, 103.0]
rec: e........................
text_instance: 14
bbox: [95, 459, 61, 18]
bezier_pts: [95.0, 465.0, 114.0, 463.0, 133.0, 461.0, 152.0, 459.0, 155.0, 473.0, 135.96, 474.42, 117.1, 476.69, 98.0, 476.0]
rec: CAPILANO.................
