text_instance: 0
bbox: [116, 162, 34, 15]
bezier_pts: [116.0, 162.0, 127.0, 162.0, 138.0, 162.0, 149.0, 162.0, 149.0, 174.0, 137.55, 175.95, 127.51, 175.86, 116.0, 174.0]
rec: Trunng...................
text_instance: 1
bbox: [119, 196, 80, 25]
bezier_pts: [119.0, 196.0, 145.33, 196.0, 171.67, 196.0, 198.0, 196.0, 198.0, 220.0, 171.67, 220.0, 145.33, 220.0, 119.0, 220.0]
rec: SauMai...................
text_instance: 2
bbox: [111, 289, 96, 27]
bezier_pts: [111.0, 289.0, 142.67, 289.0, 174.33, 289.0, 206.0, 289.0, 206.0, 312.0, 174.51, 314.75, 142.07, 314.79, 111.0, 312.0]
rec: STAR.....................
text_instance: 3
bbox: [213, 80, 70, 44]
bezier_pts: [213.0, 104.0, 232.34, 91.67, 252.74, 85.25, 274.0, 80.0, 282.0, 93.0, 262.74, 104.85, 241.8, 113.84, 220.0, 123.0]
rec: TRUONGMAUGAO.............
text_instance: 4
bbox: [218, 108, 47, 44]
bezier_pts: [218.0, 124.0, 228.0, 118.67, 238.0, 113.33, 248.0, 108.0, 264.0, 135.0, 251.0, 140.33, 238.0, 145.67, 225.0, 151.0]
rec: SAO......................
text_instance: 5
bbox: [251, 94, 42, 42]
bezier_pts: [251.0, 110.0, 261.33, 104.67, 271.67, 99.33, 282.0, 94.0, 292.0, 122.0, 282.8, 126.83, 273.29, 131.09, 264.0, 135.0]
rec: MAI......................
text_instance: 6
bbox: [289, 61, 164, 29]
bezier_pts: [289.0, 76.0, 341.49, 60.99, 397.59, 57.53, 452.0, 71.0, 450.0, 84.0, 399.24, 72.75, 342.93, 73.35, 292.0, 89.0]
rec: MORNING..................
text_instance: 7
bbox: [290, 76, 163, 35]
bezier_pts: [290.0, 85.0, 344.83, 68.3, 398.83, 71.86, 452.0, 85.0, 449.0, 107.0, 396.62, 87.43, 346.27, 100.44, 294.0, 110.0]
rec: STAR.....................
text_instance: 8
bbox: [294, 96, 77, 27]
bezier_pts: [294.0, 108.0, 319.33, 104.0, 344.67, 100.0, 370.0, 96.0, 368.0, 108.0, 344.3, 114.33, 319.2, 118.17, 295.0, 122.0]
rec: International............
text_instance: 9
bbox: [368, 95, 81, 23]
bezier_pts: [368.0, 95.0, 394.67, 97.67, 421.33, 100.33, 448.0, 103.0, 443.0, 117.0, 418.0, 114.67, 393.0, 112.33, 368.0, 110.0]
rec: Kindergarden.............
text_instance: 10
bbox: [139, 180, 40, 16]
bezier_pts: [139.0, 181.0, 152.0, 180.67, 165.0, 180.33, 178.0, 180.0, 178.0, 194.0, 165.45, 195.58, 152.68, 194.83, 140.0, 195.0]
rec: TuThuc...................
text_instance: 11
bbox: [153, 160, 50, 18]
bezier_pts: [153.0, 161.0, 169.33, 160.67, 185.67, 160.33, 202.0, 160.0, 202.0, 177.0, 185.67, 177.0, 169.33, 177.0, 153.0, 177.0]
rec: MamNon...................
