text_instance: 0
bbox: [152, 778, 351, 814]
bezier_pts: [152.0, 1579.0, 154.06, 1275.64, 165.06, 957.0, 471.0, 778.0, 502.0, 842.0, 272.26, 1033.04, 247.4, 1314.02, 256.0, 1591.0]
rec: HISTORIC.................
text_instance: 1
bbox: [593, 729, 464, 971]
bezier_pts: [595.0, 729.0, 957.47, 939.85, 1093.2, 1312.39, 1056.0, 1699.0, 971.0, 1683.0, 1014.23, 1341.71, 919.21, 1022.4, 593.0, 834.0]
rec: LIGHTHOUSE...............
text_instance: 2
bbox: [59, 1880, 667, 301]
bezier_pts: [59.0, 2045.0, 265.19, 1938.2, 496.38, 1866.22, 725.0, 1880.0, 717.0, 2014.0, 502.57, 1986.61, 313.55, 2058.43, 143.0, 2180.0]
rec: GRAND....................
text_instance: 3
bbox: [769, 1872, 389, 310]
bezier_pts: [771.0, 1872.0, 919.78, 1885.76, 1042.9, 1995.06, 1157.0, 2087.0, 1122.0, 2181.0, 1022.45, 2079.09, 900.08, 2039.71, 769.0, 2012.0]
rec: TURK.....................
text_instance: 4
bbox: [429, 2175, 180, 150]
bezier_pts: [469.0, 2175.0, 515.33, 2203.0, 561.67, 2231.0, 608.0, 2259.0, 589.0, 2324.0, 534.19, 2297.08, 481.0, 2267.21, 429.0, 2235.0]
rec: EST......................
text_instance: 5
bbox: [659, 2170, 211, 159]
bezier_pts: [659.0, 2258.0, 717.33, 2228.67, 775.67, 2199.33, 834.0, 2170.0, 869.0, 2221.0, 818.03, 2278.14, 743.31, 2318.44, 667.0, 2328.0]
rec: 1852.....................
