text_instance: 0
bbox: [926, 740, 157, 61]
bezier_pts: [932.0, 740.0, 974.76, 763.84, 1024.69, 770.6, 1072.0, 745.0, 1082.0, 785.0, 1032.58, 805.15, 977.03, 809.48, 926.0, 782.0]
rec: HOTEL....................
text_instance: 1
bbox: [871, 760, 118, 83]
bezier_pts: [893.0, 760.0, 924.67, 773.33, 956.33, 786.67, 988.0, 800.0, 967.0, 842.0, 933.66, 827.46, 901.66, 809.89, 871.0, 790.0]
rec: SAINT....................
text_instance: 2
bbox: [997, 761, 143, 84]
bezier_pts: [998.0, 803.0, 1041.91, 809.76, 1082.57, 792.34, 1111.0, 761.0, 1139.0, 797.0, 1099.73, 826.82, 1049.41, 845.38, 997.0, 844.0]
rec: MARTIN...................
