text_instance: 0
bbox: [651, 50, 79, 53]
bezier_pts: [651.0, 50.0, 677.0, 55.67, 703.0, 61.33, 729.0, 67.0, 726.0, 102.0, 702.67, 97.33, 679.33, 92.67, 656.0, 88.0]
rec: BEN......................
text_instance: 1
bbox: [730, 76, 123, 57]
bezier_pts: [736.0, 76.0, 774.0, 83.0, 812.0, 90.0, 850.0, 97.0, 852.0, 132.0, 811.33, 125.33, 770.67, 118.67, 730.0, 112.0]
rec: THANH....................
text_instance: 2
bbox: [12, 82, 503, 154]
bezier_pts: [12.0, 82.0, 176.31, 94.03, 345.51, 111.59, 510.0, 131.0, 514.0, 235.0, 350.77, 231.99, 186.89, 226.89, 23.0, 220.0]
rec: m........................
text_instance: 3
bbox: [546, 132, 378, 160]
bezier_pts: [546.0, 132.0, 674.44, 155.27, 792.55, 181.47, 918.0, 205.0, 923.0, 291.0, 801.69, 280.66, 681.23, 267.02, 559.0, 252.0]
rec: FOOD.....................
text_instance: 4
bbox: [958, 217, 312, 176]
bezier_pts: [961.0, 217.0, 1060.0, 243.33, 1159.0, 269.67, 1258.0, 296.0, 1269.0, 392.0, 1165.33, 364.67, 1061.67, 337.33, 958.0, 310.0]
rec: MARK.....................
text_instance: 5
bbox: [697, 367, 236, 73]
bezier_pts: [698.0, 367.0, 774.33, 373.33, 850.67, 379.67, 927.0, 386.0, 932.0, 439.0, 853.67, 433.0, 775.33, 427.0, 697.0, 421.0]
rec: AUTHENTIC................
