text_instance: 0
bbox: [220, 339, 247, 79]
bezier_pts: [220.0, 388.0, 295.36, 328.61, 379.49, 322.47, 466.0, 357.0, 457.0, 387.0, 380.91, 353.48, 298.2, 359.44, 235.0, 417.0]
rec: ENTERTAINMENT............
text_instance: 1
bbox: [462, 363, 82, 85]
bezier_pts: [477.0, 363.0, 499.0, 381.33, 521.0, 399.67, 543.0, 418.0, 519.0, 447.0, 500.0, 428.33, 481.0, 409.67, 462.0, 391.0]
rec: HALL.....................
text_instance: 2
bbox: [535, 490, 46, 87]
bezier_pts: [573.0, 490.0, 578.98, 517.65, 580.39, 545.98, 580.0, 576.0, 555.0, 571.0, 545.5, 544.88, 563.87, 515.43, 535.0, 493.0]
rec: FAME.....................
text_instance: 3
bbox: [295, 422, 93, 50]
bezier_pts: [295.0, 435.0, 324.2, 424.35, 356.45, 420.07, 387.0, 423.0, 384.0, 454.0, 358.0, 459.67, 332.0, 465.33, 306.0, 471.0]
rec: BOB......................
text_instance: 4
bbox: [394, 423, 93, 91]
bezier_pts: [405.0, 423.0, 434.62, 440.17, 465.41, 459.25, 486.0, 489.0, 460.0, 513.0, 438.0, 494.33, 416.0, 475.67, 394.0, 457.0]
rec: REID.....................
text_instance: 5
bbox: [232, 702, 153, 77]
bezier_pts: [253.0, 702.0, 292.22, 724.13, 333.81, 742.08, 381.0, 741.0, 384.0, 778.0, 331.36, 778.13, 274.26, 767.4, 232.0, 727.0]
rec: MUSIC....................
text_instance: 6
bbox: [176, 404, 51, 66]
bezier_pts: [176.0, 452.0, 187.33, 436.0, 198.67, 420.0, 210.0, 404.0, 226.0, 424.0, 216.33, 439.0, 206.67, 454.0, 197.0, 469.0]
rec: BC.......................
text_instance: 7
bbox: [523, 438, 44, 45]
bezier_pts: [548.0, 438.0, 555.98, 447.46, 560.89, 462.97, 566.0, 475.0, 536.0, 482.0, 534.46, 472.52, 520.6, 455.33, 523.0, 451.0]
rec: OF.......................
