text_instance: 0
bbox: [351, 288, 228, 66]
bezier_pts: [351.0, 288.0, 426.67, 288.0, 502.33, 288.0, 578.0, 288.0, 578.0, 353.0, 502.33, 353.0, 426.67, 353.0, 351.0, 353.0]
rec: EVENT....................
text_instance: 1
bbox: [345, 179, 130, 119]
bezier_pts: [345.0, 276.0, 369.16, 223.76, 414.19, 180.39, 474.0, 179.0, 469.0, 222.0, 415.59, 208.73, 388.74, 255.77, 376.0, 297.0]
rec: MONTHLY..................
text_instance: 2
bbox: [483, 184, 96, 111]
bezier_pts: [488.0, 184.0, 540.09, 196.48, 553.78, 238.85, 578.0, 280.0, 556.0, 294.0, 544.21, 259.71, 519.39, 227.15, 483.0, 219.0]
rec: SPECIAL..................
text_instance: 3
bbox: [352, 369, 121, 88]
bezier_pts: [369.0, 369.0, 387.59, 413.65, 425.9, 435.15, 472.0, 428.0, 472.0, 454.0, 417.45, 464.72, 377.1, 437.5, 352.0, 393.0]
rec: MONTHLY..................
text_instance: 4
bbox: [481, 374, 102, 88]
bezier_pts: [481.0, 428.0, 512.34, 425.09, 547.81, 412.42, 549.0, 374.0, 582.0, 382.0, 565.18, 424.97, 538.51, 454.45, 490.0, 461.0]
rec: SPECIAl..................
text_instance: 5
bbox: [559, 729, 74, 40]
bezier_pts: [559.0, 740.0, 581.0, 736.33, 603.0, 732.67, 625.0, 729.0, 632.0, 754.0, 607.67, 758.67, 583.33, 763.33, 559.0, 768.0]
rec: Nandos...................
text_instance: 6
bbox: [97, 482, 240, 58]
bezier_pts: [106.0, 482.0, 185.07, 484.14, 261.69, 489.58, 336.0, 503.0, 334.0, 539.0, 255.0, 531.67, 176.0, 524.33, 97.0, 517.0]
rec: SEAFOOD..................
text_instance: 7
bbox: [578, 1153, 68, 46]
bezier_pts: [578.0, 1153.0, 602.49, 1152.11, 622.82, 1167.17, 645.0, 1172.0, 638.0, 1198.0, 620.0, 1192.33, 602.0, 1186.67, 584.0, 1181.0]
rec: Give.....................
text_instance: 8
bbox: [582, 1186, 88, 50]
bezier_pts: [587.0, 1186.0, 616.29, 1189.14, 643.9, 1197.55, 669.0, 1211.0, 667.0, 1235.0, 638.67, 1225.0, 610.33, 1215.0, 582.0, 1205.0]
rec: some.....................
text_instance: 9
bbox: [566, 1195, 122, 72]
bezier_pts: [573.0, 1195.0, 611.07, 1205.92, 651.57, 1222.83, 687.0, 1238.0, 683.0, 1266.0, 644.0, 1250.33, 605.0, 1234.67, 566.0, 1219.0]
rec: Nandos...................
text_instance: 10
bbox: [645, 1173, 31, 40]
bezier_pts: [646.0, 1173.0, 656.0, 1173.31, 665.15, 1178.8, 675.0, 1182.0, 673.0, 1212.0, 663.67, 1208.0, 654.33, 1204.0, 645.0, 1200.0]
rec: it.......................
text_instance: 11
bbox: [4, 464, 22, 27]
bezier_pts: [5.0, 464.0, 11.67, 466.0, 18.33, 468.0, 25.0, 470.0, 24.0, 490.0, 16.98, 490.31, 10.21, 488.97, 4.0, 486.0]
rec: A........................
text_instance: 12
bbox: [23, 469, 76, 39]
bezier_pts: [24.0, 469.0, 49.48, 473.79, 74.47, 480.98, 98.0, 488.0, 97.0, 507.0, 72.09, 502.48, 47.12, 496.4, 23.0, 490.0]
rec: FOOD.....................
