text_instance: 0
bbox: [197, 55, 51, 29]
bezier_pts: [197.0, 55.0, 213.95, 61.01, 230.24, 58.59, 247.0, 55.0, 247.0, 83.0, 230.33, 83.0, 213.67, 83.0, 197.0, 83.0]
rec: DASRWEN..................
text_instance: 1
bbox: [196, 94, 29, 31]
bezier_pts: [196.0, 94.0, 205.33, 94.0, 214.67, 94.0, 224.0, 94.0, 224.0, 124.0, 214.67, 124.0, 205.33, 124.0, 196.0, 124.0]
rec: SEHR.....................
text_instance: 2
bbox: [37, 81, 67, 35]
bezier_pts: [37.0, 81.0, 58.5, 84.29, 80.38, 84.8, 103.0, 81.0, 102.0, 103.0, 82.25, 115.26, 61.72, 115.2, 39.0, 113.0]
rec: CHRIST...................
text_instance: 3
bbox: [108, 80, 62, 36]
bezier_pts: [108.0, 87.0, 126.86, 81.42, 149.8, 74.3, 169.0, 85.0, 162.0, 112.0, 145.8, 102.61, 128.66, 101.34, 115.0, 115.0]
rec: DIRTY....................
text_instance: 4
bbox: [109, 116, 61, 31]
bezier_pts: [109.0, 116.0, 129.0, 123.43, 149.0, 129.76, 169.0, 119.0, 169.0, 143.0, 148.53, 147.37, 128.48, 150.67, 109.0, 139.0]
rec: DEED.....................
text_instance: 5
bbox: [230, 92, 26, 26]
bezier_pts: [230.0, 98.0, 237.68, 95.17, 245.04, 93.52, 253.0, 92.0, 255.0, 103.0, 247.75, 111.46, 241.04, 111.37, 231.0, 117.0]
rec: GBL......................
