text_instance: 0
bbox: [122, 188, 163, 52]
bezier_pts: [122.0, 188.0, 176.0, 188.0, 230.0, 188.0, 284.0, 188.0, 284.0, 236.0, 229.61, 238.92, 176.18, 238.95, 122.0, 236.0]
rec: SEAFOOD..................
text_instance: 1
bbox: [124, 240, 50, 30]
bezier_pts: [124.0, 240.0, 140.33, 240.0, 156.67, 240.0, 173.0, 240.0, 173.0, 266.0, 156.23, 270.35, 139.97, 271.6, 124.0, 266.0]
rec: Bar......................
text_instance: 2
bbox: [177, 242, 103, 28]
bezier_pts: [177.0, 242.0, 211.0, 242.0, 245.0, 242.0, 279.0, 242.0, 279.0, 267.0, 245.31, 269.71, 210.69, 269.66, 177.0, 267.0]
rec: Restaurant...............
text_instance: 3
bbox: [159, 96, 42, 36]
bezier_pts: [170.0, 96.0, 176.95, 112.62, 184.39, 110.52, 198.0, 115.0, 200.0, 131.0, 183.05, 125.54, 168.9, 118.93, 159.0, 103.0]
rec: TARUA....................
text_instance: 4
bbox: [205, 100, 37, 29]
bezier_pts: [205.0, 116.0, 212.15, 111.76, 226.72, 108.24, 226.0, 100.0, 241.0, 108.0, 230.86, 116.06, 217.29, 132.94, 205.0, 127.0]
rec: SAMUI....................
