text_instance: 0
bbox: [175, 236, 90, 18]
bezier_pts: [175.0, 236.0, 204.67, 236.0, 234.33, 236.0, 264.0, 236.0, 264.0, 252.0, 234.33, 252.0, 204.67, 252.0, 175.0, 252.0]
rec: GRESHAM..................
text_instance: 1
bbox: [195, 184, 104, 34]
bezier_pts: [195.0, 192.0, 228.16, 177.04, 263.62, 185.81, 298.0, 190.0, 290.0, 211.0, 263.0, 213.0, 236.0, 215.0, 209.0, 217.0]
rec: YOUNG....................
text_instance: 2
bbox: [305, 188, 123, 78]
bezier_pts: [310.0, 188.0, 353.08, 200.96, 395.61, 220.44, 427.0, 253.0, 404.0, 265.0, 376.78, 234.18, 342.27, 224.69, 305.0, 215.0]
rec: POTTERY..................
text_instance: 3
bbox: [270, 238, 38, 17]
bezier_pts: [270.0, 238.0, 281.67, 238.0, 293.33, 238.0, 305.0, 238.0, 307.0, 254.0, 295.67, 254.0, 284.33, 254.0, 273.0, 254.0]
rec: NOR......................
text_instance: 4
bbox: [308, 235, 48, 21]
bezier_pts: [308.0, 236.0, 323.33, 235.67, 338.67, 235.33, 354.0, 235.0, 355.0, 250.0, 339.59, 254.05, 324.18, 254.52, 308.0, 254.0]
rec: FOLK.....................
text_instance: 5
bbox: [99, 236, 32, 29]
bezier_pts: [99.0, 246.0, 104.5, 240.92, 112.09, 238.98, 119.0, 236.0, 130.0, 253.0, 123.0, 256.67, 116.0, 260.33, 109.0, 264.0]
rec: A........................
text_instance: 6
bbox: [164, 200, 25, 33]
bezier_pts: [164.0, 209.0, 167.75, 203.87, 174.14, 201.09, 180.0, 200.0, 188.0, 224.0, 184.97, 228.32, 180.32, 231.18, 175.0, 232.0]
rec: J........................
text_instance: 7
bbox: [359, 467, 278, 26]
bezier_pts: [359.0, 474.0, 447.12, 455.89, 544.24, 479.13, 635.0, 475.0, 636.0, 490.0, 543.68, 491.86, 452.43, 491.64, 363.0, 490.0]
rec: www.zhongguosyzs.com.....
