text_instance: 0
bbox: [96, 558, 43, 27]
bezier_pts: [96.0, 558.0, 110.0, 558.0, 124.0, 558.0, 138.0, 558.0, 138.0, 582.0, 124.0, 582.0, 110.0, 582.0, 96.0, 582.0]
rec: CASH.....................
text_instance: 1
bbox: [496, 136, 103, 30]
bezier_pts: [496.0, 136.0, 530.0, 136.0, 564.0, 136.0, 598.0, 136.0, 598.0, 164.0, 564.58, 165.68, 529.91, 165.45, 496.0, 164.0]
rec: SENIORS..................
text_instance: 2
bbox: [55, 587, 88, 26]
bezier_pts: [59.0, 587.0, 85.33, 589.0, 111.67, 591.0, 138.0, 593.0, 142.0, 611.0, 113.0, 611.0, 84.0, 611.0, 55.0, 611.0]
rec: AFTERHOURS...............
text_instance: 3
bbox: [503, 23, 246, 64]
bezier_pts: [510.0, 37.0, 589.33, 32.33, 668.67, 27.67, 748.0, 23.0, 744.0, 63.0, 664.87, 72.55, 584.53, 79.77, 503.0, 86.0]
rec: SPECIALS.................
text_instance: 4
bbox: [501, 90, 100, 32]
bezier_pts: [512.0, 95.0, 541.33, 93.33, 570.67, 91.67, 600.0, 90.0, 595.0, 113.0, 563.76, 117.64, 532.22, 120.06, 501.0, 120.0]
rec: ADULTS...................
text_instance: 5
bbox: [497, 180, 66, 32]
bezier_pts: [497.0, 182.0, 518.67, 181.33, 540.33, 180.67, 562.0, 180.0, 560.0, 209.0, 540.33, 209.67, 520.67, 210.33, 501.0, 211.0]
rec: KIDS.....................
text_instance: 6
bbox: [703, 167, 49, 39]
bezier_pts: [703.0, 171.0, 718.67, 169.67, 734.33, 168.33, 750.0, 167.0, 751.0, 205.0, 735.33, 204.33, 719.67, 203.67, 704.0, 203.0]
rec: 999......................
text_instance: 7
bbox: [144, 265, 269, 143]
bezier_pts: [144.0, 265.0, 233.33, 266.67, 322.67, 268.33, 412.0, 270.0, 407.0, 403.0, 322.42, 404.87, 237.19, 404.89, 151.0, 403.0]
rec: Cut......................
text_instance: 8
bbox: [710, 248, 428, 174]
bezier_pts: [724.0, 257.0, 861.67, 254.0, 999.33, 251.0, 1137.0, 248.0, 1132.0, 421.0, 991.33, 418.0, 850.67, 415.0, 710.0, 412.0]
rec: Hair.....................
text_instance: 9
bbox: [126, 478, 581, 294]
bezier_pts: [126.0, 681.0, 271.72, 506.78, 490.83, 460.5, 706.0, 481.0, 703.0, 616.0, 498.29, 561.18, 328.75, 636.56, 178.0, 771.0]
rec: BARBER...................
text_instance: 10
bbox: [768, 513, 487, 402]
bezier_pts: [823.0, 513.0, 1003.09, 562.91, 1138.92, 693.15, 1254.0, 829.0, 1162.0, 914.0, 1024.36, 821.09, 921.77, 698.15, 768.0, 627.0]
rec: SHOP.....................
text_instance: 11
bbox: [63, 746, 192, 64]
bezier_pts: [68.0, 746.0, 132.2, 753.26, 188.93, 758.89, 252.0, 775.0, 254.0, 809.0, 190.27, 802.82, 126.81, 794.7, 63.0, 784.0]
rec: SPECIALS.................
text_instance: 12
bbox: [59, 796, 77, 34]
bezier_pts: [59.0, 796.0, 83.0, 799.0, 107.0, 802.0, 131.0, 805.0, 135.0, 829.0, 109.67, 824.67, 84.33, 820.33, 59.0, 816.0]
rec: ADULTS...................
text_instance: 13
bbox: [55, 836, 79, 34]
bezier_pts: [59.0, 836.0, 84.5, 838.99, 108.94, 840.77, 133.0, 847.0, 126.0, 869.0, 102.33, 866.0, 78.67, 863.0, 55.0, 860.0]
rec: SENIORS..................
text_instance: 14
bbox: [52, 869, 53, 37]
bezier_pts: [54.0, 869.0, 70.46, 871.3, 87.09, 874.48, 104.0, 879.0, 99.0, 905.0, 83.33, 904.33, 67.67, 903.67, 52.0, 903.0]
rec: KIDS.....................
text_instance: 15
bbox: [207, 892, 48, 32]
bezier_pts: [207.0, 892.0, 222.67, 893.33, 238.33, 894.67, 254.0, 896.0, 250.0, 923.0, 235.67, 923.0, 221.33, 923.0, 207.0, 923.0]
rec: 999......................
text_instance: 16
bbox: [1058, 856, 219, 75]
bezier_pts: [1058.0, 856.0, 1130.67, 866.33, 1203.33, 876.67, 1276.0, 887.0, 1272.0, 930.0, 1202.26, 922.64, 1130.68, 911.8, 1061.0, 901.0]
rec: SPECIA...................
text_instance: 17
bbox: [1056, 915, 120, 39]
bezier_pts: [1065.0, 915.0, 1101.67, 919.33, 1138.33, 923.67, 1175.0, 928.0, 1170.0, 953.0, 1132.0, 949.33, 1094.0, 945.67, 1056.0, 942.0]
rec: ADULTS...................
text_instance: 18
bbox: [1051, 961, 125, 51]
bezier_pts: [1054.0, 961.0, 1094.33, 967.33, 1134.67, 973.67, 1175.0, 980.0, 1170.0, 1011.0, 1130.33, 1004.33, 1090.67, 997.67, 1051.0, 991.0]
rec: SENIORS..................
text_instance: 19
bbox: [1051, 1011, 76, 37]
bezier_pts: [1051.0, 1011.0, 1076.0, 1014.67, 1101.0, 1018.33, 1126.0, 1022.0, 1116.0, 1047.0, 1094.67, 1044.0, 1073.33, 1041.0, 1052.0, 1038.0]
rec: KIDS.....................
text_instance: 20
bbox: [645, 670, 181, 91]
bezier_pts: [654.0, 670.0, 711.0, 675.33, 768.0, 680.67, 825.0, 686.0, 805.0, 760.0, 752.07, 754.67, 697.66, 750.09, 645.0, 742.0]
rec: BARBER...................
text_instance: 21
bbox: [618, 915, 82, 52]
bezier_pts: [623.0, 915.0, 648.33, 921.0, 673.67, 927.0, 699.0, 933.0, 697.0, 966.0, 670.24, 962.05, 643.37, 956.62, 618.0, 950.0]
rec: Shaving..................
text_instance: 22
bbox: [183, 923, 218, 121]
bezier_pts: [196.0, 923.0, 264.0, 930.0, 332.0, 937.0, 400.0, 944.0, 398.0, 1043.0, 326.22, 1036.71, 254.63, 1027.38, 183.0, 1015.0]
rec: 604......................
text_instance: 23
bbox: [450, 955, 241, 130]
bezier_pts: [459.0, 955.0, 538.56, 960.49, 613.79, 970.91, 690.0, 988.0, 685.0, 1081.0, 606.52, 1074.11, 528.09, 1064.02, 450.0, 1051.0]
rec: 685......................
text_instance: 24
bbox: [748, 993, 401, 181]
bezier_pts: [764.0, 993.0, 892.0, 1015.33, 1020.0, 1037.67, 1148.0, 1060.0, 1139.0, 1173.0, 1009.03, 1154.11, 878.48, 1132.59, 748.0, 1108.0]
rec: 6813.....................
text_instance: 25
bbox: [385, 631, 84, 129]
bezier_pts: [418.0, 631.0, 443.0, 669.62, 446.55, 711.27, 468.0, 753.0, 427.0, 759.0, 427.89, 711.65, 405.36, 675.7, 385.0, 634.0]
rec: AIRCUT...................
text_instance: 26
bbox: [802, 804, 60, 42]
bezier_pts: [816.0, 804.0, 831.0, 806.33, 846.0, 808.67, 861.0, 811.0, 856.0, 845.0, 838.0, 841.33, 820.0, 837.67, 802.0, 834.0]
rec: Skin.....................
text_instance: 27
bbox: [858, 807, 60, 43]
bezier_pts: [867.0, 807.0, 883.67, 810.67, 900.33, 814.33, 917.0, 818.0, 914.0, 849.0, 894.79, 846.31, 876.27, 841.4, 858.0, 834.0]
rec: Fade.....................
text_instance: 28
bbox: [433, 262, 258, 179]
bezier_pts: [436.0, 266.0, 519.98, 249.57, 603.95, 297.6, 690.0, 293.0, 682.0, 433.0, 597.16, 461.19, 515.95, 400.51, 433.0, 411.0]
rec: My.......................
text_instance: 29
bbox: [708, 77, 40, 31]
bezier_pts: [708.0, 81.0, 720.83, 77.39, 733.34, 79.16, 746.0, 77.0, 747.0, 106.0, 734.33, 106.33, 721.67, 106.67, 709.0, 107.0]
rec: 12.......................
text_instance: 30
bbox: [61, 559, 34, 21]
bezier_pts: [61.0, 559.0, 71.47, 558.9, 81.83, 558.85, 92.0, 562.0, 94.0, 579.0, 83.33, 578.67, 72.67, 578.33, 62.0, 578.0]
rec: NO.......................
text_instance: 31
bbox: [671, 788, 42, 26]
bezier_pts: [672.0, 788.0, 685.33, 788.67, 698.67, 789.33, 712.0, 790.0, 710.0, 813.0, 697.0, 810.67, 684.0, 808.33, 671.0, 806.0]
rec: rcut.....................
text_instance: 32
bbox: [697, 1062, 51, 31]
bezier_pts: [701.0, 1062.0, 715.74, 1064.25, 732.84, 1067.5, 747.0, 1073.0, 744.0, 1092.0, 728.33, 1087.67, 712.67, 1083.33, 697.0, 1079.0]
rec: uam......................
text_instance: 33
bbox: [216, 817, 36, 27]
bezier_pts: [217.0, 817.0, 228.0, 817.67, 239.0, 818.33, 250.0, 819.0, 251.0, 843.0, 239.33, 842.0, 227.67, 841.0, 216.0, 840.0]
rec: 12.......................
text_instance: 34
bbox: [669, 1084, 47, 33]
bezier_pts: [671.0, 1084.0, 685.46, 1084.92, 701.9, 1088.24, 715.0, 1095.0, 712.0, 1114.0, 697.11, 1111.07, 683.54, 1104.25, 669.0, 1099.0]
rec: unday....................
text_instance: 35
bbox: [217, 857, 38, 27]
bezier_pts: [217.0, 857.0, 229.43, 857.71, 243.27, 854.41, 254.0, 862.0, 251.0, 883.0, 240.03, 883.03, 228.38, 881.13, 217.0, 880.0]
rec: 999......................
text_instance: 36
bbox: [719, 1094, 52, 33]
bezier_pts: [722.0, 1094.0, 739.14, 1097.82, 754.99, 1103.34, 770.0, 1110.0, 766.0, 1126.0, 750.59, 1123.72, 735.02, 1118.94, 719.0, 1115.0]
rec: 10am.....................
text_instance: 37
bbox: [704, 122, 50, 34]
bezier_pts: [708.0, 125.0, 721.37, 120.02, 737.48, 119.31, 751.0, 125.0, 753.0, 152.0, 736.67, 153.0, 720.33, 154.0, 704.0, 155.0]
rec: 999......................
