text_instance: 0
bbox: [320, 416, 59, 27]
bezier_pts: [320.0, 416.0, 339.33, 416.0, 358.67, 416.0, 378.0, 416.0, 378.0, 441.0, 358.91, 442.91, 339.57, 441.28, 320.0, 441.0]
rec: 1880s....................
text_instance: 1
bbox: [39, 6, 164, 70]
bezier_pts: [39.0, 6.0, 98.09, 2.88, 150.28, 19.63, 202.0, 48.0, 200.0, 75.0, 147.68, 63.82, 97.05, 39.92, 43.0, 50.0]
rec: Vintage..................
text_instance: 2
bbox: [214, 43, 109, 99]
bezier_pts: [227.0, 43.0, 259.28, 68.88, 299.64, 84.11, 322.0, 119.0, 317.0, 141.0, 282.67, 120.0, 248.33, 99.0, 214.0, 78.0]
rec: Attire...................
text_instance: 3
bbox: [163, 65, 57, 37]
bezier_pts: [172.0, 65.0, 187.67, 70.67, 203.33, 76.33, 219.0, 82.0, 215.0, 101.0, 197.67, 97.0, 180.33, 93.0, 163.0, 89.0]
rec: For......................
text_instance: 4
bbox: [27, 44, 106, 65]
bezier_pts: [42.0, 44.0, 72.0, 52.33, 102.0, 60.67, 132.0, 69.0, 122.0, 108.0, 90.33, 99.0, 58.67, 90.0, 27.0, 81.0]
rec: MEn......................
text_instance: 5
bbox: [186, 91, 135, 77]
bezier_pts: [186.0, 91.0, 230.67, 107.33, 275.33, 123.67, 320.0, 140.0, 319.0, 167.0, 275.5, 155.48, 234.32, 143.14, 193.0, 128.0]
rec: WOMEN....................
text_instance: 6
bbox: [28, 86, 70, 38]
bezier_pts: [33.0, 86.0, 54.33, 91.0, 75.67, 96.0, 97.0, 101.0, 88.0, 123.0, 67.04, 120.32, 47.2, 114.59, 28.0, 106.0]
rec: 100......................
text_instance: 7
bbox: [94, 105, 78, 44]
bezier_pts: [103.0, 105.0, 125.67, 112.0, 148.33, 119.0, 171.0, 126.0, 163.0, 148.0, 140.0, 141.33, 117.0, 134.67, 94.0, 128.0]
rec: YEARS....................
text_instance: 8
bbox: [176, 128, 41, 31]
bezier_pts: [182.0, 128.0, 193.33, 131.0, 204.67, 134.0, 216.0, 137.0, 206.0, 158.0, 196.0, 156.33, 186.0, 154.67, 176.0, 153.0]
rec: OF.......................
text_instance: 9
bbox: [214, 140, 107, 50]
bezier_pts: [218.0, 140.0, 252.32, 153.06, 287.38, 157.81, 320.0, 175.0, 308.0, 189.0, 275.19, 182.62, 243.85, 173.12, 214.0, 163.0]
rec: FASHION..................
text_instance: 10
bbox: [25, 117, 148, 81]
bezier_pts: [27.0, 117.0, 82.84, 112.33, 119.37, 158.38, 172.0, 165.0, 154.0, 197.0, 107.16, 191.92, 73.9, 146.37, 25.0, 150.0]
rec: BUY......................
text_instance: 11
bbox: [170, 161, 45, 30]
bezier_pts: [174.0, 161.0, 187.85, 164.51, 202.88, 163.89, 214.0, 174.0, 211.0, 190.0, 197.79, 184.39, 184.35, 174.88, 170.0, 185.0]
rec: AND......................
text_instance: 12
bbox: [216, 170, 96, 55]
bezier_pts: [218.0, 170.0, 248.67, 176.67, 279.33, 183.33, 310.0, 190.0, 311.0, 224.0, 281.26, 202.81, 244.4, 230.91, 216.0, 207.0]
rec: SELL.....................
text_instance: 13
bbox: [363, 85, 75, 30]
bezier_pts: [363.0, 99.0, 382.12, 70.43, 413.01, 91.08, 437.0, 96.0, 431.0, 114.0, 410.64, 107.94, 393.46, 94.56, 374.0, 112.0]
rec: adesof...................
text_instance: 14
bbox: [436, 101, 71, 90]
bezier_pts: [452.0, 101.0, 478.89, 125.1, 496.95, 153.87, 506.0, 188.0, 493.0, 190.0, 477.84, 166.38, 466.16, 133.32, 436.0, 123.0]
rec: Fashion..................
text_instance: 15
bbox: [394, 324, 42, 22]
bezier_pts: [394.0, 324.0, 407.67, 325.67, 421.33, 327.33, 435.0, 329.0, 432.0, 345.0, 421.33, 343.67, 410.67, 342.33, 400.0, 341.0]
rec: OPEN.....................
text_instance: 16
bbox: [679, 236, 47, 40]
bezier_pts: [679.0, 244.0, 694.21, 237.28, 709.51, 237.56, 725.0, 236.0, 725.0, 271.0, 712.67, 272.33, 700.33, 273.67, 688.0, 275.0]
rec: DECADES..................
text_instance: 17
bbox: [735, 242, 44, 55]
bezier_pts: [735.0, 242.0, 749.33, 252.33, 763.67, 262.67, 778.0, 273.0, 773.0, 296.0, 760.67, 288.67, 748.33, 281.33, 736.0, 274.0]
rec: FASHIONS.................
text_instance: 18
bbox: [717, 271, 30, 33]
bezier_pts: [717.0, 280.0, 721.71, 274.68, 728.74, 273.23, 735.0, 271.0, 746.0, 293.0, 739.33, 296.33, 732.67, 299.67, 726.0, 303.0]
rec: ERA......................
text_instance: 19
bbox: [745, 292, 34, 26]
bezier_pts: [745.0, 293.0, 755.33, 292.67, 765.67, 292.33, 776.0, 292.0, 778.0, 317.0, 767.33, 315.67, 756.67, 314.33, 746.0, 313.0]
rec: DETAIL...................
text_instance: 20
bbox: [689, 297, 52, 35]
bezier_pts: [689.0, 297.0, 706.26, 299.66, 721.49, 302.83, 738.0, 308.0, 740.0, 331.0, 723.67, 328.0, 707.33, 325.0, 691.0, 322.0]
rec: COSTUMES.................
text_instance: 21
bbox: [702, 399, 42, 27]
bezier_pts: [702.0, 399.0, 714.33, 400.33, 726.67, 401.67, 739.0, 403.0, 743.0, 425.0, 731.0, 423.67, 719.0, 422.33, 707.0, 421.0]
rec: Vintage..................
text_instance: 22
bbox: [737, 402, 30, 26]
bezier_pts: [737.0, 402.0, 746.33, 404.67, 755.67, 407.33, 765.0, 410.0, 766.0, 427.0, 757.67, 426.0, 749.33, 425.0, 741.0, 424.0]
rec: Attire...................
text_instance: 23
bbox: [721, 427, 32, 21]
bezier_pts: [721.0, 427.0, 730.67, 427.0, 740.33, 427.0, 750.0, 427.0, 752.0, 446.0, 742.01, 447.59, 732.9, 446.88, 723.0, 447.0]
rec: MEN......................
text_instance: 24
bbox: [715, 450, 40, 21]
bezier_pts: [715.0, 450.0, 727.67, 450.0, 740.33, 450.0, 753.0, 450.0, 754.0, 470.0, 743.33, 470.22, 732.67, 469.56, 722.0, 468.0]
rec: WOMEN....................
text_instance: 25
bbox: [287, 336, 124, 45]
bezier_pts: [287.0, 336.0, 328.0, 342.33, 369.0, 348.67, 410.0, 355.0, 409.0, 379.0, 368.85, 377.73, 328.85, 373.34, 289.0, 366.0]
rec: DECADES..................
text_instance: 26
bbox: [309, 381, 117, 37]
bezier_pts: [309.0, 381.0, 347.67, 383.67, 386.33, 386.33, 425.0, 389.0, 422.0, 417.0, 385.04, 414.52, 346.64, 413.42, 309.0, 409.0]
rec: FASHION..................
text_instance: 27
bbox: [387, 424, 38, 23]
bezier_pts: [389.0, 424.0, 400.67, 424.67, 412.33, 425.33, 424.0, 426.0, 424.0, 446.0, 411.67, 446.0, 399.33, 446.0, 387.0, 446.0]
rec: 1980s....................
text_instance: 28
bbox: [329, 446, 61, 38]
bezier_pts: [329.0, 458.0, 345.91, 443.37, 368.22, 449.05, 389.0, 448.0, 384.0, 461.0, 364.12, 461.41, 349.52, 476.09, 332.0, 483.0]
rec: 100YEARS.................
text_instance: 29
bbox: [375, 451, 54, 45]
bezier_pts: [375.0, 469.0, 392.67, 463.0, 410.33, 457.0, 428.0, 451.0, 427.0, 478.0, 410.0, 483.67, 393.0, 489.33, 376.0, 495.0]
rec: FASHION..................
text_instance: 30
bbox: [261, 371, 57, 40]
bezier_pts: [266.0, 371.0, 283.0, 372.33, 300.0, 373.67, 317.0, 375.0, 302.0, 410.0, 288.33, 409.0, 274.67, 408.0, 261.0, 407.0]
rec: of.......................
text_instance: 31
bbox: [343, 463, 34, 33]
bezier_pts: [347.0, 467.0, 356.67, 465.67, 366.33, 464.33, 376.0, 463.0, 366.0, 494.0, 358.12, 495.62, 350.95, 494.81, 343.0, 495.0]
rec: of.......................
