text_instance: 0
bbox: [151, 769, 134, 53]
bezier_pts: [151.0, 769.0, 195.33, 769.0, 239.67, 769.0, 284.0, 769.0, 284.0, 819.0, 239.67, 819.0, 195.33, 819.0, 151.0, 819.0]
rec: PERONI...................
text_instance: 1
bbox: [205, 741, 75, 37]
bezier_pts: [205.0, 741.0, 229.67, 741.0, 254.33, 741.0, 279.0, 741.0, 279.0, 775.0, 253.97, 776.6, 230.13, 776.35, 205.0, 775.0]
rec: BIRRA....................
text_instance: 2
bbox: [221, 252, 41, 165]
bezier_pts: [240.0, 416.0, 218.7, 362.27, 218.03, 304.05, 238.0, 252.0, 260.0, 263.0, 235.56, 306.85, 230.55, 356.29, 261.0, 400.0]
rec: LANTICA..................
text_instance: 3
bbox: [246, 190, 100, 67]
bezier_pts: [246.0, 237.0, 271.76, 210.8, 303.89, 176.97, 345.0, 195.0, 339.0, 226.0, 306.49, 203.76, 278.8, 230.78, 259.0, 256.0]
rec: BIRBERIA.................
text_instance: 4
bbox: [335, 211, 36, 157]
bezier_pts: [356.0, 211.0, 387.91, 265.63, 360.89, 314.33, 349.0, 367.0, 335.0, 341.0, 348.79, 302.76, 359.28, 262.14, 337.0, 224.0]
rec: PERONI...................
text_instance: 5
bbox: [273, 376, 49, 44]
bezier_pts: [273.0, 397.0, 289.0, 390.0, 305.0, 383.0, 321.0, 376.0, 318.0, 399.0, 303.79, 407.33, 289.19, 414.62, 273.0, 419.0]
rec: Est1906..................
