text_instance: 0
bbox: [89, 409, 96, 79]
bezier_pts: [89.0, 409.0, 120.0, 418.0, 151.0, 427.0, 182.0, 436.0, 184.0, 487.0, 151.5, 480.47, 120.06, 474.07, 89.0, 464.0]
rec: BUKIT....................
text_instance: 1
bbox: [192, 434, 85, 56]
bezier_pts: [196.0, 434.0, 222.67, 435.0, 249.33, 436.0, 276.0, 437.0, 276.0, 486.0, 247.99, 489.17, 220.06, 488.33, 192.0, 489.0]
rec: KIARA....................
text_instance: 2
bbox: [271, 412, 135, 78]
bezier_pts: [271.0, 444.0, 312.0, 433.33, 353.0, 422.67, 394.0, 412.0, 405.0, 453.0, 364.23, 467.78, 322.52, 479.96, 280.0, 489.0]
rec: EQUESTRIAN...............
text_instance: 3
bbox: [181, 486, 121, 55]
bezier_pts: [185.0, 489.0, 223.67, 488.0, 262.33, 487.0, 301.0, 486.0, 293.0, 532.0, 255.57, 535.78, 218.16, 536.36, 181.0, 534.0]
rec: COUNTRY..................
text_instance: 4
bbox: [294, 465, 89, 70]
bezier_pts: [294.0, 487.0, 321.67, 479.67, 349.33, 472.33, 377.0, 465.0, 382.0, 504.0, 355.66, 516.28, 327.74, 525.3, 301.0, 534.0]
rec: RESORT...................
text_instance: 5
bbox: [227, 349, 38, 22]
bezier_pts: [227.0, 349.0, 239.0, 350.0, 251.0, 351.0, 263.0, 352.0, 264.0, 370.0, 252.67, 369.33, 241.33, 368.67, 230.0, 368.0]
rec: BUKIT....................
text_instance: 6
bbox: [261, 347, 36, 33]
bezier_pts: [261.0, 348.0, 273.39, 345.62, 285.93, 350.31, 295.0, 358.0, 296.0, 378.0, 285.0, 378.0, 274.0, 378.0, 263.0, 378.0]
rec: KIARA....................
