text_instance: 0
bbox: [72, 124, 61, 20]
bezier_pts: [72.0, 124.0, 92.0, 124.0, 112.0, 124.0, 132.0, 124.0, 132.0, 141.0, 112.45, 142.67, 92.03, 142.57, 72.0, 141.0]
rec: FIESTA...................
text_instance: 1
bbox: [57, 193, 95, 20]
bezier_pts: [57.0, 193.0, 88.33, 193.0, 119.67, 193.0, 151.0, 193.0, 151.0, 211.0, 120.06, 211.75, 87.44, 212.9, 57.0, 211.0]
rec: BURRITOS.................
text_instance: 2
bbox: [289, 146, 68, 19]
bezier_pts: [289.0, 146.0, 311.33, 146.0, 333.67, 146.0, 356.0, 146.0, 356.0, 162.0, 333.44, 163.68, 311.25, 163.65, 289.0, 162.0]
rec: TRAVELODGE...............
text_instance: 3
bbox: [74, 212, 60, 17]
bezier_pts: [74.0, 212.0, 93.67, 212.0, 113.33, 212.0, 133.0, 212.0, 133.0, 225.0, 113.43, 228.14, 93.53, 227.88, 74.0, 225.0]
rec: TACOS....................
text_instance: 4
bbox: [279, 108, 66, 20]
bezier_pts: [279.0, 108.0, 300.67, 108.0, 322.33, 108.0, 344.0, 108.0, 344.0, 125.0, 322.23, 127.69, 300.75, 127.83, 279.0, 125.0]
rec: PARKING..................
text_instance: 5
bbox: [57, 245, 97, 21]
bezier_pts: [57.0, 245.0, 89.0, 245.0, 121.0, 245.0, 153.0, 245.0, 153.0, 261.0, 120.26, 263.13, 88.94, 263.71, 57.0, 261.0]
rec: GORDITAS.................
text_instance: 6
bbox: [47, 262, 118, 19]
bezier_pts: [47.0, 262.0, 86.0, 262.0, 125.0, 262.0, 164.0, 262.0, 164.0, 278.0, 124.63, 279.87, 85.53, 279.75, 47.0, 278.0]
rec: BREAKFAST................
text_instance: 7
bbox: [70, 228, 73, 18]
bezier_pts: [70.0, 228.0, 94.0, 228.0, 118.0, 228.0, 142.0, 228.0, 142.0, 243.0, 118.0, 245.74, 94.0, 245.74, 70.0, 243.0]
rec: TORTAS...................
text_instance: 8
bbox: [524, 127, 83, 38]
bezier_pts: [524.0, 127.0, 551.33, 127.0, 578.67, 127.0, 606.0, 127.0, 606.0, 163.0, 579.25, 163.73, 550.62, 164.88, 524.0, 163.0]
rec: Food.....................
text_instance: 9
bbox: [55, 147, 86, 27]
bezier_pts: [55.0, 161.0, 82.41, 144.73, 113.0, 146.11, 140.0, 156.0, 128.0, 170.0, 108.96, 159.28, 88.71, 164.01, 70.0, 173.0]
rec: TACO.....................
text_instance: 10
bbox: [45, 287, 106, 28]
bezier_pts: [46.0, 292.0, 79.33, 290.33, 112.67, 288.67, 146.0, 287.0, 150.0, 306.0, 115.0, 308.67, 80.0, 311.33, 45.0, 314.0]
rec: 8185586645...............
text_instance: 11
bbox: [265, 89, 95, 23]
bezier_pts: [265.0, 89.0, 296.33, 89.0, 327.67, 89.0, 359.0, 89.0, 359.0, 109.0, 327.75, 110.64, 296.14, 110.57, 265.0, 109.0]
rec: ADDITIONAL...............
text_instance: 12
bbox: [271, 124, 88, 22]
bezier_pts: [271.0, 126.0, 300.0, 125.33, 329.0, 124.67, 358.0, 124.0, 357.0, 144.0, 328.72, 145.44, 299.69, 145.8, 272.0, 144.0]
rec: AVAILABLE................
text_instance: 13
bbox: [236, 128, 32, 35]
bezier_pts: [236.0, 128.0, 246.33, 128.33, 256.67, 128.67, 267.0, 129.0, 266.0, 162.0, 256.29, 161.26, 246.08, 161.21, 237.0, 158.0]
rec: A........................
text_instance: 14
bbox: [360, 133, 30, 26]
bezier_pts: [363.0, 133.0, 371.07, 133.51, 381.0, 131.54, 389.0, 134.0, 385.0, 158.0, 376.49, 158.23, 367.99, 157.23, 360.0, 155.0]
rec: ie.......................
text_instance: 15
bbox: [389, 122, 57, 41]
bezier_pts: [390.0, 123.0, 408.33, 122.67, 426.67, 122.33, 445.0, 122.0, 432.0, 161.0, 418.12, 161.35, 402.68, 161.96, 389.0, 160.0]
rec: M........................
