text_instance: 0
bbox: [6, 1035, 78, 29]
bezier_pts: [6.0, 1035.0, 31.67, 1035.0, 57.33, 1035.0, 83.0, 1035.0, 83.0, 1062.0, 57.85, 1063.76, 31.66, 1063.51, 6.0, 1062.0]
rec: COBAR....................
text_instance: 1
bbox: [10, 966, 74, 23]
bezier_pts: [10.0, 966.0, 34.33, 966.0, 58.67, 966.0, 83.0, 966.0, 83.0, 987.0, 58.67, 987.0, 34.33, 987.0, 10.0, 987.0]
rec: THEN.....................
text_instance: 2
bbox: [41, 946, 53, 27]
bezier_pts: [41.0, 946.0, 58.33, 946.0, 75.67, 946.0, 93.0, 946.0, 93.0, 971.0, 76.13, 971.0, 58.94, 971.0, 41.0, 971.0]
rec: NOW......................
text_instance: 3
bbox: [901, 825, 56, 46]
bezier_pts: [901.0, 825.0, 919.33, 825.0, 937.67, 825.0, 956.0, 825.0, 956.0, 869.0, 937.67, 869.0, 919.33, 869.0, 901.0, 869.0]
rec: MEZ......................
text_instance: 4
bbox: [15, 989, 54, 25]
bezier_pts: [15.0, 989.0, 32.67, 989.0, 50.33, 989.0, 68.0, 989.0, 68.0, 1011.0, 50.33, 1012.64, 32.81, 1012.67, 15.0, 1011.0]
rec: APART....................
text_instance: 5
bbox: [2, 944, 40, 25]
bezier_pts: [3.0, 946.0, 15.0, 945.33, 27.0, 944.67, 39.0, 944.0, 41.0, 964.0, 28.21, 968.11, 15.32, 968.92, 2.0, 967.0]
rec: ERY......................
