text_instance: 0
bbox: [471, 333, 417, 163]
bezier_pts: [471.0, 418.0, 602.63, 335.5, 740.29, 331.88, 887.0, 333.0, 875.0, 417.0, 740.46, 403.29, 609.54, 442.16, 494.0, 495.0]
rec: MUSEUM...................
text_instance: 1
bbox: [904, 333, 275, 134]
bezier_pts: [928.0, 333.0, 1011.9, 345.77, 1099.26, 366.76, 1178.0, 402.0, 1120.0, 466.0, 1048.0, 450.0, 976.0, 434.0, 904.0, 418.0]
rec: SHOP.....................
text_instance: 2
bbox: [376, 661, 350, 237]
bezier_pts: [464.0, 661.0, 535.86, 733.42, 624.4, 765.53, 725.0, 775.0, 706.0, 897.0, 583.94, 870.28, 470.49, 834.08, 376.0, 744.0]
rec: JAKE.....................
text_instance: 3
bbox: [770, 669, 486, 215]
bezier_pts: [779.0, 768.0, 925.96, 800.11, 1066.04, 743.75, 1184.0, 669.0, 1255.0, 771.0, 1103.38, 872.35, 945.06, 893.19, 770.0, 880.0]
rec: HOUSE....................
