text_instance: 0
bbox: [215, 357, 45, 22]
bezier_pts: [215.0, 357.0, 229.67, 357.0, 244.33, 357.0, 259.0, 357.0, 259.0, 378.0, 244.33, 378.0, 229.67, 378.0, 215.0, 378.0]
rec: Water....................
text_instance: 1
bbox: [190, 295, 50, 61]
bezier_pts: [190.0, 344.0, 193.16, 320.77, 216.85, 313.28, 228.0, 295.0, 239.0, 312.0, 224.14, 323.04, 215.94, 337.61, 211.0, 355.0]
rec: TESTED...................
text_instance: 2
bbox: [234, 288, 43, 30]
bezier_pts: [234.0, 295.0, 248.05, 289.72, 262.04, 289.43, 276.0, 288.0, 272.0, 309.0, 261.58, 306.96, 246.97, 306.33, 245.0, 317.0]
rec: AND......................
text_instance: 3
bbox: [275, 289, 66, 66]
bezier_pts: [284.0, 289.0, 309.27, 297.62, 332.07, 311.04, 340.0, 339.0, 325.0, 354.0, 317.71, 329.65, 296.54, 318.1, 275.0, 310.0]
rec: CERTIFIED................
text_instance: 4
bbox: [261, 357, 53, 25]
bezier_pts: [261.0, 357.0, 278.33, 357.0, 295.67, 357.0, 313.0, 357.0, 313.0, 379.0, 295.67, 379.67, 278.33, 380.33, 261.0, 381.0]
rec: Quality..................
text_instance: 5
bbox: [187, 367, 38, 54]
bezier_pts: [207.0, 367.0, 212.14, 379.68, 216.69, 392.61, 224.0, 406.0, 214.0, 420.0, 202.0, 406.51, 195.21, 389.96, 187.0, 374.0]
rec: UNDER....................
text_instance: 6
bbox: [216, 405, 66, 33]
bezier_pts: [226.0, 405.0, 244.0, 409.33, 262.0, 413.67, 280.0, 418.0, 281.0, 437.0, 258.73, 435.15, 236.98, 430.6, 216.0, 423.0]
rec: INDUSTRY.................
text_instance: 7
bbox: [278, 370, 61, 67]
bezier_pts: [278.0, 418.0, 299.18, 406.03, 321.57, 401.71, 320.0, 370.0, 338.0, 370.0, 338.17, 400.97, 316.36, 430.4, 284.0, 436.0]
rec: STANDARDS................
