text_instance: 0
bbox: [512, 568, 58, 20]
bezier_pts: [512.0, 568.0, 531.0, 568.0, 550.0, 568.0, 569.0, 568.0, 569.0, 587.0, 550.0, 587.0, 531.0, 587.0, 512.0, 587.0]
rec: SPEAKEAST................
text_instance: 1
bbox: [511, 502, 32, 14]
bezier_pts: [511.0, 502.0, 521.33, 502.0, 531.67, 502.0, 542.0, 502.0, 542.0, 514.0, 531.67, 514.0, 521.33, 514.0, 511.0, 514.0]
rec: SPORT....................
text_instance: 2
bbox: [514, 413, 82, 62]
bezier_pts: [529.0, 413.0, 533.78, 463.64, 573.45, 473.88, 583.0, 418.0, 595.0, 431.0, 586.48, 502.26, 517.3, 481.37, 514.0, 419.0]
rec: SPEAKEAST................
text_instance: 3
bbox: [510, 475, 92, 28]
bezier_pts: [511.0, 475.0, 541.0, 477.0, 571.0, 479.0, 601.0, 481.0, 601.0, 499.0, 570.67, 500.0, 540.33, 501.0, 510.0, 502.0]
rec: SPEAKEAST................
text_instance: 4
bbox: [79, 6, 258, 161]
bezier_pts: [94.0, 6.0, 178.71, 0.72, 262.22, 24.98, 336.0, 60.0, 336.0, 166.0, 249.83, 135.89, 164.52, 102.21, 79.0, 70.0]
rec: AKE......................
text_instance: 5
bbox: [7, 69, 223, 122]
bezier_pts: [9.0, 69.0, 86.35, 84.83, 158.96, 116.15, 229.0, 144.0, 222.0, 190.0, 150.33, 170.0, 78.67, 150.0, 7.0, 130.0]
rec: ANVILLE..................
text_instance: 6
bbox: [329, 188, 43, 45]
bezier_pts: [331.0, 188.0, 343.4, 190.91, 357.1, 192.9, 368.0, 200.0, 371.0, 232.0, 357.0, 229.33, 343.0, 226.67, 329.0, 224.0]
rec: BA.......................
text_instance: 7
bbox: [534, 533, 51, 18]
bezier_pts: [534.0, 533.0, 550.0, 533.0, 566.0, 533.0, 582.0, 533.0, 584.0, 549.0, 567.5, 550.67, 550.83, 550.67, 535.0, 549.0]
rec: Granville................
text_instance: 8
bbox: [569, 573, 33, 15]
bezier_pts: [569.0, 573.0, 579.67, 573.0, 590.33, 573.0, 601.0, 573.0, 601.0, 587.0, 590.33, 586.67, 579.67, 586.33, 569.0, 586.0]
rec: GROUP....................
text_instance: 9
bbox: [545, 505, 22, 14]
bezier_pts: [545.0, 506.0, 552.11, 504.69, 558.93, 505.34, 566.0, 507.0, 566.0, 518.0, 559.03, 517.8, 552.15, 518.64, 545.0, 517.0]
rec: BAR......................
text_instance: 10
bbox: [573, 507, 27, 14]
bezier_pts: [573.0, 507.0, 581.0, 507.67, 589.0, 508.33, 597.0, 509.0, 599.0, 520.0, 590.33, 519.67, 581.67, 519.33, 573.0, 519.0]
rec: GRILL....................
