text_instance: 0
bbox: [173, 292, 79, 57]
bezier_pts: [173.0, 316.0, 192.33, 308.0, 211.67, 300.0, 231.0, 292.0, 251.0, 328.0, 235.67, 334.67, 220.33, 341.33, 205.0, 348.0]
rec: m........................
text_instance: 1
bbox: [255, 288, 113, 55]
bezier_pts: [255.0, 288.0, 293.41, 287.07, 329.31, 296.66, 367.0, 308.0, 355.0, 342.0, 325.0, 338.0, 295.0, 334.0, 265.0, 330.0]
rec: FLYING...................
text_instance: 2
bbox: [367, 322, 63, 71]
bezier_pts: [383.0, 322.0, 398.33, 334.0, 413.67, 346.0, 429.0, 358.0, 403.0, 392.0, 398.73, 374.06, 383.07, 361.41, 367.0, 354.0]
rec: PIG......................
text_instance: 3
bbox: [211, 562, 173, 64]
bezier_pts: [219.0, 562.0, 263.48, 591.28, 319.34, 602.7, 367.0, 578.0, 383.0, 610.0, 325.62, 638.05, 268.27, 626.94, 211.0, 598.0]
rec: GASTOWN..................
