text_instance: 0
bbox: [139, 317, 249, 121]
bezier_pts: [139.0, 404.0, 217.11, 350.73, 290.43, 314.56, 387.0, 317.0, 384.0, 356.0, 306.53, 351.92, 237.62, 387.86, 180.0, 437.0]
rec: WARISAN..................
text_instance: 1
bbox: [415, 316, 156, 106]
bezier_pts: [424.0, 316.0, 477.87, 327.83, 526.25, 349.87, 570.0, 382.0, 553.0, 421.0, 508.27, 393.74, 467.93, 360.39, 415.0, 356.0]
rec: DUNIA....................
text_instance: 2
bbox: [81, 470, 68, 125]
bezier_pts: [148.0, 471.0, 123.27, 507.68, 121.68, 550.0, 128.0, 594.0, 81.0, 594.0, 91.24, 552.55, 84.1, 511.58, 95.0, 470.0]
rec: WORLD....................
text_instance: 3
bbox: [96, 601, 178, 151]
bezier_pts: [133.0, 601.0, 157.47, 660.88, 211.45, 703.31, 273.0, 712.0, 259.0, 751.0, 187.35, 733.33, 131.64, 686.16, 96.0, 626.0]
rec: HERITAGE.................
text_instance: 4
bbox: [316, 617, 277, 147]
bezier_pts: [316.0, 721.0, 400.95, 715.8, 493.73, 698.07, 544.0, 617.0, 592.0, 638.0, 523.85, 718.86, 419.54, 759.66, 319.0, 763.0]
rec: PATRIMOINE...............
text_instance: 5
bbox: [555, 433, 77, 191]
bezier_pts: [555.0, 596.0, 596.43, 552.56, 581.52, 500.01, 571.0, 448.0, 609.0, 433.0, 641.79, 495.22, 628.2, 562.03, 606.0, 623.0]
rec: MONDIAL..................
