text_instance: 0
bbox: [13, 654, 262, 41]
bezier_pts: [13.0, 654.0, 100.0, 654.0, 187.0, 654.0, 274.0, 654.0, 274.0, 692.0, 187.69, 693.04, 100.49, 692.97, 13.0, 692.0]
rec: STARBUCKS................
text_instance: 1
bbox: [305, 654, 166, 40]
bezier_pts: [305.0, 654.0, 360.0, 654.0, 415.0, 654.0, 470.0, 654.0, 470.0, 692.0, 415.01, 693.49, 359.45, 693.79, 305.0, 692.0]
rec: COFFEE...................
text_instance: 2
bbox: [165, 270, 277, 80]
bezier_pts: [165.0, 270.0, 257.0, 270.0, 349.0, 270.0, 441.0, 270.0, 441.0, 349.0, 349.0, 349.0, 257.0, 349.0, 165.0, 349.0]
rec: Michelles................
text_instance: 3
bbox: [328, 106, 104, 34]
bezier_pts: [328.0, 106.0, 362.33, 106.0, 396.67, 106.0, 431.0, 106.0, 431.0, 137.0, 396.64, 139.6, 362.18, 139.64, 328.0, 137.0]
rec: LEASE....................
text_instance: 4
bbox: [256, 104, 68, 37]
bezier_pts: [256.0, 104.0, 278.33, 104.0, 300.67, 104.0, 323.0, 104.0, 323.0, 138.0, 300.36, 139.99, 278.67, 138.37, 256.0, 138.0]
rec: FOR......................
text_instance: 5
bbox: [455, 741, 74, 34]
bezier_pts: [455.0, 741.0, 479.33, 741.0, 503.67, 741.0, 528.0, 741.0, 528.0, 773.0, 503.75, 774.51, 478.9, 774.77, 455.0, 773.0]
rec: ILLS.....................
text_instance: 6
bbox: [275, 35, 153, 47]
bezier_pts: [275.0, 35.0, 325.67, 35.0, 376.33, 35.0, 427.0, 35.0, 427.0, 79.0, 376.33, 80.68, 325.67, 80.68, 275.0, 79.0]
rec: corbe....................
text_instance: 7
bbox: [360, 152, 47, 24]
bezier_pts: [360.0, 152.0, 375.33, 152.0, 390.67, 152.0, 406.0, 152.0, 406.0, 173.0, 390.53, 174.63, 375.06, 174.57, 360.0, 173.0]
rec: Tham.....................
text_instance: 8
bbox: [279, 150, 74, 28]
bezier_pts: [279.0, 150.0, 303.33, 150.0, 327.67, 150.0, 352.0, 150.0, 352.0, 176.0, 328.43, 177.9, 303.3, 176.39, 279.0, 176.0]
rec: Robert...................
text_instance: 9
bbox: [451, 40, 133, 311]
bezier_pts: [451.0, 142.0, 494.33, 108.0, 537.67, 74.0, 581.0, 40.0, 583.0, 284.0, 543.67, 306.0, 504.33, 328.0, 465.0, 350.0]
rec: STOP.....................
text_instance: 10
bbox: [273, 174, 153, 32]
bezier_pts: [273.0, 178.0, 323.67, 176.67, 374.33, 175.33, 425.0, 174.0, 423.0, 204.0, 373.18, 204.82, 323.91, 204.97, 273.0, 204.0]
rec: 6046090802...............
text_instance: 11
bbox: [201, 229, 111, 40]
bezier_pts: [201.0, 246.0, 235.71, 220.65, 274.39, 225.9, 311.0, 242.0, 299.0, 260.0, 271.0, 262.67, 243.0, 265.33, 215.0, 268.0]
rec: VISIT....................
