text_instance: 0
bbox: [452, 444, 46, 24]
bezier_pts: [452.0, 444.0, 467.0, 444.0, 482.0, 444.0, 497.0, 444.0, 497.0, 466.0, 482.0, 466.0, 467.0, 466.0, 452.0, 466.0]
rec: OPEN.....................
text_instance: 1
bbox: [416, 296, 67, 45]
bezier_pts: [416.0, 305.0, 438.0, 302.0, 460.0, 299.0, 482.0, 296.0, 482.0, 334.0, 461.33, 335.67, 440.67, 337.33, 420.0, 339.0]
rec: 1226.....................
text_instance: 2
bbox: [361, 208, 48, 29]
bezier_pts: [361.0, 217.0, 375.99, 210.63, 392.03, 209.72, 408.0, 208.0, 400.0, 229.0, 388.67, 231.33, 377.33, 233.67, 366.0, 236.0]
rec: FATTY....................
text_instance: 3
bbox: [405, 207, 41, 19]
bezier_pts: [408.0, 207.0, 420.33, 207.0, 432.67, 207.0, 445.0, 207.0, 442.0, 225.0, 430.16, 224.85, 416.78, 225.51, 405.0, 224.0]
rec: PAPA.....................
text_instance: 4
bbox: [373, 229, 62, 15]
bezier_pts: [373.0, 235.0, 393.33, 233.0, 413.67, 231.0, 434.0, 229.0, 434.0, 236.0, 413.67, 238.29, 393.4, 241.85, 373.0, 243.0]
rec: FUSION CUISINE...........
