text_instance: 0
bbox: [158, 389, 59, 55]
bezier_pts: [158.0, 425.0, 170.49, 411.53, 189.73, 401.52, 203.0, 389.0, 216.0, 409.0, 202.0, 420.33, 188.0, 431.67, 174.0, 443.0]
rec: City.....................
text_instance: 1
bbox: [209, 341, 166, 60]
bezier_pts: [209.0, 381.0, 256.83, 349.42, 317.14, 336.68, 374.0, 341.0, 370.0, 362.0, 316.58, 352.0, 262.89, 374.27, 218.0, 400.0]
rec: Convenience..............
text_instance: 2
bbox: [376, 335, 130, 90]
bezier_pts: [381.0, 335.0, 430.93, 345.25, 475.42, 365.74, 505.0, 409.0, 489.0, 424.0, 457.66, 391.53, 419.47, 371.3, 376.0, 359.0]
rec: Restaurant...............
text_instance: 3
bbox: [224, 403, 216, 70]
bezier_pts: [228.0, 413.0, 298.33, 409.67, 368.67, 406.33, 439.0, 403.0, 439.0, 458.0, 367.3, 464.25, 294.9, 469.15, 224.0, 472.0]
rec: First....................
text_instance: 4
bbox: [160, 460, 341, 78]
bezier_pts: [160.0, 475.0, 269.28, 466.53, 385.03, 466.54, 496.0, 460.0, 500.0, 511.0, 386.67, 519.67, 273.33, 528.33, 160.0, 537.0]
rec: Kitchen..................
