text_instance: 0
bbox: [131, 277, 115, 124]
bezier_pts: [131.0, 377.0, 169.03, 354.79, 170.77, 304.17, 201.0, 277.0, 245.0, 304.0, 214.2, 328.21, 196.22, 365.68, 178.0, 400.0]
rec: THE......................
text_instance: 1
bbox: [260, 148, 374, 117]
bezier_pts: [260.0, 221.0, 363.92, 132.71, 504.42, 152.73, 633.0, 148.0, 617.0, 204.0, 503.08, 165.95, 389.67, 196.55, 290.0, 264.0]
rec: TRAFFORD.................
text_instance: 2
bbox: [486, 455, 65, 124]
bezier_pts: [486.0, 455.0, 507.33, 455.33, 528.67, 455.67, 550.0, 456.0, 545.0, 578.0, 526.33, 578.0, 507.67, 578.0, 489.0, 578.0]
rec: TC.......................
text_instance: 3
bbox: [677, 189, 46, 56]
bezier_pts: [697.0, 189.0, 707.66, 192.53, 714.45, 199.02, 722.0, 207.0, 709.0, 244.0, 696.32, 237.83, 685.91, 228.87, 677.0, 218.0]
rec: C........................
text_instance: 4
bbox: [804, 304, 89, 97]
bezier_pts: [846.0, 304.0, 867.49, 324.33, 875.72, 349.09, 892.0, 373.0, 833.0, 400.0, 833.63, 373.85, 816.77, 352.0, 804.0, 331.0]
rec: RE.......................
text_instance: 5
bbox: [626, 410, 141, 27]
bezier_pts: [630.0, 412.0, 675.25, 406.88, 720.91, 412.82, 766.0, 415.0, 765.0, 431.0, 719.05, 434.93, 672.88, 435.52, 626.0, 435.0]
rec: gettyimages..............
text_instance: 6
bbox: [628, 440, 74, 17]
bezier_pts: [629.0, 441.0, 652.72, 442.44, 677.12, 436.16, 701.0, 443.0, 701.0, 456.0, 676.67, 455.33, 652.33, 454.67, 628.0, 454.0]
rec: Bloomberg................
text_instance: 7
bbox: [17, 623, 62, 11]
bezier_pts: [17.0, 624.0, 37.33, 624.0, 57.67, 624.0, 78.0, 624.0, 78.0, 632.0, 58.23, 633.64, 38.53, 633.66, 19.0, 632.0]
rec: 107831798................
