text_instance: 0
bbox: [250, 140, 199, 72]
bezier_pts: [250.0, 203.0, 289.83, 103.26, 405.75, 113.37, 448.0, 203.0, 411.0, 211.0, 377.75, 141.5, 316.66, 144.75, 285.0, 211.0]
rec: BAGAGES..................
text_instance: 1
bbox: [259, 245, 181, 75]
bezier_pts: [283.0, 247.0, 320.8, 281.35, 372.51, 294.99, 405.0, 245.0, 439.0, 277.0, 385.85, 330.43, 312.63, 343.61, 259.0, 278.0]
rec: FRANCE...................
text_instance: 2
bbox: [315, 197, 22, 30]
bezier_pts: [315.0, 197.0, 322.0, 197.0, 329.0, 197.0, 336.0, 197.0, 336.0, 226.0, 330.0, 226.0, 324.0, 226.0, 318.0, 226.0]
rec: D........................
text_instance: 3
bbox: [355, 196, 19, 32]
bezier_pts: [356.0, 196.0, 361.0, 196.0, 366.0, 196.0, 371.0, 196.0, 373.0, 226.0, 367.1, 226.0, 361.08, 226.0, 355.0, 226.0]
rec: E........................
text_instance: 4
bbox: [140, 336, 229, 27]
bezier_pts: [140.0, 336.0, 212.44, 341.59, 295.56, 332.92, 368.0, 342.0, 367.0, 357.0, 289.5, 367.44, 219.12, 360.87, 142.0, 357.0]
rec: blog.sina.com.tw/daiyun..
