text_instance: 0
bbox: [338, 524, 41, 24]
bezier_pts: [338.0, 524.0, 351.33, 524.0, 364.67, 524.0, 378.0, 524.0, 378.0, 545.0, 364.67, 546.56, 351.33, 546.56, 338.0, 545.0]
rec: MINH.....................
text_instance: 1
bbox: [343, 468, 47, 31]
bezier_pts: [343.0, 487.0, 356.69, 479.3, 368.36, 469.54, 385.0, 468.0, 389.0, 489.0, 393.9, 471.46, 362.02, 482.23, 363.0, 498.0]
rec: DONG.....................
text_instance: 2
bbox: [387, 463, 47, 40]
bezier_pts: [387.0, 463.0, 404.26, 468.69, 421.83, 475.38, 433.0, 490.0, 413.0, 502.0, 410.36, 488.7, 402.52, 476.82, 387.0, 485.0]
rec: NHAN.....................
text_instance: 3
bbox: [422, 496, 24, 38]
bezier_pts: [433.0, 496.0, 444.39, 504.96, 443.03, 519.93, 445.0, 532.0, 432.0, 533.0, 427.98, 522.06, 431.18, 512.15, 422.0, 502.0]
rec: DAN......................
text_instance: 4
bbox: [338, 498, 17, 29]
bezier_pts: [338.0, 526.0, 337.06, 510.79, 340.48, 504.31, 344.0, 498.0, 354.0, 502.0, 350.68, 514.26, 349.84, 514.38, 350.0, 525.0]
rec: HOI......................
text_instance: 5
bbox: [384, 533, 60, 19]
bezier_pts: [384.0, 533.0, 403.62, 533.17, 423.38, 532.15, 443.0, 536.0, 443.0, 551.0, 423.33, 549.67, 403.67, 548.33, 384.0, 547.0]
rec: THUAN....................
