text_instance: 0
bbox: [166, 198, 82, 33]
bezier_pts: [166.0, 207.0, 191.15, 195.66, 223.59, 190.89, 247.0, 212.0, 238.0, 228.0, 217.67, 228.67, 197.33, 229.33, 177.0, 230.0]
rec: Rats.....................
text_instance: 1
bbox: [170, 230, 77, 37]
bezier_pts: [181.0, 230.0, 196.0, 230.67, 211.0, 231.33, 226.0, 232.0, 246.0, 252.0, 223.26, 268.66, 194.58, 270.54, 170.0, 254.0]
rec: Rube.....................
text_instance: 2
bbox: [130, 321, 154, 42]
bezier_pts: [130.0, 330.0, 179.94, 315.28, 233.02, 315.61, 283.0, 328.0, 274.0, 357.0, 228.29, 347.39, 186.63, 341.05, 142.0, 362.0]
rec: RESTAURANT...............
text_instance: 3
bbox: [520, 316, 55, 51]
bezier_pts: [520.0, 319.0, 537.33, 313.5, 554.67, 316.73, 572.0, 316.0, 574.0, 366.0, 556.67, 365.33, 539.33, 364.67, 522.0, 364.0]
rec: JK.......................
text_instance: 4
bbox: [556, 455, 82, 37]
bezier_pts: [561.0, 466.0, 587.35, 441.2, 609.14, 463.25, 637.0, 466.0, 636.0, 482.0, 609.33, 485.0, 582.67, 488.0, 556.0, 491.0]
rec: photo....................
text_instance: 5
bbox: [645, 454, 36, 40]
bezier_pts: [650.0, 454.0, 662.15, 453.33, 669.88, 462.42, 680.0, 468.0, 673.0, 493.0, 662.55, 491.91, 653.79, 487.58, 645.0, 482.0]
rec: by.......................
text_instance: 6
bbox: [684, 461, 65, 33]
bezier_pts: [687.0, 461.0, 707.33, 462.0, 727.67, 463.0, 748.0, 464.0, 736.0, 493.0, 718.67, 489.33, 701.33, 485.67, 684.0, 482.0]
rec: terry....................
