text_instance: 0
bbox: [276, 349, 126, 110]
bezier_pts: [276.0, 425.0, 308.08, 388.99, 352.33, 365.49, 396.0, 349.0, 401.0, 375.0, 359.42, 391.48, 320.49, 413.5, 302.0, 458.0]
rec: WORLD....................
text_instance: 1
bbox: [425, 346, 185, 162]
bezier_pts: [428.0, 346.0, 510.31, 358.35, 573.76, 419.73, 609.0, 492.0, 584.0, 507.0, 556.95, 439.17, 499.38, 392.7, 425.0, 375.0]
rec: COFFEES..................
text_instance: 2
bbox: [316, 419, 149, 85]
bezier_pts: [316.0, 480.0, 344.99, 421.47, 408.71, 419.3, 464.0, 419.0, 464.0, 458.0, 414.36, 436.09, 360.66, 448.56, 334.0, 503.0]
rec: AROUND...................
text_instance: 3
bbox: [489, 446, 74, 95]
bezier_pts: [501.0, 446.0, 526.73, 466.81, 538.18, 496.47, 562.0, 519.0, 536.0, 540.0, 532.29, 511.57, 508.94, 493.08, 489.0, 477.0]
rec: THE......................
text_instance: 4
bbox: [319, 522, 245, 105]
bezier_pts: [319.0, 522.0, 405.37, 525.72, 486.37, 543.64, 563.0, 575.0, 549.0, 626.0, 476.76, 598.65, 399.95, 578.28, 319.0, 577.0]
rec: BEAN.....................
text_instance: 5
bbox: [352, 639, 160, 78]
bezier_pts: [360.0, 639.0, 393.84, 679.34, 444.56, 703.74, 495.0, 676.0, 511.0, 709.0, 449.28, 722.21, 397.71, 719.59, 352.0, 676.0]
rec: WORLD....................
text_instance: 6
bbox: [279, 624, 142, 159]
bezier_pts: [299.0, 624.0, 326.12, 680.15, 359.11, 732.1, 420.0, 752.0, 419.0, 782.0, 350.99, 755.6, 311.75, 697.8, 279.0, 641.0]
rec: LOCALLY..................
text_instance: 7
bbox: [431, 694, 168, 97]
bezier_pts: [432.0, 762.0, 496.89, 774.97, 546.61, 757.09, 571.0, 694.0, 598.0, 715.0, 564.2, 777.66, 499.81, 796.49, 431.0, 789.0]
rec: ROASTED..................
