text_instance: 0
bbox: [277, 283, 268, 152]
bezier_pts: [288.0, 283.0, 373.33, 310.67, 458.67, 338.33, 544.0, 366.0, 542.0, 434.0, 453.67, 414.33, 365.33, 394.67, 277.0, 375.0]
rec: Hassan...................
text_instance: 1
bbox: [357, 494, 197, 102]
bezier_pts: [357.0, 495.0, 425.91, 492.3, 495.37, 491.0, 553.0, 540.0, 547.0, 595.0, 484.02, 569.19, 427.81, 541.26, 361.0, 567.0]
rec: SJUPTOWN.................
text_instance: 2
bbox: [382, 574, 149, 57]
bezier_pts: [386.0, 574.0, 433.71, 575.34, 482.88, 588.96, 530.0, 595.0, 526.0, 630.0, 478.0, 624.33, 430.0, 618.67, 382.0, 613.0]
rec: SELAMATDATANG............
text_instance: 3
bbox: [161, 249, 109, 147]
bezier_pts: [186.0, 249.0, 223.82, 252.77, 256.56, 270.93, 269.0, 309.0, 253.0, 395.0, 222.33, 383.0, 191.67, 371.0, 161.0, 359.0]
rec: JC.......................
