text_instance: 0
bbox: [167, 574, 77, 25]
bezier_pts: [167.0, 574.0, 192.33, 574.0, 217.67, 574.0, 243.0, 574.0, 243.0, 596.0, 217.67, 596.0, 192.33, 596.0, 167.0, 596.0]
rec: Helper...................
text_instance: 1
bbox: [112, 369, 131, 28]
bezier_pts: [112.0, 369.0, 155.33, 369.0, 198.67, 369.0, 242.0, 369.0, 242.0, 395.0, 198.67, 395.0, 155.33, 395.0, 112.0, 395.0]
rec: HAILAM...................
text_instance: 2
bbox: [123, 392, 104, 21]
bezier_pts: [123.0, 392.0, 157.33, 392.0, 191.67, 392.0, 226.0, 392.0, 226.0, 411.0, 192.42, 411.77, 157.86, 411.77, 123.0, 411.0]
rec: KOPITIAM.................
text_instance: 3
bbox: [160, 511, 121, 28]
bezier_pts: [160.0, 511.0, 200.0, 511.0, 240.0, 511.0, 280.0, 511.0, 280.0, 538.0, 240.0, 538.0, 200.0, 538.0, 160.0, 538.0]
rec: Supervisor...............
text_instance: 4
bbox: [86, 512, 73, 20]
bezier_pts: [86.0, 512.0, 110.0, 512.0, 134.0, 512.0, 158.0, 512.0, 158.0, 529.0, 134.11, 530.63, 109.82, 530.61, 86.0, 529.0]
rec: Brand....................
text_instance: 5
bbox: [187, 457, 81, 19]
bezier_pts: [187.0, 457.0, 213.67, 457.0, 240.33, 457.0, 267.0, 457.0, 267.0, 474.0, 240.33, 474.28, 213.67, 476.04, 187.0, 474.0]
rec: KOSONG...................
text_instance: 6
bbox: [85, 573, 83, 21]
bezier_pts: [85.0, 573.0, 112.33, 573.0, 139.67, 573.0, 167.0, 573.0, 167.0, 591.0, 140.09, 592.47, 112.4, 592.76, 85.0, 591.0]
rec: Kitchen..................
text_instance: 7
bbox: [170, 607, 92, 22]
bezier_pts: [170.0, 607.0, 200.33, 607.0, 230.67, 607.0, 261.0, 607.0, 261.0, 626.0, 230.67, 626.0, 200.33, 626.0, 170.0, 626.0]
rec: Waitress.................
text_instance: 8
bbox: [83, 542, 53, 20]
bezier_pts: [83.0, 542.0, 100.33, 542.0, 117.67, 542.0, 135.0, 542.0, 135.0, 560.0, 117.67, 561.68, 100.33, 561.68, 83.0, 560.0]
rec: Chef.....................
text_instance: 9
bbox: [84, 605, 76, 22]
bezier_pts: [84.0, 605.0, 109.0, 605.0, 134.0, 605.0, 159.0, 605.0, 159.0, 624.0, 133.34, 624.36, 108.75, 626.01, 84.0, 624.0]
rec: Waiter...................
text_instance: 10
bbox: [94, 454, 93, 19]
bezier_pts: [94.0, 454.0, 124.67, 454.0, 155.33, 454.0, 186.0, 454.0, 186.0, 471.0, 154.92, 473.12, 125.08, 471.54, 94.0, 471.0]
rec: JAWATAN..................
text_instance: 11
bbox: [149, 281, 75, 39]
bezier_pts: [149.0, 299.0, 172.21, 268.59, 192.94, 285.61, 223.0, 301.0, 213.0, 319.0, 195.71, 298.05, 178.77, 284.55, 163.0, 313.0]
rec: ORIGINAL.................
text_instance: 12
bbox: [143, 320, 78, 45]
bezier_pts: [159.0, 320.0, 168.08, 356.01, 197.6, 360.31, 209.0, 323.0, 220.0, 326.0, 205.08, 382.28, 159.75, 377.8, 143.0, 324.0]
rec: KUALAPILAM...............
text_instance: 13
bbox: [309, 368, 175, 93]
bezier_pts: [309.0, 449.0, 337.4, 332.41, 452.29, 347.85, 483.0, 452.0, 464.0, 460.0, 442.3, 365.95, 353.94, 357.34, 326.0, 455.0]
rec: MALAYSIA.................
text_instance: 14
bbox: [88, 430, 49, 16]
bezier_pts: [88.0, 431.0, 104.56, 429.46, 119.81, 430.52, 136.0, 432.0, 135.0, 445.0, 119.67, 444.0, 104.33, 443.0, 89.0, 442.0]
rec: WE'RE....................
text_instance: 15
bbox: [136, 433, 59, 17]
bezier_pts: [136.0, 433.0, 154.67, 433.33, 173.33, 431.89, 192.0, 434.0, 194.0, 449.0, 174.51, 449.01, 155.58, 448.38, 137.0, 447.0]
rec: HIRING...................
text_instance: 16
bbox: [196, 433, 35, 17]
bezier_pts: [196.0, 435.0, 207.3, 433.41, 219.24, 432.89, 230.0, 435.0, 229.0, 449.0, 218.2, 449.1, 206.93, 448.86, 196.0, 448.0]
rec: JOIN.....................
text_instance: 17
bbox: [228, 436, 24, 16]
bezier_pts: [229.0, 437.0, 236.25, 438.49, 243.56, 432.95, 251.0, 438.0, 251.0, 450.0, 243.04, 450.08, 235.66, 449.98, 228.0, 450.0]
rec: US.......................
text_instance: 18
bbox: [250, 439, 33, 13]
bezier_pts: [250.0, 440.0, 260.67, 438.22, 271.33, 438.23, 282.0, 440.0, 281.0, 451.0, 270.6, 450.87, 260.36, 451.56, 250.0, 450.0]
rec: NOW......................
text_instance: 19
bbox: [370, 493, 53, 15]
bezier_pts: [371.0, 493.0, 387.33, 493.33, 403.67, 493.67, 420.0, 494.0, 422.0, 506.0, 404.67, 507.98, 387.33, 507.38, 370.0, 504.0]
rec: HALAL....................
