text_instance: 0
bbox: [130, 208, 56, 21]
bezier_pts: [130.0, 208.0, 148.33, 208.0, 166.67, 208.0, 185.0, 208.0, 185.0, 227.0, 166.52, 226.96, 148.92, 227.16, 130.0, 227.0]
rec: BRYCE....................
text_instance: 1
bbox: [124, 110, 125, 48]
bezier_pts: [124.0, 140.0, 159.47, 110.5, 203.13, 98.58, 248.0, 119.0, 235.0, 140.0, 201.15, 122.92, 169.52, 133.24, 141.0, 157.0]
rec: WELCOME..................
text_instance: 2
bbox: [193, 209, 76, 24]
bezier_pts: [193.0, 209.0, 217.33, 209.67, 241.67, 210.33, 266.0, 211.0, 268.0, 232.0, 243.0, 231.67, 218.0, 231.33, 193.0, 231.0]
rec: CANYON...................
text_instance: 3
bbox: [169, 230, 64, 25]
bezier_pts: [169.0, 237.0, 189.02, 224.56, 208.92, 232.0, 232.0, 234.0, 223.0, 250.0, 206.67, 251.33, 190.33, 252.67, 174.0, 254.0]
rec: CITY.....................
text_instance: 4
bbox: [248, 126, 26, 35]
bezier_pts: [251.0, 126.0, 259.54, 130.97, 268.7, 137.88, 273.0, 148.0, 266.0, 160.0, 259.57, 156.32, 254.0, 151.33, 248.0, 147.0]
rec: TO.......................
