text_instance: 0
bbox: [604, 433, 32, 18]
bezier_pts: [604.0, 433.0, 614.33, 433.0, 624.67, 433.0, 635.0, 433.0, 635.0, 450.0, 624.67, 450.0, 614.33, 450.0, 604.0, 450.0]
rec: BEER.....................
text_instance: 1
bbox: [564, 433, 32, 17]
bezier_pts: [564.0, 433.0, 574.33, 433.0, 584.67, 433.0, 595.0, 433.0, 595.0, 447.0, 584.61, 449.12, 574.03, 447.26, 564.0, 447.0]
rec: CAFE.....................
text_instance: 2
bbox: [234, 678, 44, 19]
bezier_pts: [234.0, 678.0, 248.33, 678.0, 262.67, 678.0, 277.0, 678.0, 277.0, 696.0, 262.67, 696.0, 248.33, 696.0, 234.0, 696.0]
rec: OPEN.....................
text_instance: 3
bbox: [545, 653, 86, 26]
bezier_pts: [545.0, 653.0, 573.33, 653.0, 601.67, 653.0, 630.0, 653.0, 630.0, 678.0, 601.67, 678.0, 573.33, 678.0, 545.0, 678.0]
rec: Welcome..................
text_instance: 4
bbox: [168, 392, 94, 49]
bezier_pts: [179.0, 392.0, 206.33, 395.67, 233.67, 399.33, 261.0, 403.0, 258.0, 440.0, 228.0, 437.67, 198.0, 435.33, 168.0, 433.0]
rec: COFFEE...................
text_instance: 5
bbox: [264, 401, 75, 48]
bezier_pts: [267.0, 401.0, 290.67, 403.67, 314.33, 406.33, 338.0, 409.0, 338.0, 448.0, 313.33, 444.0, 288.67, 440.0, 264.0, 436.0]
rec: HOUSE....................
text_instance: 6
bbox: [169, 895, 149, 49]
bezier_pts: [169.0, 903.0, 216.84, 891.77, 267.24, 894.94, 316.0, 904.0, 317.0, 936.0, 271.0, 938.33, 225.0, 940.67, 179.0, 943.0]
rec: KONYA....................
text_instance: 7
bbox: [490, 763, 99, 79]
bezier_pts: [490.0, 831.0, 514.93, 797.77, 551.85, 781.35, 585.0, 763.0, 588.0, 792.0, 555.33, 788.02, 527.91, 814.3, 512.0, 841.0]
rec: COFFEE...................
text_instance: 8
bbox: [599, 766, 71, 41]
bezier_pts: [602.0, 766.0, 625.35, 763.45, 646.53, 772.09, 669.0, 775.0, 661.0, 806.0, 640.33, 801.33, 619.67, 796.67, 599.0, 792.0]
rec: MILL.....................
text_instance: 9
bbox: [467, 908, 46, 82]
bezier_pts: [479.0, 989.0, 487.18, 967.07, 469.92, 941.81, 467.0, 920.0, 487.0, 908.0, 489.22, 933.12, 494.25, 959.21, 512.0, 978.0]
rec: MILL.....................
text_instance: 10
bbox: [501, 993, 108, 68]
bezier_pts: [604.0, 1060.0, 567.43, 1050.74, 531.37, 1035.88, 501.0, 1012.0, 518.0, 993.0, 548.0, 1007.67, 578.0, 1022.33, 608.0, 1037.0]
rec: COFFEE...................
text_instance: 11
bbox: [668, 964, 68, 69]
bezier_pts: [735.0, 981.0, 720.22, 999.02, 706.94, 1018.22, 688.0, 1032.0, 668.0, 1007.0, 681.0, 992.67, 694.0, 978.33, 707.0, 964.0]
rec: MILL.....................
text_instance: 12
bbox: [711, 841, 37, 117]
bezier_pts: [731.0, 841.0, 754.13, 876.35, 743.86, 918.33, 744.0, 957.0, 719.0, 945.0, 723.46, 915.07, 727.92, 881.52, 711.0, 855.0]
rec: COFFEE...................
text_instance: 13
bbox: [451, 424, 35, 20]
bezier_pts: [451.0, 425.0, 462.32, 423.1, 474.19, 423.56, 485.0, 427.0, 484.0, 443.0, 473.16, 443.42, 461.77, 443.17, 451.0, 440.0]
rec: BEER.....................
text_instance: 14
bbox: [237, 708, 37, 12]
bezier_pts: [238.0, 709.0, 248.29, 706.76, 258.93, 708.31, 270.0, 708.0, 273.0, 719.0, 261.0, 719.0, 249.0, 719.0, 237.0, 719.0]
rec: MENU.....................
text_instance: 15
bbox: [200, 824, 105, 18]
bezier_pts: [200.0, 827.0, 234.67, 826.33, 269.33, 825.67, 304.0, 825.0, 302.0, 838.0, 268.67, 839.0, 235.33, 840.0, 202.0, 841.0]
rec: TAKEOUTOR................
