text_instance: 0
bbox: [127, 285, 219, 45]
bezier_pts: [127.0, 285.0, 199.67, 285.0, 272.33, 285.0, 345.0, 285.0, 345.0, 327.0, 271.26, 327.78, 198.84, 327.85, 127.0, 327.0]
rec: SARDINE..................
text_instance: 1
bbox: [70, 236, 45, 31]
bezier_pts: [70.0, 236.0, 84.67, 236.0, 99.33, 236.0, 114.0, 236.0, 114.0, 266.0, 99.33, 266.0, 84.67, 266.0, 70.0, 266.0]
rec: RSC......................
text_instance: 2
bbox: [236, 156, 97, 17]
bezier_pts: [236.0, 156.0, 268.0, 156.0, 300.0, 156.0, 332.0, 156.0, 332.0, 170.0, 299.96, 171.65, 268.09, 171.66, 236.0, 170.0]
rec: BRAND....................
text_instance: 3
bbox: [76, 98, 272, 101]
bezier_pts: [76.0, 152.0, 153.63, 82.71, 256.73, 97.73, 347.0, 101.0, 327.0, 156.0, 255.5, 139.68, 175.42, 157.59, 113.0, 198.0]
rec: CANNERY..................
text_instance: 4
bbox: [350, 106, 141, 101]
bezier_pts: [367.0, 106.0, 408.79, 128.2, 457.5, 141.46, 490.0, 174.0, 439.0, 206.0, 411.4, 185.26, 383.54, 168.04, 350.0, 155.0]
rec: ROW......................
text_instance: 5
bbox: [382, 232, 103, 49]
bezier_pts: [382.0, 244.0, 415.67, 240.0, 449.33, 236.0, 483.0, 232.0, 484.0, 258.0, 454.27, 277.7, 421.68, 272.02, 388.0, 280.0]
rec: MONTEREY.................
text_instance: 6
bbox: [414, 254, 98, 44]
bezier_pts: [414.0, 268.0, 443.47, 259.64, 480.76, 258.41, 511.0, 254.0, 511.0, 277.0, 482.21, 294.3, 447.06, 295.85, 415.0, 297.0]
rec: California...............
text_instance: 7
bbox: [183, 342, 190, 28]
bezier_pts: [185.0, 342.0, 245.96, 366.66, 308.74, 353.77, 368.0, 346.0, 372.0, 357.0, 307.21, 376.03, 245.99, 371.03, 183.0, 358.0]
rec: wwwcanneryrowsardinecocom
text_instance: 8
bbox: [346, 292, 63, 45]
bezier_pts: [346.0, 293.0, 366.0, 290.97, 387.4, 292.27, 408.0, 292.0, 405.0, 334.0, 386.38, 336.51, 366.78, 336.21, 348.0, 336.0]
rec: CO.......................
