text_instance: 0
bbox: [259, 394, 80, 125]
bezier_pts: [259.0, 465.0, 280.28, 439.94, 296.09, 411.16, 326.0, 394.0, 338.0, 464.0, 309.27, 471.67, 294.14, 495.73, 279.0, 518.0]
rec: TEH......................
text_instance: 1
bbox: [316, 443, 80, 81]
bezier_pts: [316.0, 479.0, 337.04, 457.58, 367.07, 451.5, 395.0, 443.0, 390.0, 502.0, 365.67, 509.0, 341.33, 516.0, 317.0, 523.0]
rec: PLACE....................
text_instance: 2
bbox: [539, 299, 114, 59]
bezier_pts: [539.0, 312.0, 571.0, 307.67, 603.0, 303.33, 635.0, 299.0, 652.0, 338.0, 618.39, 344.64, 584.39, 352.85, 550.0, 357.0]
rec: Bespoke..................
text_instance: 3
bbox: [587, 350, 65, 40]
bezier_pts: [587.0, 358.0, 604.67, 355.33, 622.33, 352.67, 640.0, 350.0, 651.0, 378.0, 635.26, 382.96, 619.96, 387.65, 604.0, 389.0]
rec: Roti.....................
text_instance: 4
bbox: [600, 10, 113, 86]
bezier_pts: [601.0, 11.0, 640.71, 4.16, 679.05, 22.21, 712.0, 39.0, 712.0, 95.0, 672.9, 81.79, 635.53, 65.85, 600.0, 48.0]
rec: REST.....................
text_instance: 5
bbox: [333, 359, 148, 104]
bezier_pts: [333.0, 386.0, 378.9, 355.36, 429.38, 355.62, 480.0, 369.0, 468.0, 462.0, 425.72, 450.33, 377.41, 453.63, 334.0, 458.0]
rec: TARIK....................
