text_instance: 0
bbox: [16, 209, 299, 52]
bezier_pts: [16.0, 209.0, 115.33, 209.0, 214.67, 209.0, 314.0, 209.0, 314.0, 259.0, 214.67, 259.0, 115.33, 259.0, 16.0, 259.0]
rec: PUBLIC...................
text_instance: 1
bbox: [972, 400, 88, 40]
bezier_pts: [972.0, 400.0, 1001.0, 400.0, 1030.0, 400.0, 1059.0, 400.0, 1059.0, 436.0, 1029.71, 437.97, 1001.4, 438.53, 972.0, 436.0]
rec: CARDERO..................
text_instance: 2
bbox: [5, 262, 315, 49]
bezier_pts: [5.0, 262.0, 109.67, 262.0, 214.33, 262.0, 319.0, 262.0, 319.0, 307.0, 214.8, 308.51, 109.2, 308.51, 5.0, 307.0]
rec: PUBLIC...................
text_instance: 3
bbox: [27, 153, 286, 54]
bezier_pts: [27.0, 153.0, 122.0, 153.0, 217.0, 153.0, 312.0, 153.0, 312.0, 205.0, 217.29, 204.91, 122.38, 205.96, 27.0, 205.0]
rec: ROBSON...................
text_instance: 4
bbox: [980, 37, 99, 55]
bezier_pts: [980.0, 37.0, 1012.67, 37.0, 1045.33, 37.0, 1078.0, 37.0, 1078.0, 89.0, 1045.33, 89.0, 1012.67, 89.0, 980.0, 89.0]
rec: PRIDE....................
text_instance: 5
bbox: [431, 488, 104, 42]
bezier_pts: [431.0, 488.0, 465.33, 488.0, 499.67, 488.0, 534.0, 488.0, 534.0, 526.0, 498.89, 526.76, 465.18, 528.35, 431.0, 526.0]
rec: BELSEY...................
text_instance: 6
bbox: [344, 354, 161, 98]
bezier_pts: [344.0, 354.0, 397.33, 354.0, 450.67, 354.0, 504.0, 354.0, 504.0, 449.0, 450.67, 449.0, 397.33, 449.0, 344.0, 449.0]
rec: city.....................
text_instance: 7
bbox: [220, 343, 85, 24]
bezier_pts: [220.0, 343.0, 248.0, 343.0, 276.0, 343.0, 304.0, 343.0, 304.0, 365.0, 275.97, 365.32, 248.08, 367.18, 220.0, 365.0]
rec: REAR.....................
text_instance: 8
bbox: [41, 336, 127, 32]
bezier_pts: [41.0, 336.0, 83.0, 336.0, 125.0, 336.0, 167.0, 336.0, 167.0, 364.0, 123.83, 366.12, 82.42, 366.65, 41.0, 364.0]
rec: PARKING..................
text_instance: 9
bbox: [49, 422, 107, 49]
bezier_pts: [49.0, 422.0, 84.33, 422.0, 119.67, 422.0, 155.0, 422.0, 155.0, 469.0, 119.13, 470.78, 84.55, 470.37, 49.0, 469.0]
rec: GRAND....................
text_instance: 10
bbox: [160, 422, 150, 58]
bezier_pts: [160.0, 422.0, 209.67, 422.0, 259.33, 422.0, 309.0, 422.0, 309.0, 477.0, 259.24, 479.03, 210.28, 477.32, 160.0, 477.0]
rec: OPENING..................
text_instance: 11
bbox: [135, 477, 62, 24]
bezier_pts: [135.0, 477.0, 155.33, 477.0, 175.67, 477.0, 196.0, 477.0, 196.0, 498.0, 175.6, 499.67, 155.64, 499.55, 135.0, 498.0]
rec: FARM.....................
text_instance: 12
bbox: [123, 10, 236, 69]
bezier_pts: [123.0, 10.0, 199.25, 11.86, 278.2, 8.12, 355.0, 17.0, 358.0, 78.0, 281.67, 73.33, 205.33, 68.67, 129.0, 64.0]
rec: PUBLIC...................
text_instance: 13
bbox: [53, 90, 78, 62]
bezier_pts: [53.0, 133.0, 73.33, 118.67, 93.67, 104.33, 114.0, 90.0, 130.0, 117.0, 113.53, 129.77, 96.49, 141.14, 79.0, 151.0]
rec: 1610.....................
text_instance: 14
bbox: [139, 78, 147, 84]
bezier_pts: [139.0, 78.0, 192.59, 83.33, 242.15, 102.52, 285.0, 134.0, 258.0, 161.0, 232.21, 124.06, 189.63, 116.65, 147.0, 119.0]
rec: ROBSON...................
text_instance: 15
bbox: [79, 479, 43, 23]
bezier_pts: [79.0, 480.0, 92.0, 479.67, 105.0, 479.33, 118.0, 479.0, 121.0, 500.0, 109.0, 500.0, 97.0, 500.0, 85.0, 500.0]
rec: Kim......................
text_instance: 16
bbox: [205, 479, 74, 28]
bezier_pts: [206.0, 479.0, 229.33, 480.0, 252.67, 481.0, 276.0, 482.0, 278.0, 502.0, 254.11, 504.18, 229.99, 505.15, 205.0, 505.0]
rec: Market...................
text_instance: 17
bbox: [39, 716, 57, 41]
bezier_pts: [39.0, 717.0, 57.67, 716.67, 76.33, 716.33, 95.0, 716.0, 89.0, 752.0, 73.86, 755.26, 58.9, 756.27, 44.0, 755.0]
rec: HAI......................
text_instance: 18
bbox: [386, 31, 70, 69]
bezier_pts: [387.0, 31.0, 408.26, 37.85, 429.88, 37.23, 451.0, 46.0, 455.0, 99.0, 432.0, 94.0, 409.0, 89.0, 386.0, 84.0]
rec: MA.......................
text_instance: 19
bbox: [178, 344, 45, 28]
bezier_pts: [182.0, 345.0, 194.55, 341.65, 207.52, 347.8, 220.0, 347.0, 222.0, 371.0, 207.51, 371.45, 192.72, 369.16, 178.0, 368.0]
rec: AT.......................
text_instance: 20
bbox: [24, 4, 69, 61]
bezier_pts: [26.0, 6.0, 47.5, 2.68, 68.28, 1.63, 89.0, 7.0, 92.0, 64.0, 69.33, 63.0, 46.67, 62.0, 24.0, 61.0]
rec: N........................
text_instance: 21
bbox: [3, 809, 50, 33]
bezier_pts: [6.0, 809.0, 21.24, 811.83, 36.44, 807.15, 52.0, 813.0, 49.0, 840.0, 33.67, 840.33, 18.33, 840.67, 3.0, 841.0]
rec: ustom....................
text_instance: 22
bbox: [3, 870, 46, 21]
bezier_pts: [3.0, 870.0, 17.49, 870.31, 32.74, 868.96, 48.0, 871.0, 42.0, 889.0, 28.95, 889.79, 15.69, 889.34, 3.0, 888.0]
rec: 78-8.....................
