text_instance: 0
bbox: [447, 332, 61, 28]
bezier_pts: [447.0, 332.0, 467.0, 332.0, 487.0, 332.0, 507.0, 332.0, 507.0, 358.0, 487.0, 358.0, 467.0, 358.0, 447.0, 358.0]
rec: Hoa......................
text_instance: 1
bbox: [924, 403, 136, 73]
bezier_pts: [924.0, 403.0, 969.0, 403.0, 1014.0, 403.0, 1059.0, 403.0, 1059.0, 475.0, 1014.0, 475.0, 969.0, 475.0, 924.0, 475.0]
rec: Thank....................
text_instance: 2
bbox: [328, 441, 49, 23]
bezier_pts: [328.0, 441.0, 344.0, 441.0, 360.0, 441.0, 376.0, 441.0, 376.0, 463.0, 360.0, 463.0, 344.0, 463.0, 328.0, 463.0]
rec: SAP......................
text_instance: 3
bbox: [997, 162, 151, 112]
bezier_pts: [997.0, 211.0, 1040.91, 188.09, 1092.67, 178.34, 1138.0, 162.0, 1147.0, 226.0, 1101.69, 242.3, 1054.31, 258.05, 1009.0, 273.0]
rec: Canon....................
text_instance: 4
bbox: [1202, 63, 75, 77]
bezier_pts: [1202.0, 88.0, 1226.0, 79.67, 1250.0, 71.33, 1274.0, 63.0, 1276.0, 120.0, 1254.33, 126.33, 1232.67, 132.67, 1211.0, 139.0]
rec: Man......................
text_instance: 5
bbox: [518, 331, 76, 45]
bezier_pts: [521.0, 331.0, 545.0, 335.0, 569.0, 339.0, 593.0, 343.0, 590.0, 375.0, 566.0, 371.33, 542.0, 367.67, 518.0, 364.0]
rec: Tuoi.....................
text_instance: 6
bbox: [362, 381, 172, 64]
bezier_pts: [368.0, 381.0, 422.67, 382.46, 477.33, 382.97, 532.0, 388.0, 533.0, 444.0, 476.0, 439.33, 419.0, 434.67, 362.0, 430.0]
rec: HONG.....................
text_instance: 7
bbox: [547, 391, 117, 56]
bezier_pts: [547.0, 391.0, 585.33, 393.33, 623.67, 395.67, 662.0, 398.0, 663.0, 446.0, 624.33, 444.67, 585.67, 443.33, 547.0, 442.0]
rec: DAO......................
text_instance: 8
bbox: [1072, 412, 107, 67]
bezier_pts: [1084.0, 412.0, 1115.33, 414.67, 1146.67, 417.33, 1178.0, 420.0, 1168.0, 478.0, 1136.05, 477.0, 1103.77, 472.93, 1072.0, 466.0]
rec: Binh.....................
text_instance: 9
bbox: [380, 442, 319, 45]
bezier_pts: [386.0, 442.0, 490.0, 448.0, 594.0, 454.0, 698.0, 460.0, 695.0, 486.0, 590.0, 480.0, 485.0, 474.0, 380.0, 468.0]
rec: 13781378ACuraBacChoBenTha
text_instance: 10
bbox: [436, 510, 97, 23]
bezier_pts: [436.0, 510.0, 468.0, 510.0, 500.0, 510.0, 532.0, 510.0, 523.0, 532.0, 497.33, 531.67, 471.67, 531.33, 446.0, 531.0]
rec: 0918117314...............
text_instance: 11
bbox: [325, 472, 181, 26]
bezier_pts: [325.0, 472.0, 385.2, 474.17, 446.47, 472.14, 503.0, 478.0, 505.0, 496.0, 446.84, 497.2, 387.41, 495.15, 328.0, 495.0]
rec: DuongLETHANHTON..........
