text_instance: 0
bbox: [377, 389, 114, 43]
bezier_pts: [377.0, 389.0, 414.67, 389.0, 452.33, 389.0, 490.0, 389.0, 490.0, 431.0, 452.33, 431.0, 414.67, 431.0, 377.0, 431.0]
rec: ISTIMEWA.................
text_instance: 1
bbox: [594, 427, 72, 63]
bezier_pts: [594.0, 427.0, 617.67, 427.0, 641.33, 427.0, 665.0, 427.0, 665.0, 489.0, 641.33, 489.0, 617.67, 489.0, 594.0, 489.0]
rec: ROS......................
text_instance: 2
bbox: [671, 424, 90, 63]
bezier_pts: [671.0, 424.0, 700.67, 424.0, 730.33, 424.0, 760.0, 424.0, 760.0, 486.0, 730.33, 486.0, 700.67, 486.0, 671.0, 486.0]
rec: AYAM.....................
text_instance: 3
bbox: [310, 427, 77, 66]
bezier_pts: [310.0, 427.0, 335.33, 427.0, 360.67, 427.0, 386.0, 427.0, 386.0, 492.0, 360.67, 492.0, 335.33, 492.0, 310.0, 492.0]
rec: NASI.....................
text_instance: 4
bbox: [562, 388, 58, 41]
bezier_pts: [562.0, 388.0, 581.0, 388.0, 600.0, 388.0, 619.0, 388.0, 619.0, 426.0, 599.66, 427.42, 581.22, 427.76, 562.0, 426.0]
rec: TIAP.....................
text_instance: 5
bbox: [624, 385, 67, 44]
bezier_pts: [624.0, 385.0, 646.0, 385.0, 668.0, 385.0, 690.0, 385.0, 690.0, 428.0, 668.0, 428.0, 646.0, 428.0, 624.0, 428.0]
rec: HARI.....................
text_instance: 6
bbox: [494, 388, 57, 43]
bezier_pts: [494.0, 388.0, 512.67, 388.0, 531.33, 388.0, 550.0, 388.0, 550.0, 429.0, 531.33, 429.0, 512.67, 429.0, 494.0, 429.0]
rec: TIAP.....................
text_instance: 7
bbox: [395, 427, 122, 65]
bezier_pts: [395.0, 427.0, 435.33, 427.0, 475.67, 427.0, 516.0, 427.0, 516.0, 490.0, 475.67, 490.0, 435.33, 490.0, 395.0, 490.0]
rec: TOMATO...................
text_instance: 8
bbox: [245, 328, 200, 139]
bezier_pts: [245.0, 429.0, 301.5, 381.47, 365.49, 351.54, 434.0, 328.0, 444.0, 372.0, 380.22, 397.88, 323.28, 417.85, 273.0, 466.0]
rec: RESTORAN.................
text_instance: 9
bbox: [451, 317, 201, 52]
bezier_pts: [451.0, 326.0, 516.37, 312.79, 586.14, 315.69, 651.0, 327.0, 639.0, 368.0, 581.59, 351.6, 516.61, 351.57, 460.0, 367.0]
rec: TAJUDDIN.................
text_instance: 10
bbox: [650, 334, 180, 123]
bezier_pts: [663.0, 334.0, 728.27, 348.69, 787.55, 376.82, 829.0, 426.0, 801.0, 456.0, 756.13, 415.04, 708.58, 384.31, 650.0, 372.0]
rec: HUSSAIN..................
text_instance: 11
bbox: [526, 432, 64, 56]
bezier_pts: [526.0, 434.0, 546.67, 433.33, 567.33, 432.67, 588.0, 432.0, 589.0, 487.0, 570.0, 486.33, 551.0, 485.67, 532.0, 485.0]
rec: DAN......................
text_instance: 12
bbox: [688, 563, 108, 44]
bezier_pts: [688.0, 566.0, 723.67, 565.0, 759.33, 564.0, 795.0, 563.0, 791.0, 600.0, 756.81, 603.22, 723.03, 604.24, 690.0, 603.0]
rec: KELUAR...................
