text_instance: 0
bbox: [628, 113, 133, 73]
bezier_pts: [628.0, 113.0, 672.0, 113.0, 716.0, 113.0, 760.0, 113.0, 760.0, 181.0, 716.0, 181.0, 672.0, 181.0, 628.0, 181.0]
rec: jelco....................
text_instance: 1
bbox: [513, 641, 203, 157]
bezier_pts: [513.0, 677.0, 614.23, 595.88, 675.52, 680.3, 715.0, 772.0, 688.0, 797.0, 653.71, 725.59, 594.98, 645.84, 513.0, 720.0]
rec: OWLGANIC.................
text_instance: 2
bbox: [539, 969, 106, 111]
bezier_pts: [546.0, 969.0, 574.98, 984.13, 592.19, 1027.2, 636.0, 1016.0, 644.0, 1079.0, 598.66, 1069.04, 563.82, 1041.87, 539.0, 1004.0]
rec: CAFE.....................
text_instance: 3
bbox: [26, 94, 178, 118]
bezier_pts: [26.0, 156.0, 74.5, 129.23, 130.42, 114.73, 183.0, 94.0, 203.0, 128.0, 152.0, 155.67, 101.0, 183.33, 50.0, 211.0]
rec: NATURAL..................
text_instance: 4
bbox: [185, 135, 75, 78]
bezier_pts: [185.0, 142.0, 208.31, 132.79, 233.76, 132.69, 258.0, 141.0, 259.0, 207.0, 235.02, 210.94, 211.19, 211.12, 187.0, 212.0]
rec: CH.......................
text_instance: 5
bbox: [564, 298, 56, 20]
bezier_pts: [564.0, 298.0, 582.0, 298.0, 600.0, 298.0, 618.0, 298.0, 619.0, 316.0, 601.0, 315.67, 583.0, 315.33, 565.0, 315.0]
rec: AllDaySpecial............
text_instance: 6
bbox: [571, 317, 38, 23]
bezier_pts: [574.0, 317.0, 584.0, 317.67, 594.0, 318.33, 604.0, 319.0, 608.0, 339.0, 595.67, 338.0, 583.33, 337.0, 571.0, 336.0]
rec: Free.....................
text_instance: 7
bbox: [563, 340, 55, 17]
bezier_pts: [564.0, 340.0, 580.67, 341.0, 597.33, 342.0, 614.0, 343.0, 617.0, 354.0, 599.2, 355.28, 580.8, 353.39, 563.0, 352.0]
rec: HealthyAngKu.............
text_instance: 8
bbox: [579, 353, 24, 17]
bezier_pts: [579.0, 354.0, 586.16, 352.3, 593.02, 355.32, 600.0, 356.0, 602.0, 369.0, 594.38, 368.83, 586.77, 369.59, 579.0, 368.0]
rec: Kuih.....................
text_instance: 9
bbox: [434, 239, 65, 16]
bezier_pts: [434.0, 239.0, 455.33, 239.0, 476.67, 239.0, 498.0, 239.0, 498.0, 254.0, 476.67, 254.0, 455.33, 254.0, 434.0, 254.0]
rec: GovernmentGreen..........
text_instance: 10
bbox: [446, 255, 41, 14]
bezier_pts: [446.0, 257.0, 459.33, 253.19, 472.67, 254.33, 486.0, 256.0, 485.0, 266.0, 472.56, 267.56, 459.64, 267.55, 447.0, 266.0]
rec: initiatives..............
text_instance: 11
bbox: [433, 274, 65, 22]
bezier_pts: [433.0, 274.0, 454.33, 275.33, 475.67, 276.67, 497.0, 278.0, 497.0, 293.0, 475.59, 295.64, 454.51, 295.27, 433.0, 292.0]
rec: Bringyourown.............
text_instance: 12
bbox: [434, 295, 62, 22]
bezier_pts: [434.0, 295.0, 454.33, 296.0, 474.67, 297.0, 495.0, 298.0, 494.0, 315.0, 473.97, 316.33, 454.85, 314.88, 436.0, 311.0]
rec: shoppingbag..............
