text_instance: 0
bbox: [687, 247, 116, 63]
bezier_pts: [687.0, 247.0, 725.33, 247.0, 763.67, 247.0, 802.0, 247.0, 802.0, 308.0, 763.67, 308.0, 725.33, 308.0, 687.0, 308.0]
rec: HOTEL....................
text_instance: 1
bbox: [427, 251, 98, 66]
bezier_pts: [427.0, 251.0, 459.33, 251.0, 491.67, 251.0, 524.0, 251.0, 524.0, 316.0, 491.67, 316.0, 459.33, 316.0, 427.0, 316.0]
rec: BLUE.....................
text_instance: 2
bbox: [529, 250, 153, 66]
bezier_pts: [529.0, 250.0, 579.67, 250.0, 630.33, 250.0, 681.0, 250.0, 681.0, 315.0, 630.33, 315.0, 579.67, 315.0, 529.0, 315.0]
rec: DIAMOND..................
text_instance: 3
bbox: [700, 360, 94, 73]
bezier_pts: [700.0, 400.0, 727.33, 386.67, 754.67, 373.33, 782.0, 360.0, 793.0, 391.0, 766.29, 406.41, 739.8, 418.44, 713.0, 432.0]
rec: HUAN.....................
text_instance: 4
bbox: [611, 403, 94, 46]
bezier_pts: [615.0, 414.0, 639.33, 410.33, 663.67, 406.67, 688.0, 403.0, 704.0, 432.0, 673.24, 438.27, 642.31, 441.78, 611.0, 442.0]
rec: KHOA.....................
text_instance: 5
bbox: [533, 401, 72, 48]
bezier_pts: [545.0, 401.0, 564.0, 406.0, 583.0, 411.0, 602.0, 416.0, 604.0, 448.0, 580.33, 443.0, 556.67, 438.0, 533.0, 433.0]
rec: THU......................
text_instance: 6
bbox: [505, 393, 28, 35]
bezier_pts: [509.0, 393.0, 516.67, 396.0, 524.33, 399.0, 532.0, 402.0, 530.0, 427.0, 520.7, 425.97, 512.78, 421.44, 505.0, 417.0]
rec: 50.......................
