text_instance: 0
bbox: [192, 70, 135, 54]
bezier_pts: [192.0, 108.0, 228.62, 69.84, 277.65, 71.93, 326.0, 70.0, 322.0, 93.0, 281.67, 103.0, 241.33, 113.0, 201.0, 123.0]
rec: BARANGAY.................
text_instance: 1
bbox: [392, 78, 76, 48]
bezier_pts: [393.0, 78.0, 420.73, 81.08, 452.07, 81.55, 467.0, 109.0, 463.0, 125.0, 439.33, 117.0, 415.67, 109.0, 392.0, 101.0]
rec: ELENA....................
text_instance: 2
bbox: [247, 107, 72, 35]
bezier_pts: [247.0, 121.0, 270.64, 111.53, 292.96, 110.22, 317.0, 107.0, 318.0, 128.0, 296.65, 133.8, 276.06, 139.1, 254.0, 141.0]
rec: KAPT.....................
text_instance: 3
bbox: [327, 106, 54, 26]
bezier_pts: [327.0, 106.0, 344.67, 107.67, 362.33, 109.33, 380.0, 111.0, 380.0, 131.0, 362.82, 131.09, 344.81, 130.9, 327.0, 130.0]
rec: MOY......................
text_instance: 4
bbox: [161, 321, 98, 28]
bezier_pts: [161.0, 321.0, 192.67, 321.0, 224.33, 321.0, 256.0, 321.0, 258.0, 348.0, 226.24, 348.01, 195.79, 348.56, 163.0, 347.0]
rec: LUNGSOD..................
text_instance: 5
bbox: [340, 321, 106, 26]
bezier_pts: [340.0, 323.0, 374.67, 322.33, 409.33, 321.67, 444.0, 321.0, 445.0, 346.0, 410.33, 346.0, 375.67, 346.0, 341.0, 346.0]
rec: MABUTING.................
text_instance: 6
bbox: [448, 321, 64, 27]
bezier_pts: [450.0, 321.0, 470.33, 321.0, 490.67, 321.0, 511.0, 321.0, 511.0, 344.0, 489.75, 346.39, 469.15, 347.02, 448.0, 346.0]
rec: UGALI....................
text_instance: 7
bbox: [331, 71, 50, 29]
bezier_pts: [333.0, 72.0, 349.18, 70.07, 364.57, 70.46, 380.0, 74.0, 380.0, 99.0, 363.67, 98.0, 347.33, 97.0, 331.0, 96.0]
rec: STA......................
text_instance: 8
bbox: [385, 112, 37, 33]
bezier_pts: [391.0, 112.0, 400.95, 116.62, 411.97, 117.4, 421.0, 123.0, 412.0, 142.0, 402.08, 141.78, 392.95, 138.59, 385.0, 133.0]
rec: ST.......................
text_instance: 9
bbox: [261, 321, 34, 28]
bezier_pts: [261.0, 321.0, 272.0, 321.0, 283.0, 321.0, 294.0, 321.0, 294.0, 347.0, 283.1, 348.66, 272.17, 348.67, 261.0, 347.0]
rec: NG.......................
text_instance: 10
bbox: [294, 320, 48, 29]
bezier_pts: [294.0, 321.0, 309.67, 320.67, 325.33, 320.33, 341.0, 320.0, 339.0, 348.0, 324.33, 348.0, 309.67, 348.0, 295.0, 348.0]
rec: MAY......................
text_instance: 11
bbox: [83, 297, 32, 36]
bezier_pts: [83.0, 330.0, 86.56, 316.18, 97.02, 304.55, 111.0, 297.0, 114.0, 306.0, 101.36, 310.29, 98.28, 321.07, 94.0, 332.0]
rec: LUNGSOD..................
text_instance: 12
bbox: [113, 297, 14, 11]
bezier_pts: [113.0, 298.0, 117.17, 295.79, 121.51, 297.46, 126.0, 297.0, 125.0, 306.0, 121.42, 307.67, 117.57, 307.67, 114.0, 306.0]
rec: NG.......................
text_instance: 13
bbox: [125, 296, 34, 36]
bezier_pts: [129.0, 296.0, 144.51, 302.85, 157.5, 313.55, 158.0, 330.0, 148.0, 331.0, 145.47, 314.92, 135.49, 315.74, 125.0, 306.0]
rec: MARIKINA.................
text_instance: 14
bbox: [86, 334, 17, 25]
bezier_pts: [93.0, 334.0, 98.34, 343.01, 103.62, 351.84, 102.0, 352.0, 97.0, 358.0, 88.14, 349.69, 83.89, 343.08, 86.0, 339.0]
rec: 1630.....................
text_instance: 15
bbox: [100, 354, 43, 14]
bezier_pts: [103.0, 354.0, 115.0, 354.0, 127.0, 354.0, 139.0, 354.0, 142.0, 363.0, 127.93, 365.78, 113.86, 365.19, 100.0, 362.0]
rec: PILIPINAS................
text_instance: 16
bbox: [141, 335, 17, 23]
bezier_pts: [141.0, 351.0, 139.87, 345.06, 146.41, 347.92, 148.0, 335.0, 157.0, 338.0, 154.42, 346.71, 154.5, 354.36, 146.0, 357.0]
rec: 1996.....................
text_instance: 17
bbox: [283, 148, 93, 163]
bezier_pts: [283.0, 148.0, 313.67, 148.0, 344.33, 148.0, 375.0, 148.0, 372.0, 308.0, 344.0, 308.67, 316.0, 309.33, 288.0, 310.0]
rec: 1........................
