text_instance: 0
bbox: [308, 202, 49, 16]
bezier_pts: [308.0, 202.0, 324.0, 202.0, 340.0, 202.0, 356.0, 202.0, 356.0, 216.0, 340.0, 216.0, 324.0, 216.0, 308.0, 216.0]
rec: WIRING...................
text_instance: 1
bbox: [58, 153, 147, 28]
bezier_pts: [58.0, 153.0, 106.67, 157.0, 155.33, 161.0, 204.0, 165.0, 204.0, 180.0, 155.67, 177.33, 107.33, 174.67, 59.0, 172.0]
rec: LIGHTING FIXTURES........
text_instance: 2
bbox: [78, 171, 111, 26]
bezier_pts: [80.0, 171.0, 116.0, 173.67, 152.0, 176.33, 188.0, 179.0, 187.0, 196.0, 150.67, 193.33, 114.33, 190.67, 78.0, 188.0]
rec: OAK FURNITURE............
text_instance: 3
bbox: [272, 177, 129, 58]
bezier_pts: [272.0, 218.0, 307.64, 156.66, 361.36, 167.01, 400.0, 220.0, 392.0, 234.0, 362.53, 185.78, 315.2, 173.1, 282.0, 228.0]
rec: RESIDENTIAL COMMERCIAL...
text_instance: 4
bbox: [295, 214, 86, 19]
bezier_pts: [295.0, 214.0, 323.33, 216.0, 351.67, 218.0, 380.0, 220.0, 379.0, 232.0, 351.0, 231.0, 323.0, 230.0, 295.0, 229.0]
rec: CONTRACTORS..............
text_instance: 5
bbox: [200, 221, 193, 29]
bezier_pts: [205.0, 221.0, 267.33, 225.0, 329.67, 229.0, 392.0, 233.0, 392.0, 249.0, 328.25, 247.03, 263.2, 242.24, 200.0, 236.0]
rec: HALE MOON BAY ELECTRIC...
text_instance: 6
bbox: [208, 237, 86, 19]
bezier_pts: [212.0, 237.0, 239.0, 239.0, 266.0, 241.0, 293.0, 243.0, 293.0, 255.0, 264.72, 255.26, 235.86, 253.3, 208.0, 252.0]
rec: ELECTRICAL...............
text_instance: 7
bbox: [222, 252, 67, 19]
bezier_pts: [224.0, 252.0, 245.33, 253.0, 266.67, 254.0, 288.0, 255.0, 288.0, 270.0, 266.0, 268.33, 244.0, 266.67, 222.0, 265.0]
rec: SUPPLIES.................
text_instance: 8
bbox: [142, 292, 47, 21]
bezier_pts: [142.0, 292.0, 157.33, 292.67, 172.67, 293.33, 188.0, 294.0, 185.0, 312.0, 170.83, 311.51, 155.91, 312.04, 142.0, 309.0]
rec: GIFTS....................
text_instance: 9
bbox: [197, 297, 98, 21]
bezier_pts: [198.0, 297.0, 230.0, 298.33, 262.0, 299.67, 294.0, 301.0, 294.0, 317.0, 261.67, 315.67, 229.33, 314.33, 197.0, 313.0]
rec: ACCESSORIES..............
text_instance: 10
bbox: [225, 338, 24, 39]
bezier_pts: [225.0, 350.0, 229.96, 345.57, 234.07, 338.86, 242.0, 338.0, 248.0, 364.0, 250.35, 365.55, 241.87, 378.24, 232.0, 376.0]
rec: ss.......................
