text_instance: 0
bbox: [157, 135, 60, 41]
bezier_pts: [157.0, 152.0, 174.12, 139.93, 197.21, 138.9, 216.0, 135.0, 216.0, 164.0, 196.33, 167.67, 176.67, 171.33, 157.0, 175.0]
rec: RBEIT....................
text_instance: 1
bbox: [233, 103, 108, 56]
bezier_pts: [233.0, 128.0, 262.98, 101.7, 304.75, 102.79, 340.0, 105.0, 329.0, 140.0, 296.73, 128.32, 263.65, 136.29, 237.0, 158.0]
rec: MACHT....................
text_instance: 2
bbox: [358, 83, 99, 57]
bezier_pts: [358.0, 104.0, 389.0, 97.0, 420.0, 90.0, 451.0, 83.0, 456.0, 122.0, 424.67, 127.67, 393.33, 133.33, 362.0, 139.0]
rec: FRE......................
