text_instance: 0
bbox: [150, 259, 56, 25]
bezier_pts: [154.0, 259.0, 169.54, 267.77, 186.0, 266.24, 204.0, 262.0, 205.0, 283.0, 186.16, 282.07, 168.24, 281.45, 150.0, 277.0]
rec: Schwarzen................
text_instance: 1
bbox: [204, 258, 27, 27]
bezier_pts: [204.0, 263.0, 210.0, 261.33, 216.0, 259.67, 222.0, 258.0, 230.0, 270.0, 221.67, 274.67, 213.33, 279.33, 205.0, 284.0]
rec: Role.....................
text_instance: 2
bbox: [128, 251, 27, 26]
bezier_pts: [128.0, 251.0, 136.0, 255.0, 144.0, 259.0, 152.0, 263.0, 154.0, 276.0, 145.33, 272.33, 136.67, 268.67, 128.0, 265.0]
rec: Sum......................
