text_instance: 0
bbox: [288, 451, 74, 38]
bezier_pts: [288.0, 451.0, 312.33, 451.0, 336.67, 451.0, 361.0, 451.0, 361.0, 488.0, 336.67, 488.0, 312.33, 488.0, 288.0, 488.0]
rec: GATE.....................
text_instance: 1
bbox: [223, 452, 57, 37]
bezier_pts: [223.0, 452.0, 241.67, 452.0, 260.33, 452.0, 279.0, 452.0, 279.0, 487.0, 260.38, 489.04, 241.34, 487.4, 223.0, 487.0]
rec: THE......................
text_instance: 2
bbox: [220, 405, 82, 40]
bezier_pts: [220.0, 405.0, 247.0, 405.0, 274.0, 405.0, 301.0, 405.0, 301.0, 443.0, 274.63, 444.78, 246.99, 444.5, 220.0, 443.0]
rec: PLEASE...................
text_instance: 3
bbox: [1339, 474, 44, 24]
bezier_pts: [1339.0, 474.0, 1353.33, 474.0, 1367.67, 474.0, 1382.0, 474.0, 1382.0, 495.0, 1367.69, 497.82, 1353.35, 497.73, 1339.0, 495.0]
rec: prof.....................
text_instance: 4
bbox: [1131, 390, 92, 31]
bezier_pts: [1131.0, 390.0, 1161.33, 390.0, 1191.67, 390.0, 1222.0, 390.0, 1222.0, 419.0, 1191.59, 420.35, 1162.24, 420.63, 1131.0, 419.0]
rec: Quality..................
text_instance: 5
bbox: [1064, 467, 126, 31]
bezier_pts: [1064.0, 467.0, 1105.67, 467.0, 1147.33, 467.0, 1189.0, 467.0, 1189.0, 494.0, 1147.32, 496.96, 1105.73, 497.0, 1064.0, 494.0]
rec: Community................
text_instance: 6
bbox: [305, 400, 61, 45]
bezier_pts: [305.0, 400.0, 325.0, 400.0, 345.0, 400.0, 365.0, 400.0, 365.0, 443.0, 345.0, 443.0, 325.0, 443.0, 305.0, 443.0]
rec: SHUT.....................
text_instance: 7
bbox: [1193, 470, 71, 29]
bezier_pts: [1193.0, 470.0, 1216.33, 470.0, 1239.67, 470.0, 1263.0, 470.0, 1263.0, 495.0, 1239.71, 498.03, 1216.25, 497.86, 1193.0, 495.0]
rec: based....................
text_instance: 8
bbox: [1227, 392, 37, 28]
bezier_pts: [1227.0, 392.0, 1239.0, 392.0, 1251.0, 392.0, 1263.0, 392.0, 1263.0, 417.0, 1251.1, 418.59, 1238.84, 418.57, 1227.0, 417.0]
rec: Pre......................
text_instance: 9
bbox: [1233, 434, 56, 26]
bezier_pts: [1233.0, 434.0, 1251.33, 434.0, 1269.67, 434.0, 1288.0, 434.0, 1288.0, 456.0, 1269.91, 458.71, 1251.61, 458.74, 1233.0, 456.0]
rec: year.....................
text_instance: 10
bbox: [970, 341, 124, 31]
bezier_pts: [970.0, 341.0, 1011.0, 341.0, 1052.0, 341.0, 1093.0, 341.0, 1093.0, 370.0, 1052.2, 370.38, 1011.18, 371.95, 970.0, 370.0]
rec: Learning.................
text_instance: 11
bbox: [1272, 394, 86, 28]
bezier_pts: [1272.0, 394.0, 1300.33, 394.0, 1328.67, 394.0, 1357.0, 394.0, 1357.0, 419.0, 1328.46, 421.67, 1299.8, 421.74, 1272.0, 419.0]
rec: School...................
text_instance: 12
bbox: [1268, 471, 38, 26]
bezier_pts: [1268.0, 471.0, 1280.33, 471.0, 1292.67, 471.0, 1305.0, 471.0, 1305.0, 494.0, 1292.87, 496.75, 1280.21, 496.73, 1268.0, 494.0]
rec: not......................
text_instance: 13
bbox: [1006, 222, 193, 47]
bezier_pts: [1006.0, 222.0, 1070.0, 222.0, 1134.0, 222.0, 1198.0, 222.0, 1198.0, 266.0, 1134.0, 266.0, 1070.0, 266.0, 1006.0, 266.0]
rec: Welcome..................
text_instance: 14
bbox: [1297, 434, 48, 22]
bezier_pts: [1297.0, 434.0, 1312.67, 434.0, 1328.33, 434.0, 1344.0, 434.0, 1344.0, 454.0, 1328.33, 454.0, 1312.67, 454.0, 1297.0, 454.0]
rec: olds.....................
text_instance: 15
bbox: [1131, 432, 34, 26]
bezier_pts: [1131.0, 432.0, 1142.0, 432.0, 1153.0, 432.0, 1164.0, 432.0, 1164.0, 455.0, 1152.97, 456.72, 1141.84, 456.65, 1131.0, 455.0]
rec: for......................
text_instance: 16
bbox: [1092, 339, 184, 36]
bezier_pts: [1092.0, 339.0, 1153.0, 339.0, 1214.0, 339.0, 1275.0, 339.0, 1275.0, 372.0, 1214.0, 372.0, 1153.0, 372.0, 1092.0, 372.0]
rec: PlayTogether.............
text_instance: 17
bbox: [858, 271, 190, 91]
bezier_pts: [858.0, 311.0, 920.02, 284.12, 977.71, 275.31, 1046.0, 271.0, 1047.0, 324.0, 988.0, 336.33, 929.0, 348.67, 870.0, 361.0]
rec: Doonside.................
text_instance: 18
bbox: [1058, 268, 254, 69]
bezier_pts: [1058.0, 268.0, 1138.68, 275.73, 1235.99, 255.89, 1311.0, 298.0, 1296.0, 336.0, 1221.14, 312.47, 1134.7, 315.8, 1058.0, 314.0]
rec: Kindergarten.............
text_instance: 19
bbox: [1312, 292, 59, 64]
bezier_pts: [1323.0, 292.0, 1339.21, 301.62, 1356.09, 307.04, 1370.0, 321.0, 1363.0, 355.0, 1346.0, 349.0, 1329.0, 343.0, 1312.0, 337.0]
rec: Inc......................
text_instance: 20
bbox: [1201, 230, 36, 36]
bezier_pts: [1201.0, 231.0, 1213.44, 228.76, 1223.81, 230.5, 1236.0, 232.0, 1234.0, 263.0, 1222.92, 265.62, 1211.7, 265.51, 1201.0, 262.0]
rec: to.......................
text_instance: 21
bbox: [1107, 393, 25, 29]
bezier_pts: [1107.0, 393.0, 1114.67, 393.0, 1122.33, 393.0, 1130.0, 393.0, 1131.0, 420.0, 1123.05, 420.82, 1114.92, 420.86, 1107.0, 420.0]
rec: A........................
text_instance: 22
bbox: [1169, 429, 21, 30]
bezier_pts: [1169.0, 429.0, 1175.67, 429.43, 1182.33, 427.86, 1189.0, 430.0, 1189.0, 456.0, 1182.35, 458.77, 1175.66, 458.82, 1169.0, 457.0]
rec: 3........................
text_instance: 23
bbox: [1209, 429, 24, 29]
bezier_pts: [1209.0, 429.0, 1216.67, 429.0, 1224.33, 429.0, 1232.0, 429.0, 1230.0, 455.0, 1223.19, 457.61, 1216.3, 457.55, 1209.0, 456.0]
rec: 5........................
text_instance: 24
bbox: [1307, 470, 31, 31]
bezier_pts: [1307.0, 470.0, 1317.0, 471.33, 1327.0, 472.67, 1337.0, 474.0, 1335.0, 500.0, 1325.67, 499.33, 1316.33, 498.67, 1307.0, 498.0]
rec: for......................
