text_instance: 0
bbox: [256, 161, 104, 33]
bezier_pts: [258.0, 161.0, 292.1, 162.42, 324.04, 163.75, 359.0, 165.0, 358.0, 192.0, 324.0, 192.33, 290.0, 192.67, 256.0, 193.0]
rec: Fruits...................
text_instance: 1
bbox: [247, 188, 153, 33]
bezier_pts: [249.0, 188.0, 299.0, 189.33, 349.0, 190.67, 399.0, 192.0, 399.0, 216.0, 348.77, 218.87, 297.8, 218.39, 247.0, 218.0]
rec: Legumes..................
text_instance: 2
bbox: [147, 285, 145, 54]
bezier_pts: [156.0, 285.0, 199.97, 306.36, 244.21, 296.96, 291.0, 306.0, 291.0, 338.0, 241.21, 336.8, 193.21, 343.58, 147.0, 321.0]
rec: Carotte..................
text_instance: 3
bbox: [302, 261, 128, 80]
bezier_pts: [304.0, 297.0, 344.34, 297.0, 379.55, 281.75, 410.0, 261.0, 429.0, 271.0, 408.91, 328.99, 350.69, 331.27, 302.0, 340.0]
rec: Joyeuse..................
text_instance: 4
bbox: [89, 261, 54, 57]
bezier_pts: [107.0, 261.0, 122.42, 266.4, 127.86, 284.51, 142.0, 290.0, 136.0, 317.0, 119.47, 310.29, 104.23, 299.88, 89.0, 291.0]
rec: La.......................
text_instance: 5
bbox: [178, 102, 227, 22]
bezier_pts: [178.0, 103.0, 256.55, 105.75, 328.85, 93.79, 404.0, 109.0, 404.0, 121.0, 327.72, 122.87, 252.51, 124.04, 178.0, 122.0]
rec: blog.sina.com.tw/daiyun..
