text_instance: 0
bbox: [84, 58, 74, 55]
bezier_pts: [84.0, 58.0, 104.63, 75.93, 129.8, 86.27, 157.0, 85.0, 152.0, 112.0, 131.74, 100.68, 107.47, 89.54, 85.0, 83.0]
rec: DONT.....................
text_instance: 1
bbox: [161, 79, 105, 36]
bezier_pts: [161.0, 90.0, 194.85, 89.85, 233.05, 98.62, 265.0, 79.0, 263.0, 106.0, 230.7, 109.67, 198.78, 116.74, 165.0, 113.0]
rec: TRASH....................
text_instance: 2
bbox: [91, 85, 167, 53]
bezier_pts: [93.0, 85.0, 138.12, 125.47, 202.9, 126.4, 257.0, 111.0, 257.0, 128.0, 201.76, 145.34, 140.21, 138.79, 91.0, 105.0]
rec: CALIFORNIA...............
