text_instance: 0
bbox: [148, 168, 33, 17]
bezier_pts: [148.0, 168.0, 158.67, 168.0, 169.33, 168.0, 180.0, 168.0, 180.0, 184.0, 169.33, 184.0, 158.67, 184.0, 148.0, 184.0]
rec: Cafe.....................
text_instance: 1
bbox: [254, 168, 30, 17]
bezier_pts: [254.0, 168.0, 263.67, 168.0, 273.33, 168.0, 283.0, 168.0, 283.0, 183.0, 273.25, 184.65, 263.75, 184.68, 254.0, 183.0]
rec: Cafe.....................
text_instance: 2
bbox: [486, 118, 114, 44]
bezier_pts: [486.0, 140.0, 520.07, 110.43, 566.55, 110.26, 599.0, 143.0, 582.0, 157.0, 555.02, 128.72, 523.33, 137.33, 498.0, 161.0]
rec: CRAFTHOLIC...............
text_instance: 3
bbox: [539, 202, 45, 30]
bezier_pts: [539.0, 202.0, 553.67, 202.0, 568.33, 202.0, 583.0, 202.0, 583.0, 229.0, 568.73, 231.61, 554.21, 231.2, 540.0, 228.0]
rec: Cafe.....................
