text_instance: 0
bbox: [344, 312, 54, 49]
bezier_pts: [344.0, 339.0, 357.33, 330.0, 370.67, 321.0, 384.0, 312.0, 397.0, 327.0, 384.33, 338.0, 371.67, 349.0, 359.0, 360.0]
rec: cup......................
text_instance: 1
bbox: [437, 289, 140, 102]
bezier_pts: [447.0, 289.0, 501.19, 305.67, 553.34, 319.46, 576.0, 374.0, 553.0, 390.0, 528.09, 345.91, 476.26, 338.75, 437.0, 319.0]
rec: happiness................
text_instance: 2
bbox: [318, 478, 104, 87]
bezier_pts: [343.0, 478.0, 365.91, 496.77, 385.94, 524.83, 421.0, 527.0, 418.0, 564.0, 376.11, 561.32, 343.96, 528.24, 318.0, 498.0]
rec: CAFE.....................
text_instance: 3
bbox: [474, 484, 100, 77]
bezier_pts: [474.0, 530.0, 499.86, 521.84, 531.52, 513.83, 542.0, 484.0, 573.0, 500.0, 554.61, 532.06, 522.84, 559.54, 482.0, 560.0]
rec: CRIE.....................
text_instance: 4
bbox: [322, 352, 28, 31]
bezier_pts: [322.0, 363.0, 325.07, 356.48, 332.34, 355.32, 338.0, 352.0, 349.0, 368.0, 344.23, 372.92, 340.45, 378.98, 334.0, 382.0]
rec: a........................
text_instance: 5
bbox: [400, 296, 34, 40]
bezier_pts: [401.0, 296.0, 412.23, 296.27, 422.15, 294.91, 433.0, 297.0, 432.0, 335.0, 421.33, 334.67, 410.67, 334.33, 400.0, 334.0]
rec: of.......................
text_instance: 6
bbox: [432, 534, 33, 36]
bezier_pts: [434.0, 534.0, 444.21, 533.41, 454.24, 535.52, 464.0, 535.0, 464.0, 567.0, 452.98, 569.14, 442.58, 567.68, 432.0, 566.0]
rec: de.......................
