text_instance: 0
bbox: [465, 28, 56, 27]
bezier_pts: [465.0, 28.0, 483.0, 28.33, 501.0, 28.67, 519.0, 29.0, 520.0, 52.0, 504.98, 52.96, 489.02, 52.27, 474.0, 51.0]
rec: THE......................
text_instance: 1
bbox: [361, 29, 266, 82]
bezier_pts: [361.0, 29.0, 451.07, 38.0, 535.28, 64.48, 626.0, 57.0, 626.0, 110.0, 537.67, 109.67, 449.33, 109.33, 361.0, 109.0]
rec: BRITISH..................
text_instance: 2
bbox: [370, 112, 111, 33]
bezier_pts: [370.0, 112.0, 405.67, 112.67, 441.33, 113.33, 477.0, 114.0, 480.0, 141.0, 446.5, 142.64, 413.06, 142.7, 380.0, 141.0]
rec: VIRGIN...................
text_instance: 3
bbox: [486, 110, 133, 32]
bezier_pts: [486.0, 112.0, 530.0, 111.33, 574.0, 110.67, 618.0, 110.0, 617.0, 136.0, 575.66, 139.88, 533.43, 140.97, 491.0, 139.0]
rec: ISLANDS..................
text_instance: 4
bbox: [111, 187, 366, 132]
bezier_pts: [111.0, 187.0, 232.67, 187.67, 354.33, 188.33, 476.0, 189.0, 475.0, 313.0, 355.0, 314.67, 235.0, 316.33, 115.0, 318.0]
rec: JOST.....................
text_instance: 5
bbox: [533, 187, 347, 131]
bezier_pts: [533.0, 187.0, 648.33, 188.33, 763.67, 189.67, 879.0, 191.0, 872.0, 315.0, 761.66, 317.72, 655.38, 321.71, 547.0, 312.0]
rec: VAN......................
text_instance: 6
bbox: [247, 350, 479, 132]
bezier_pts: [252.0, 350.0, 408.67, 350.33, 565.33, 350.67, 722.0, 351.0, 725.0, 478.0, 565.67, 478.67, 406.33, 479.33, 247.0, 480.0]
rec: DYKE.....................
text_instance: 7
bbox: [323, 529, 365, 69]
bezier_pts: [323.0, 550.0, 443.31, 516.39, 568.2, 529.16, 687.0, 551.0, 682.0, 597.0, 573.19, 576.03, 456.19, 567.58, 347.0, 593.0]
rec: WELCOME..................
text_instance: 8
bbox: [469, 4, 53, 16]
bezier_pts: [471.0, 4.0, 485.67, 4.0, 500.33, 4.0, 515.0, 4.0, 521.0, 12.0, 503.86, 15.65, 486.44, 16.46, 469.0, 14.0]
rec: GILA.....................
text_instance: 9
bbox: [596, 638, 9, 8]
bezier_pts: [596.0, 638.0, 598.67, 638.0, 601.33, 638.0, 604.0, 638.0, 603.0, 645.0, 600.67, 645.0, 598.33, 645.0, 596.0, 645.0]
rec: C........................
text_instance: 10
bbox: [612, 635, 52, 14]
bezier_pts: [613.0, 636.0, 629.67, 635.67, 646.33, 635.33, 663.0, 635.0, 662.0, 648.0, 645.33, 648.0, 628.67, 648.0, 612.0, 648.0]
rec: David....................
text_instance: 11
bbox: [670, 635, 75, 15]
bezier_pts: [670.0, 635.0, 694.33, 636.33, 718.67, 637.67, 743.0, 639.0, 744.0, 647.0, 719.36, 649.66, 694.3, 649.66, 670.0, 648.0]
rec: Coleman..................
text_instance: 12
bbox: [767, 635, 187, 15]
bezier_pts: [768.0, 635.0, 829.33, 635.33, 890.67, 635.67, 952.0, 636.0, 953.0, 647.0, 890.41, 649.4, 829.59, 649.6, 767.0, 648.0]
rec: havecamerawilltravel.....
text_instance: 13
bbox: [960, 638, 36, 12]
bezier_pts: [960.0, 638.0, 971.67, 638.0, 983.33, 638.0, 995.0, 638.0, 995.0, 649.0, 983.33, 649.0, 971.67, 649.0, 960.0, 649.0]
rec: com......................
