text_instance: 0
bbox: [237, 251, 128, 47]
bezier_pts: [241.0, 257.0, 281.67, 255.0, 322.33, 253.0, 363.0, 251.0, 364.0, 275.0, 324.96, 310.8, 281.92, 294.98, 237.0, 283.0]
rec: SOUVENIRS................
text_instance: 1
bbox: [191, 315, 107, 59]
bezier_pts: [209.0, 315.0, 236.57, 328.23, 265.64, 346.83, 297.0, 340.0, 294.0, 373.0, 259.85, 370.75, 217.54, 366.43, 191.0, 342.0]
rec: PORTE....................
text_instance: 2
bbox: [359, 286, 93, 77]
bezier_pts: [359.0, 331.0, 382.21, 319.41, 406.95, 308.36, 424.0, 286.0, 451.0, 307.0, 427.6, 331.21, 401.25, 352.66, 367.0, 362.0]
rec: LOUIS....................
text_instance: 3
bbox: [156, 293, 45, 45]
bezier_pts: [179.0, 293.0, 186.0, 301.0, 193.0, 309.0, 200.0, 317.0, 185.0, 337.0, 176.14, 327.09, 160.68, 322.07, 156.0, 309.0]
rec: LA.......................
text_instance: 4
bbox: [305, 341, 46, 32]
bezier_pts: [305.0, 346.0, 318.67, 344.33, 332.33, 342.67, 346.0, 341.0, 350.0, 363.0, 336.63, 367.06, 323.12, 369.05, 309.0, 372.0]
rec: ST.......................
text_instance: 5
bbox: [288, 126, 25, 22]
bezier_pts: [289.0, 126.0, 296.67, 126.0, 304.33, 126.0, 312.0, 126.0, 312.0, 147.0, 304.0, 147.0, 296.0, 147.0, 288.0, 147.0]
rec: 56.......................
text_instance: 6
bbox: [192, 387, 231, 27]
bezier_pts: [194.0, 387.0, 268.28, 401.07, 344.28, 380.3, 422.0, 394.0, 420.0, 410.0, 343.47, 411.59, 268.22, 411.67, 192.0, 409.0]
rec: blog.sina.com.tw/daiyun..
