text_instance: 0
bbox: [383, 338, 285, 131]
bezier_pts: [405.0, 338.0, 494.49, 357.09, 577.84, 382.99, 667.0, 408.0, 649.0, 468.0, 560.09, 452.96, 471.31, 434.94, 383.0, 414.0]
rec: Pastikan.................
text_instance: 1
bbox: [427, 542, 181, 121]
bezier_pts: [438.0, 542.0, 494.33, 558.0, 550.67, 574.0, 607.0, 590.0, 595.0, 662.0, 539.0, 646.67, 483.0, 631.33, 427.0, 616.0]
rec: Ramly....................
text_instance: 2
bbox: [393, 624, 131, 104]
bezier_pts: [403.0, 624.0, 445.5, 627.92, 484.48, 650.35, 523.0, 666.0, 505.0, 727.0, 466.48, 719.42, 428.74, 708.58, 393.0, 696.0]
rec: baru.....................
text_instance: 3
bbox: [523, 665, 126, 108]
bezier_pts: [537.0, 665.0, 574.0, 676.33, 611.0, 687.67, 648.0, 699.0, 621.0, 772.0, 587.28, 763.95, 555.04, 752.06, 523.0, 742.0]
rec: beli.....................
text_instance: 4
bbox: [97, 668, 270, 169]
bezier_pts: [97.0, 668.0, 157.86, 764.81, 277.26, 717.61, 361.0, 733.0, 366.0, 836.0, 282.28, 793.42, 175.19, 827.05, 98.0, 752.0]
rec: Perghhhh.................
text_instance: 5
bbox: [447, 859, 118, 68]
bezier_pts: [449.0, 859.0, 486.12, 870.52, 527.85, 887.01, 564.0, 903.0, 556.0, 926.0, 519.67, 912.67, 483.33, 899.33, 447.0, 886.0]
rec: BurgerIkanUdang..........
text_instance: 6
bbox: [639, 905, 127, 234]
bezier_pts: [664.0, 905.0, 697.67, 918.33, 731.33, 931.67, 765.0, 945.0, 735.0, 1138.0, 703.0, 1124.33, 671.0, 1110.67, 639.0, 1097.0]
rec: d........................
text_instance: 7
bbox: [268, 967, 31, 29]
bezier_pts: [270.0, 967.0, 279.33, 971.67, 288.67, 976.33, 298.0, 981.0, 294.0, 995.0, 283.74, 992.43, 275.27, 986.76, 268.0, 979.0]
rec: Ayam.....................
text_instance: 8
bbox: [301, 984, 37, 30]
bezier_pts: [302.0, 984.0, 313.67, 989.33, 325.33, 994.67, 337.0, 1000.0, 335.0, 1013.0, 323.64, 1007.49, 311.56, 1003.69, 301.0, 997.0]
rec: Lembu....................
text_instance: 9
bbox: [332, 1154, 33, 31]
bezier_pts: [334.0, 1154.0, 344.0, 1159.33, 354.0, 1164.67, 364.0, 1170.0, 363.0, 1184.0, 352.29, 1179.39, 341.88, 1174.07, 332.0, 1168.0]
rec: Burger...................
text_instance: 10
bbox: [363, 1172, 31, 27]
bezier_pts: [369.0, 1172.0, 377.0, 1177.0, 385.0, 1182.0, 393.0, 1187.0, 392.0, 1198.0, 381.42, 1195.36, 371.57, 1190.68, 363.0, 1184.0]
rec: Ayam.....................
text_instance: 11
bbox: [181, 1095, 32, 28]
bezier_pts: [183.0, 1095.0, 193.97, 1098.63, 201.88, 1106.45, 212.0, 1111.0, 210.0, 1122.0, 199.3, 1120.56, 189.59, 1116.05, 181.0, 1109.0]
rec: Burger...................
text_instance: 12
bbox: [211, 1114, 32, 28]
bezier_pts: [212.0, 1114.0, 224.19, 1114.49, 235.06, 1119.36, 242.0, 1129.0, 240.0, 1141.0, 230.33, 1135.33, 220.67, 1129.67, 211.0, 1124.0]
rec: Lembu....................
