text_instance: 0
bbox: [163, 453, 146, 32]
bezier_pts: [163.0, 453.0, 211.33, 453.0, 259.67, 453.0, 308.0, 453.0, 308.0, 484.0, 259.67, 484.0, 211.33, 484.0, 163.0, 484.0]
rec: BOUILLABAISSE............
text_instance: 1
bbox: [230, 426, 121, 29]
bezier_pts: [230.0, 426.0, 270.0, 426.0, 310.0, 426.0, 350.0, 426.0, 350.0, 453.0, 310.27, 454.52, 270.32, 454.56, 230.0, 453.0]
rec: PROVENCAL................
text_instance: 2
bbox: [101, 419, 125, 36]
bezier_pts: [101.0, 419.0, 142.33, 419.0, 183.67, 419.0, 225.0, 419.0, 225.0, 453.0, 183.67, 453.0, 142.33, 453.0, 101.0, 453.0]
rec: SPECIALITES..............
text_instance: 3
bbox: [158, 376, 202, 49]
bezier_pts: [158.0, 376.0, 225.0, 376.0, 292.0, 376.0, 359.0, 376.0, 359.0, 424.0, 292.0, 424.0, 225.0, 424.0, 158.0, 424.0]
rec: ESCALADER................
text_instance: 4
bbox: [117, 166, 211, 65]
bezier_pts: [117.0, 200.0, 182.2, 141.91, 260.54, 153.51, 327.0, 204.0, 301.0, 227.0, 253.98, 185.55, 189.28, 187.67, 144.0, 230.0]
rec: RESTAURANT...............
text_instance: 5
bbox: [102, 302, 190, 65]
bezier_pts: [130.0, 302.0, 168.16, 355.04, 229.36, 329.44, 281.0, 324.0, 291.0, 359.0, 228.26, 370.43, 158.76, 375.91, 102.0, 344.0]
rec: LHAUTURE.................
text_instance: 6
bbox: [99, 370, 54, 54]
bezier_pts: [105.0, 370.0, 120.67, 370.67, 136.33, 371.33, 152.0, 372.0, 145.0, 421.0, 130.17, 423.15, 114.41, 422.81, 99.0, 421.0]
rec: L........................
text_instance: 7
bbox: [307, 331, 53, 45]
bezier_pts: [313.0, 344.0, 328.33, 339.67, 343.67, 335.33, 359.0, 331.0, 355.0, 373.0, 339.0, 375.68, 322.94, 374.86, 307.0, 373.0]
rec: nl.......................
