text_instance: 0
bbox: [437, 249, 201, 67]
bezier_pts: [437.0, 259.0, 503.47, 245.67, 567.31, 247.84, 635.0, 256.0, 637.0, 304.0, 581.48, 287.13, 518.39, 278.36, 464.0, 315.0]
rec: KINGDOM..................
text_instance: 1
bbox: [644, 268, 81, 72]
bezier_pts: [653.0, 268.0, 676.67, 277.67, 700.33, 287.33, 724.0, 297.0, 722.0, 339.0, 696.0, 326.33, 670.0, 313.67, 644.0, 301.0]
rec: HALL.....................
text_instance: 2
bbox: [439, 336, 152, 44]
bezier_pts: [439.0, 336.0, 487.33, 339.0, 535.67, 342.0, 584.0, 345.0, 590.0, 379.0, 541.67, 377.67, 493.33, 376.33, 445.0, 375.0]
rec: Jehovahs.................
text_instance: 3
bbox: [605, 351, 121, 35]
bezier_pts: [605.0, 351.0, 646.81, 355.9, 683.23, 355.67, 725.0, 361.0, 724.0, 385.0, 686.36, 383.96, 648.96, 384.26, 610.0, 381.0]
rec: Witnesses................
text_instance: 4
bbox: [577, 308, 38, 33]
bezier_pts: [578.0, 308.0, 589.56, 308.7, 601.37, 305.99, 612.0, 310.0, 614.0, 338.0, 601.67, 338.67, 589.33, 339.33, 577.0, 340.0]
rec: of.......................
