text_instance: 0
bbox: [105, 347, 260, 268]
bezier_pts: [105.0, 571.0, 160.65, 479.79, 237.21, 382.16, 345.0, 347.0, 364.0, 398.0, 281.33, 454.26, 191.3, 509.59, 154.0, 614.0]
rec: Indonesia................
text_instance: 1
bbox: [111, 85, 542, 83]
bezier_pts: [120.0, 85.0, 290.41, 94.13, 481.97, 82.01, 652.0, 118.0, 636.0, 167.0, 461.68, 157.84, 287.24, 145.67, 111.0, 131.0]
rec: wwwriafinancialcom.......
text_instance: 2
bbox: [144, 175, 77, 52]
bezier_pts: [144.0, 175.0, 169.33, 177.33, 194.67, 179.67, 220.0, 182.0, 216.0, 226.0, 192.0, 225.0, 168.0, 224.0, 144.0, 223.0]
rec: Ejen.....................
text_instance: 3
bbox: [228, 182, 224, 72]
bezier_pts: [231.0, 182.0, 303.44, 183.38, 378.87, 187.25, 451.0, 208.0, 445.0, 253.0, 372.67, 245.0, 300.33, 237.0, 228.0, 229.0]
rec: Pengiriman...............
text_instance: 4
bbox: [462, 202, 116, 67]
bezier_pts: [462.0, 202.0, 500.33, 207.33, 538.67, 212.67, 577.0, 218.0, 567.0, 268.0, 532.0, 261.0, 497.0, 254.0, 462.0, 247.0]
rec: Wang.....................
text_instance: 5
bbox: [583, 209, 157, 67]
bezier_pts: [588.0, 209.0, 637.03, 218.11, 691.09, 218.82, 739.0, 232.0, 732.0, 275.0, 681.74, 271.6, 632.32, 265.38, 583.0, 256.0]
rec: Kepada...................
text_instance: 6
bbox: [390, 5, 249, 64]
bezier_pts: [401.0, 5.0, 480.0, 5.33, 559.0, 5.67, 638.0, 6.0, 630.0, 68.0, 549.93, 60.49, 469.58, 49.05, 390.0, 39.0]
rec: ransfer..................
text_instance: 7
bbox: [721, 32, 61, 37]
bezier_pts: [728.0, 32.0, 746.59, 35.6, 763.55, 34.71, 781.0, 44.0, 778.0, 68.0, 759.33, 68.36, 740.15, 64.96, 721.0, 63.0]
rec: Fas......................
text_instance: 8
bbox: [696, 137, 86, 39]
bezier_pts: [699.0, 137.0, 726.33, 139.0, 753.67, 141.0, 781.0, 143.0, 781.0, 174.0, 751.72, 174.18, 723.96, 172.17, 696.0, 171.0]
rec: WW.......................
text_instance: 9
bbox: [746, 232, 26, 42]
bezier_pts: [752.0, 232.0, 758.33, 233.0, 764.67, 234.0, 771.0, 235.0, 759.0, 273.0, 754.25, 272.36, 749.88, 269.73, 746.0, 267.0]
rec: I........................
