text_instance: 0
bbox: [805, 598, 193, 145]
bezier_pts: [805.0, 670.0, 859.67, 646.0, 914.33, 622.0, 969.0, 598.0, 997.0, 688.0, 937.0, 706.0, 877.0, 724.0, 817.0, 742.0]
rec: ZARA.....................
text_instance: 1
bbox: [415, 361, 101, 53]
bezier_pts: [421.0, 361.0, 448.0, 368.0, 475.0, 375.0, 502.0, 382.0, 515.0, 412.0, 481.08, 409.12, 447.86, 402.98, 415.0, 394.0]
rec: ZARA.....................
text_instance: 2
bbox: [352, 619, 87, 31]
bezier_pts: [357.0, 619.0, 383.33, 621.67, 409.67, 624.33, 436.0, 627.0, 438.0, 649.0, 409.33, 647.67, 380.67, 646.33, 352.0, 645.0]
rec: Restaurant...............
text_instance: 3
bbox: [462, 646, 37, 17]
bezier_pts: [463.0, 646.0, 474.33, 646.67, 485.67, 647.33, 497.0, 648.0, 498.0, 662.0, 486.0, 660.67, 474.0, 659.33, 462.0, 658.0]
rec: Jack.....................
text_instance: 4
bbox: [460, 652, 68, 28]
bezier_pts: [460.0, 652.0, 481.33, 656.0, 502.67, 660.0, 524.0, 664.0, 527.0, 679.0, 505.67, 676.67, 484.33, 674.33, 463.0, 672.0]
rec: Wolfskin.................
text_instance: 5
bbox: [466, 670, 53, 21]
bezier_pts: [466.0, 670.0, 483.33, 671.0, 500.67, 672.0, 518.0, 673.0, 515.0, 690.0, 499.67, 689.0, 484.33, 688.0, 469.0, 687.0]
rec: store....................
text_instance: 6
bbox: [346, 718, 68, 30]
bezier_pts: [346.0, 720.0, 368.33, 719.33, 390.67, 718.67, 413.0, 718.0, 403.0, 747.0, 384.0, 745.0, 365.0, 743.0, 346.0, 741.0]
rec: claires..................
