text_instance: 0
bbox: [894, 63, 1110, 305]
bezier_pts: [902.0, 111.0, 1269.0, 95.0, 1636.0, 79.0, 2003.0, 63.0, 1951.0, 319.0, 1598.67, 335.0, 1246.33, 351.0, 894.0, 367.0]
rec: academy..................
text_instance: 1
bbox: [2059, 19, 1089, 241]
bezier_pts: [2063.0, 83.0, 2421.2, 50.72, 2777.46, 37.87, 3139.0, 19.0, 3147.0, 235.0, 2783.72, 245.61, 2420.07, 252.83, 2059.0, 259.0]
rec: entrance.................
text_instance: 2
bbox: [1211, 695, 281, 257]
bezier_pts: [1211.0, 739.0, 1302.7, 709.84, 1396.05, 696.05, 1487.0, 695.0, 1491.0, 919.0, 1409.81, 931.88, 1328.38, 940.59, 1247.0, 951.0]
rec: 18.......................
text_instance: 3
bbox: [2431, 683, 329, 341]
bezier_pts: [2431.0, 731.0, 2539.0, 715.0, 2647.0, 699.0, 2755.0, 683.0, 2759.0, 927.0, 2661.29, 961.93, 2562.68, 993.97, 2463.0, 1023.0]
rec: 78.......................
text_instance: 4
bbox: [1363, 1471, 197, 177]
bezier_pts: [1431.0, 1471.0, 1473.96, 1496.47, 1519.63, 1528.21, 1559.0, 1559.0, 1511.0, 1647.0, 1459.99, 1617.52, 1410.56, 1585.62, 1363.0, 1551.0]
rec: NIL......................
text_instance: 5
bbox: [1547, 1587, 273, 193]
bezier_pts: [1591.0, 1587.0, 1667.03, 1612.5, 1747.62, 1640.07, 1819.0, 1683.0, 1803.0, 1779.0, 1713.29, 1747.27, 1595.77, 1765.78, 1547.0, 1663.0]
rec: SATIS....................
text_instance: 6
bbox: [2027, 1667, 197, 129]
bezier_pts: [2027.0, 1703.0, 2087.0, 1691.0, 2147.0, 1679.0, 2207.0, 1667.0, 2223.0, 1763.0, 2159.33, 1773.9, 2095.35, 1781.92, 2031.0, 1787.0]
rec: NISI.....................
text_instance: 7
bbox: [2220, 1491, 398, 267]
bezier_pts: [2220.0, 1677.0, 2332.33, 1615.0, 2444.67, 1553.0, 2557.0, 1491.0, 2617.0, 1565.0, 2491.48, 1631.54, 2364.47, 1695.76, 2236.0, 1757.0]
rec: OPTIMUM..................
text_instance: 8
bbox: [1211, 1835, 1525, 425]
bezier_pts: [1211.0, 1835.0, 1719.0, 1864.33, 2227.0, 1893.67, 2735.0, 1923.0, 2723.0, 2259.0, 2223.07, 2238.84, 1715.83, 2288.78, 1223.0, 2147.0]
rec: Everton..................
