text_instance: 0
bbox: [79, 396, 85, 65]
bezier_pts: [79.0, 438.0, 101.79, 420.45, 130.33, 407.02, 157.0, 396.0, 163.0, 421.0, 140.0, 434.0, 117.0, 447.0, 94.0, 460.0]
rec: SIMPLY...................
text_instance: 1
bbox: [160, 390, 58, 32]
bezier_pts: [160.0, 397.0, 177.57, 389.83, 198.42, 389.77, 217.0, 390.0, 214.0, 414.0, 198.67, 416.33, 183.33, 418.67, 168.0, 421.0]
rec: ADD......................
text_instance: 2
bbox: [219, 390, 107, 52]
bezier_pts: [219.0, 390.0, 255.9, 389.9, 291.03, 395.57, 325.0, 414.0, 318.0, 441.0, 287.87, 420.5, 256.68, 410.39, 220.0, 415.0]
rec: DURING...................
text_instance: 3
bbox: [327, 417, 71, 71]
bezier_pts: [328.0, 417.0, 353.54, 430.4, 377.19, 447.11, 397.0, 468.0, 378.0, 487.0, 367.07, 466.95, 349.77, 451.7, 327.0, 447.0]
rec: WASH.....................
text_instance: 4
bbox: [168, 861, 199, 47]
bezier_pts: [171.0, 861.0, 234.45, 861.1, 300.56, 865.66, 364.0, 880.0, 366.0, 907.0, 300.0, 899.67, 234.0, 892.33, 168.0, 885.0]
rec: AddWash..................
text_instance: 5
bbox: [177, 894, 124, 46]
bezier_pts: [177.0, 894.0, 218.81, 902.37, 258.33, 902.34, 300.0, 913.0, 291.0, 939.0, 253.33, 934.0, 215.67, 929.0, 178.0, 924.0]
rec: Simply...................
text_instance: 6
bbox: [301, 916, 70, 29]
bezier_pts: [301.0, 916.0, 323.23, 917.91, 347.54, 916.7, 370.0, 922.0, 370.0, 942.0, 346.69, 943.27, 323.54, 940.63, 301.0, 939.0]
rec: add......................
text_instance: 7
bbox: [177, 922, 115, 45]
bezier_pts: [180.0, 922.0, 215.33, 928.68, 255.57, 928.4, 289.0, 939.0, 291.0, 966.0, 253.0, 960.33, 215.0, 954.67, 177.0, 949.0]
rec: during...................
text_instance: 8
bbox: [297, 939, 95, 35]
bezier_pts: [297.0, 939.0, 329.26, 943.83, 360.43, 944.4, 391.0, 952.0, 390.0, 973.0, 360.0, 969.67, 330.0, 966.33, 300.0, 963.0]
rec: wash.....................
text_instance: 9
bbox: [510, 942, 68, 31]
bezier_pts: [513.0, 942.0, 534.19, 942.84, 556.09, 945.37, 577.0, 953.0, 577.0, 972.0, 554.54, 970.97, 531.57, 967.95, 510.0, 963.0]
rec: 59m......................
text_instance: 10
bbox: [312, 1003, 74, 23]
bezier_pts: [312.0, 1003.0, 336.33, 1007.33, 360.67, 1011.67, 385.0, 1016.0, 384.0, 1025.0, 360.0, 1021.67, 336.0, 1018.33, 312.0, 1015.0]
rec: SANITIZATION.............
