text_instance: 0
bbox: [96, 19, 44, 15]
bezier_pts: [97.0, 19.0, 111.0, 19.0, 125.0, 19.0, 139.0, 19.0, 137.0, 33.0, 123.33, 32.33, 109.67, 31.67, 96.0, 31.0]
rec: AHMAD....................
text_instance: 1
bbox: [136, 19, 26, 15]
bezier_pts: [136.0, 19.0, 144.0, 19.33, 152.0, 19.67, 160.0, 20.0, 161.0, 32.0, 153.0, 32.33, 145.0, 32.67, 137.0, 33.0]
rec: TEA......................
text_instance: 2
bbox: [107, 44, 45, 20]
bezier_pts: [107.0, 44.0, 121.0, 44.0, 135.0, 44.0, 149.0, 44.0, 151.0, 63.0, 137.0, 63.0, 123.0, 63.0, 109.0, 63.0]
rec: EARL.....................
text_instance: 3
bbox: [110, 64, 44, 16]
bezier_pts: [111.0, 66.0, 122.33, 65.33, 133.67, 64.67, 145.0, 64.0, 153.0, 79.0, 138.67, 78.67, 124.33, 78.33, 110.0, 78.0]
rec: GREY.....................
text_instance: 4
bbox: [130, 121, 32, 14]
bezier_pts: [130.0, 122.0, 140.33, 121.67, 150.67, 121.33, 161.0, 121.0, 159.0, 134.0, 150.67, 133.67, 142.33, 133.33, 134.0, 133.0]
rec: taste....................
text_instance: 5
bbox: [212, 20, 43, 16]
bezier_pts: [212.0, 20.0, 226.0, 20.33, 240.0, 20.67, 254.0, 21.0, 254.0, 35.0, 240.0, 34.67, 226.0, 34.33, 212.0, 34.0]
rec: AHMAD....................
text_instance: 6
bbox: [216, 48, 58, 21]
bezier_pts: [216.0, 48.0, 234.33, 49.33, 252.67, 50.67, 271.0, 52.0, 273.0, 68.0, 255.0, 67.33, 237.0, 66.67, 219.0, 66.0]
rec: CEYLON...................
text_instance: 7
bbox: [308, 27, 40, 15]
bezier_pts: [308.0, 27.0, 320.67, 27.0, 333.33, 27.0, 346.0, 27.0, 347.0, 40.0, 334.04, 41.56, 321.37, 40.92, 308.0, 41.0]
rec: AHMAD....................
text_instance: 8
bbox: [311, 55, 55, 17]
bezier_pts: [312.0, 55.0, 329.67, 55.67, 347.33, 56.33, 365.0, 57.0, 365.0, 70.0, 347.0, 70.0, 329.0, 70.0, 311.0, 70.0]
rec: CEYLON...................
text_instance: 9
bbox: [317, 71, 37, 17]
bezier_pts: [322.0, 71.0, 331.0, 71.0, 340.0, 71.0, 349.0, 71.0, 353.0, 84.0, 341.04, 86.08, 328.77, 87.16, 317.0, 87.0]
rec: TEA......................
text_instance: 10
bbox: [421, 31, 40, 17]
bezier_pts: [423.0, 31.0, 434.67, 31.67, 446.33, 32.33, 458.0, 33.0, 460.0, 47.0, 447.0, 46.33, 434.0, 45.67, 421.0, 45.0]
rec: AHMAD....................
text_instance: 11
bbox: [412, 57, 80, 19]
bezier_pts: [412.0, 57.0, 437.33, 57.67, 462.67, 58.33, 488.0, 59.0, 491.0, 75.0, 466.67, 74.67, 442.33, 74.33, 418.0, 74.0]
rec: CARDAMON.................
text_instance: 12
bbox: [437, 73, 35, 19]
bezier_pts: [439.0, 73.0, 448.0, 73.0, 457.0, 73.0, 466.0, 73.0, 471.0, 89.0, 459.67, 89.67, 448.33, 90.33, 437.0, 91.0]
rec: TEA......................
text_instance: 13
bbox: [543, 51, 52, 20]
bezier_pts: [543.0, 51.0, 560.0, 51.33, 577.0, 51.67, 594.0, 52.0, 592.0, 69.0, 576.04, 70.16, 559.94, 69.17, 544.0, 66.0]
rec: Dilmah...................
text_instance: 14
bbox: [540, 87, 31, 16]
bezier_pts: [540.0, 87.0, 548.33, 87.33, 556.67, 87.67, 565.0, 88.0, 570.0, 101.0, 560.0, 101.33, 550.0, 101.67, 540.0, 102.0]
rec: EARL.....................
text_instance: 15
bbox: [569, 87, 29, 18]
bezier_pts: [569.0, 87.0, 577.33, 87.33, 585.67, 87.67, 594.0, 88.0, 597.0, 100.0, 588.36, 103.19, 579.97, 104.35, 571.0, 104.0]
rec: GREY.....................
text_instance: 16
bbox: [658, 56, 46, 19]
bezier_pts: [658.0, 56.0, 672.67, 56.67, 687.33, 57.33, 702.0, 58.0, 703.0, 72.0, 688.94, 74.13, 674.94, 72.2, 661.0, 72.0]
rec: Dilmah...................
text_instance: 17
bbox: [659, 88, 44, 18]
bezier_pts: [659.0, 88.0, 673.33, 88.67, 687.67, 89.33, 702.0, 90.0, 700.0, 105.0, 687.33, 104.67, 674.67, 104.33, 662.0, 104.0]
rec: ENGLISH..................
text_instance: 18
bbox: [652, 100, 57, 14]
bezier_pts: [652.0, 100.0, 669.33, 100.33, 686.67, 100.67, 704.0, 101.0, 708.0, 112.0, 690.0, 112.33, 672.0, 112.67, 654.0, 113.0]
rec: BREAKFAST................
text_instance: 19
bbox: [759, 53, 47, 18]
bezier_pts: [759.0, 53.0, 773.67, 53.67, 788.33, 54.33, 803.0, 55.0, 805.0, 68.0, 791.05, 70.12, 776.21, 70.01, 762.0, 67.0]
rec: Dilmah...................
text_instance: 20
bbox: [861, 55, 45, 22]
bezier_pts: [861.0, 55.0, 874.67, 55.67, 888.33, 56.33, 902.0, 57.0, 905.0, 76.0, 891.0, 75.0, 877.0, 74.0, 863.0, 73.0]
rec: Dilmah...................
text_instance: 21
bbox: [952, 64, 55, 19]
bezier_pts: [952.0, 64.0, 969.67, 64.0, 987.33, 64.0, 1005.0, 64.0, 1006.0, 82.0, 989.28, 81.83, 973.51, 82.6, 957.0, 81.0]
rec: Dilmah...................
text_instance: 22
bbox: [953, 89, 36, 14]
bezier_pts: [953.0, 89.0, 964.33, 89.33, 975.67, 89.67, 987.0, 90.0, 988.0, 101.0, 978.0, 101.33, 968.0, 101.67, 958.0, 102.0]
rec: Green....................
text_instance: 23
bbox: [1067, 71, 55, 18]
bezier_pts: [1067.0, 71.0, 1083.33, 71.67, 1099.67, 72.33, 1116.0, 73.0, 1121.0, 87.0, 1103.33, 87.0, 1085.67, 87.0, 1068.0, 87.0]
rec: Dilmah...................
text_instance: 24
bbox: [1066, 98, 36, 13]
bezier_pts: [1066.0, 98.0, 1077.67, 98.33, 1089.33, 98.67, 1101.0, 99.0, 1101.0, 110.0, 1091.0, 109.67, 1081.0, 109.33, 1071.0, 109.0]
rec: GREEN....................
text_instance: 25
bbox: [940, 104, 51, 25]
bezier_pts: [940.0, 104.0, 956.33, 104.67, 972.67, 105.33, 989.0, 106.0, 990.0, 126.0, 974.0, 126.0, 958.0, 126.0, 942.0, 126.0]
rec: Pure.....................
text_instance: 26
bbox: [961, 120, 55, 31]
bezier_pts: [961.0, 120.0, 979.0, 121.0, 997.0, 122.0, 1015.0, 123.0, 1014.0, 148.0, 996.41, 149.98, 979.99, 149.08, 963.0, 149.0]
rec: Green....................
text_instance: 27
bbox: [1057, 110, 73, 29]
bezier_pts: [1059.0, 111.0, 1082.33, 110.67, 1105.67, 110.33, 1129.0, 110.0, 1127.0, 134.0, 1103.48, 135.83, 1079.83, 137.59, 1057.0, 137.0]
rec: Jasmine..................
text_instance: 28
bbox: [1177, 66, 53, 20]
bezier_pts: [1178.0, 66.0, 1194.0, 66.33, 1210.0, 66.67, 1226.0, 67.0, 1229.0, 84.0, 1211.67, 84.0, 1194.33, 84.0, 1177.0, 84.0]
rec: Dilmah...................
text_instance: 29
bbox: [1178, 91, 32, 18]
bezier_pts: [1178.0, 93.0, 1188.33, 92.33, 1198.67, 91.67, 1209.0, 91.0, 1208.0, 108.0, 1198.0, 108.0, 1188.0, 108.0, 1178.0, 108.0]
rec: Green....................
text_instance: 30
bbox: [1209, 96, 20, 11]
bezier_pts: [1209.0, 96.0, 1215.0, 96.0, 1221.0, 96.0, 1227.0, 96.0, 1228.0, 105.0, 1221.67, 105.0, 1215.33, 105.0, 1209.0, 105.0]
rec: TEA......................
text_instance: 31
bbox: [1150, 107, 92, 30]
bezier_pts: [1161.0, 108.0, 1187.0, 107.67, 1213.0, 107.33, 1239.0, 107.0, 1241.0, 130.0, 1210.02, 132.83, 1180.15, 134.75, 1150.0, 136.0]
rec: Moroccon.................
text_instance: 32
bbox: [1176, 131, 51, 23]
bezier_pts: [1183.0, 133.0, 1197.33, 132.33, 1211.67, 131.67, 1226.0, 131.0, 1223.0, 153.0, 1207.33, 153.0, 1191.67, 153.0, 1176.0, 153.0]
rec: Mint.....................
text_instance: 33
bbox: [21, 237, 38, 19]
bezier_pts: [21.0, 237.0, 33.33, 238.0, 45.67, 239.0, 58.0, 240.0, 56.0, 255.0, 45.0, 254.33, 34.0, 253.67, 23.0, 253.0]
rec: 499......................
text_instance: 34
bbox: [155, 241, 31, 15]
bezier_pts: [155.0, 243.0, 164.42, 239.31, 175.9, 239.27, 185.0, 244.0, 183.0, 255.0, 173.67, 255.0, 164.33, 255.0, 155.0, 255.0]
rec: 499......................
text_instance: 35
bbox: [315, 241, 34, 16]
bezier_pts: [315.0, 241.0, 326.0, 241.0, 337.0, 241.0, 348.0, 241.0, 342.0, 256.0, 333.0, 255.67, 324.0, 255.33, 315.0, 255.0]
rec: 499......................
text_instance: 36
bbox: [442, 240, 28, 16]
bezier_pts: [442.0, 240.0, 451.0, 240.67, 460.0, 241.33, 469.0, 242.0, 469.0, 255.0, 460.0, 255.0, 451.0, 255.0, 442.0, 255.0]
rec: 499......................
text_instance: 37
bbox: [574, 240, 29, 18]
bezier_pts: [574.0, 242.0, 583.33, 241.33, 592.67, 240.67, 602.0, 240.0, 602.0, 257.0, 593.33, 257.0, 584.67, 257.0, 576.0, 257.0]
rec: 945......................
text_instance: 38
bbox: [684, 245, 30, 14]
bezier_pts: [684.0, 246.0, 693.67, 245.67, 703.33, 245.33, 713.0, 245.0, 710.0, 257.0, 702.0, 257.0, 694.0, 257.0, 686.0, 257.0]
rec: 950......................
text_instance: 39
bbox: [1, 323, 64, 26]
bezier_pts: [1.0, 323.0, 22.13, 322.0, 42.87, 325.47, 64.0, 330.0, 61.0, 348.0, 41.67, 345.67, 22.33, 343.33, 3.0, 341.0]
rec: ININGS...................
text_instance: 40
bbox: [93, 324, 83, 25]
bezier_pts: [93.0, 332.0, 117.61, 321.84, 148.03, 322.76, 174.0, 326.0, 175.0, 344.0, 152.33, 345.33, 129.67, 346.67, 107.0, 348.0]
rec: TWINING..................
text_instance: 41
bbox: [180, 327, 79, 24]
bezier_pts: [180.0, 331.0, 206.91, 322.04, 233.7, 328.98, 258.0, 332.0, 249.0, 350.0, 228.33, 349.0, 207.67, 348.0, 187.0, 347.0]
rec: TWININGS.................
text_instance: 42
bbox: [304, 326, 95, 25]
bezier_pts: [304.0, 336.0, 332.88, 321.99, 365.12, 326.01, 394.0, 328.0, 398.0, 349.0, 370.67, 349.33, 343.33, 349.67, 316.0, 350.0]
rec: TWININGS.................
text_instance: 43
bbox: [421, 328, 94, 29]
bezier_pts: [421.0, 339.0, 448.77, 325.83, 485.19, 327.26, 514.0, 334.0, 511.0, 354.0, 485.67, 337.31, 452.98, 343.34, 428.0, 356.0]
rec: TWININGS.................
text_instance: 44
bbox: [535, 325, 90, 29]
bezier_pts: [535.0, 332.0, 564.02, 322.81, 595.35, 322.64, 624.0, 333.0, 619.0, 351.0, 594.26, 337.19, 566.92, 338.59, 544.0, 353.0]
rec: TWININGS.................
text_instance: 45
bbox: [641, 322, 87, 30]
bezier_pts: [641.0, 328.0, 670.64, 320.2, 698.99, 322.73, 727.0, 330.0, 723.0, 349.0, 700.18, 338.16, 671.94, 336.92, 649.0, 351.0]
rec: TWININGS.................
text_instance: 46
bbox: [740, 321, 85, 27]
bezier_pts: [740.0, 331.0, 768.18, 318.79, 795.82, 323.31, 824.0, 328.0, 819.0, 344.0, 794.33, 345.0, 769.67, 346.0, 745.0, 347.0]
rec: TWININGS.................
text_instance: 47
bbox: [844, 323, 86, 29]
bezier_pts: [844.0, 328.0, 871.68, 323.19, 901.63, 320.37, 929.0, 328.0, 922.0, 348.0, 898.51, 333.41, 874.43, 336.4, 852.0, 351.0]
rec: TWININGS.................
text_instance: 48
bbox: [942, 320, 84, 30]
bezier_pts: [942.0, 332.0, 968.02, 316.23, 996.81, 322.24, 1025.0, 331.0, 1021.0, 346.0, 996.33, 347.0, 971.67, 348.0, 947.0, 349.0]
rec: TWININGS.................
text_instance: 49
bbox: [1040, 322, 84, 27]
bezier_pts: [1040.0, 328.0, 1068.71, 319.89, 1094.5, 321.84, 1123.0, 329.0, 1112.0, 346.0, 1091.87, 332.65, 1065.71, 335.88, 1046.0, 348.0]
rec: TWININGS.................
text_instance: 50
bbox: [1131, 321, 76, 28]
bezier_pts: [1131.0, 328.0, 1156.66, 320.13, 1180.34, 322.14, 1206.0, 329.0, 1203.0, 348.0, 1183.84, 331.07, 1159.67, 336.58, 1139.0, 346.0]
rec: TWININGS.................
text_instance: 51
bbox: [1221, 321, 60, 23]
bezier_pts: [1221.0, 327.0, 1241.17, 322.38, 1260.33, 316.12, 1280.0, 325.0, 1280.0, 339.0, 1263.0, 340.33, 1246.0, 341.67, 1229.0, 343.0]
rec: TWININ...................
text_instance: 52
bbox: [1, 349, 44, 18]
bezier_pts: [1.0, 351.0, 14.67, 350.33, 28.33, 349.67, 42.0, 349.0, 44.0, 363.0, 29.9, 365.86, 16.0, 364.42, 2.0, 365.0]
rec: English..................
text_instance: 53
bbox: [2, 364, 41, 17]
bezier_pts: [2.0, 365.0, 15.33, 364.67, 28.67, 364.33, 42.0, 364.0, 39.0, 378.0, 27.33, 378.67, 15.67, 379.33, 4.0, 380.0]
rec: akfast...................
text_instance: 54
bbox: [123, 348, 46, 20]
bezier_pts: [123.0, 348.0, 138.0, 348.0, 153.0, 348.0, 168.0, 348.0, 165.0, 365.0, 151.67, 365.0, 138.33, 365.0, 125.0, 365.0]
rec: English..................
text_instance: 55
bbox: [100, 361, 63, 20]
bezier_pts: [103.0, 361.0, 122.67, 361.0, 142.33, 361.0, 162.0, 361.0, 161.0, 377.0, 140.75, 378.51, 120.18, 378.75, 100.0, 378.0]
rec: Breakfast................
text_instance: 56
bbox: [189, 348, 32, 18]
bezier_pts: [189.0, 348.0, 198.0, 348.0, 207.0, 348.0, 216.0, 348.0, 220.0, 363.0, 211.19, 365.71, 202.9, 365.07, 194.0, 365.0]
rec: Earl.....................
text_instance: 57
bbox: [333, 352, 43, 19]
bezier_pts: [333.0, 354.0, 346.0, 353.33, 359.0, 352.67, 372.0, 352.0, 375.0, 368.0, 361.67, 370.71, 348.33, 370.03, 335.0, 370.0]
rec: Finest...................
text_instance: 58
bbox: [319, 369, 48, 19]
bezier_pts: [319.0, 369.0, 333.67, 369.67, 348.33, 370.33, 363.0, 371.0, 366.0, 385.0, 351.04, 386.56, 337.0, 385.86, 322.0, 386.0]
rec: Ceylon...................
text_instance: 59
bbox: [440, 352, 65, 21]
bezier_pts: [440.0, 352.0, 459.67, 352.0, 479.33, 352.0, 499.0, 352.0, 504.0, 372.0, 483.0, 371.0, 462.0, 370.0, 441.0, 369.0]
rec: Darjeeling...............
text_instance: 60
bbox: [549, 348, 36, 20]
bezier_pts: [552.0, 351.0, 562.67, 350.0, 573.33, 349.0, 584.0, 348.0, 584.0, 367.0, 572.33, 367.0, 560.67, 367.0, 549.0, 367.0]
rec: Lady.....................
text_instance: 61
bbox: [581, 350, 38, 19]
bezier_pts: [581.0, 350.0, 593.0, 350.0, 605.0, 350.0, 617.0, 350.0, 618.0, 367.0, 607.32, 368.63, 597.67, 367.8, 587.0, 368.0]
rec: Grey.....................
text_instance: 62
bbox: [572, 364, 27, 19]
bezier_pts: [573.0, 365.0, 581.33, 364.67, 589.67, 364.33, 598.0, 364.0, 596.0, 381.0, 588.0, 381.33, 580.0, 381.67, 572.0, 382.0]
rec: Tea......................
text_instance: 63
bbox: [667, 346, 32, 20]
bezier_pts: [667.0, 348.0, 677.0, 347.33, 687.0, 346.67, 697.0, 346.0, 698.0, 363.0, 688.32, 364.88, 678.55, 363.99, 669.0, 364.0]
rec: Pure.....................
text_instance: 64
bbox: [656, 360, 59, 17]
bezier_pts: [656.0, 360.0, 675.33, 360.33, 694.67, 360.67, 714.0, 361.0, 713.0, 375.0, 694.33, 375.33, 675.67, 375.67, 657.0, 376.0]
rec: Camomile.................
text_instance: 65
bbox: [863, 348, 51, 17]
bezier_pts: [864.0, 348.0, 880.0, 348.33, 896.0, 348.67, 912.0, 349.0, 913.0, 364.0, 896.33, 363.33, 879.67, 362.67, 863.0, 362.0]
rec: Camomile.................
text_instance: 66
bbox: [851, 359, 34, 21]
bezier_pts: [851.0, 360.0, 861.67, 359.67, 872.33, 359.33, 883.0, 359.0, 884.0, 379.0, 873.67, 378.33, 863.33, 377.67, 853.0, 377.0]
rec: Honey....................
text_instance: 67
bbox: [892, 360, 35, 17]
bezier_pts: [896.0, 360.0, 905.0, 360.33, 914.0, 360.67, 923.0, 361.0, 926.0, 376.0, 914.67, 375.67, 903.33, 375.33, 892.0, 375.0]
rec: Vanilla..................
text_instance: 68
bbox: [954, 344, 63, 20]
bezier_pts: [956.0, 346.0, 975.67, 345.33, 995.33, 344.67, 1015.0, 344.0, 1016.0, 362.0, 994.88, 362.53, 975.16, 364.04, 954.0, 362.0]
rec: Strawberry...............
text_instance: 69
bbox: [974, 359, 37, 16]
bezier_pts: [974.0, 359.0, 985.33, 359.33, 996.67, 359.67, 1008.0, 360.0, 1010.0, 374.0, 998.0, 374.0, 986.0, 374.0, 974.0, 374.0]
rec: Mango....................
text_instance: 70
bbox: [1060, 345, 41, 16]
bezier_pts: [1060.0, 347.0, 1073.33, 346.33, 1086.67, 345.67, 1100.0, 345.0, 1099.0, 360.0, 1086.51, 359.8, 1075.1, 360.6, 1063.0, 359.0]
rec: Lemon....................
text_instance: 71
bbox: [1067, 357, 37, 22]
bezier_pts: [1069.0, 357.0, 1079.67, 357.33, 1090.33, 357.67, 1101.0, 358.0, 1103.0, 375.0, 1091.0, 376.0, 1079.0, 377.0, 1067.0, 378.0]
rec: Ginger...................
text_instance: 72
bbox: [1147, 356, 49, 18]
bezier_pts: [1148.0, 358.0, 1163.0, 357.33, 1178.0, 356.67, 1193.0, 356.0, 1195.0, 373.0, 1179.17, 373.29, 1162.48, 372.35, 1147.0, 371.0]
rec: Red Fruits...............
text_instance: 73
bbox: [1237, 348, 44, 16]
bezier_pts: [1237.0, 348.0, 1251.33, 348.0, 1265.67, 348.0, 1280.0, 348.0, 1278.0, 360.0, 1264.45, 361.23, 1250.8, 361.89, 1237.0, 362.0]
rec: Passionfruit.............
text_instance: 74
bbox: [1227, 358, 53, 15]
bezier_pts: [1230.0, 358.0, 1245.67, 359.0, 1261.33, 360.0, 1277.0, 361.0, 1279.0, 371.0, 1261.68, 372.9, 1244.75, 370.61, 1227.0, 370.0]
rec: Mango Ora................
text_instance: 75
bbox: [769, 348, 31, 15]
bezier_pts: [769.0, 348.0, 778.33, 348.0, 787.67, 348.0, 797.0, 348.0, 799.0, 362.0, 789.0, 362.0, 779.0, 362.0, 769.0, 362.0]
rec: Pure.....................
text_instance: 76
bbox: [751, 358, 65, 19]
bezier_pts: [751.0, 358.0, 771.33, 359.0, 791.67, 360.0, 812.0, 361.0, 815.0, 375.0, 794.71, 375.21, 774.16, 374.77, 754.0, 374.0]
rec: Peppermint...............
text_instance: 77
bbox: [985, 245, 29, 15]
bezier_pts: [985.0, 246.0, 994.33, 245.67, 1003.67, 245.33, 1013.0, 245.0, 1013.0, 259.0, 1003.67, 259.0, 994.33, 259.0, 985.0, 259.0]
rec: 780......................
text_instance: 78
bbox: [1080, 246, 29, 16]
bezier_pts: [1081.0, 246.0, 1089.33, 246.33, 1097.67, 246.67, 1106.0, 247.0, 1108.0, 261.0, 1098.67, 261.0, 1089.33, 261.0, 1080.0, 261.0]
rec: 780......................
text_instance: 79
bbox: [1170, 250, 31, 15]
bezier_pts: [1170.0, 250.0, 1179.33, 250.0, 1188.67, 250.0, 1198.0, 250.0, 1200.0, 263.0, 1189.78, 265.05, 1180.19, 263.58, 1170.0, 262.0]
rec: 780......................
text_instance: 80
bbox: [1257, 245, 24, 19]
bezier_pts: [1257.0, 245.0, 1264.33, 245.33, 1271.67, 245.67, 1279.0, 246.0, 1280.0, 263.0, 1272.33, 262.33, 1264.67, 261.67, 1257.0, 261.0]
rec: 780......................
text_instance: 81
bbox: [447, 384, 28, 15]
bezier_pts: [447.0, 384.0, 456.0, 384.33, 465.0, 384.67, 474.0, 385.0, 474.0, 396.0, 465.67, 397.82, 456.94, 397.94, 448.0, 396.0]
rec: SINCE....................
text_instance: 82
bbox: [559, 379, 28, 14]
bezier_pts: [559.0, 379.0, 567.67, 380.0, 576.33, 381.0, 585.0, 382.0, 586.0, 391.0, 577.33, 391.0, 568.67, 391.0, 560.0, 391.0]
rec: SINCE....................
text_instance: 83
bbox: [255, 23, 20, 14]
bezier_pts: [255.0, 23.0, 261.08, 22.38, 267.1, 24.49, 273.0, 24.0, 274.0, 36.0, 267.67, 35.33, 261.33, 34.67, 255.0, 34.0]
rec: TEA......................
text_instance: 84
bbox: [461, 33, 21, 12]
bezier_pts: [461.0, 33.0, 467.67, 32.97, 474.33, 32.95, 481.0, 35.0, 480.0, 44.0, 473.81, 43.87, 467.17, 44.56, 461.0, 43.0]
rec: TEA......................
text_instance: 85
bbox: [988, 92, 18, 11]
bezier_pts: [988.0, 92.0, 993.67, 92.0, 999.33, 92.0, 1005.0, 92.0, 1005.0, 102.0, 999.67, 101.67, 994.33, 101.33, 989.0, 101.0]
rec: TEA......................
text_instance: 86
bbox: [1102, 99, 17, 11]
bezier_pts: [1102.0, 100.0, 1107.22, 100.0, 1111.77, 100.0, 1117.0, 100.0, 1118.0, 109.0, 1112.67, 109.0, 1107.33, 109.0, 1102.0, 109.0]
rec: TEA......................
text_instance: 87
bbox: [230, 67, 32, 18]
bezier_pts: [230.0, 67.0, 240.32, 66.94, 249.92, 66.96, 260.0, 69.0, 261.0, 83.0, 251.33, 83.0, 241.67, 83.0, 232.0, 83.0]
rec: TEA......................
text_instance: 88
bbox: [9, 168, 16, 13]
bezier_pts: [9.0, 168.0, 14.0, 168.0, 19.0, 168.0, 24.0, 168.0, 24.0, 179.0, 19.43, 180.55, 14.58, 180.54, 10.0, 179.0]
rec: 25.......................
text_instance: 89
bbox: [157, 173, 16, 12]
bezier_pts: [157.0, 173.0, 162.0, 173.33, 167.0, 173.67, 172.0, 174.0, 172.0, 183.0, 167.09, 184.47, 162.1, 184.53, 157.0, 183.0]
rec: 25.......................
text_instance: 90
bbox: [785, 247, 27, 13]
bezier_pts: [785.0, 247.0, 793.33, 247.0, 801.67, 247.0, 810.0, 247.0, 811.0, 258.0, 802.75, 259.51, 793.25, 258.82, 785.0, 259.0]
rec: 945......................
text_instance: 91
bbox: [270, 174, 14, 13]
bezier_pts: [270.0, 174.0, 274.33, 174.0, 278.67, 174.0, 283.0, 174.0, 283.0, 184.0, 278.6, 186.73, 273.96, 186.59, 270.0, 183.0]
rec: 25.......................
text_instance: 92
bbox: [363, 175, 16, 12]
bezier_pts: [364.0, 176.0, 368.0, 174.23, 372.0, 174.23, 376.0, 176.0, 378.0, 185.0, 372.95, 186.72, 367.73, 186.65, 363.0, 185.0]
rec: 25.......................
text_instance: 93
bbox: [474, 177, 17, 13]
bezier_pts: [475.0, 178.0, 479.68, 176.41, 485.08, 176.11, 490.0, 178.0, 489.0, 188.0, 483.97, 189.96, 478.88, 188.27, 474.0, 187.0]
rec: 25.......................
text_instance: 94
bbox: [531, 186, 16, 13]
bezier_pts: [532.0, 186.0, 536.67, 186.33, 541.33, 186.67, 546.0, 187.0, 546.0, 198.0, 540.93, 197.96, 535.75, 197.43, 531.0, 196.0]
rec: 20.......................
text_instance: 95
bbox: [643, 188, 16, 13]
bezier_pts: [643.0, 188.0, 648.0, 188.0, 653.0, 188.0, 658.0, 188.0, 658.0, 200.0, 652.86, 200.15, 648.17, 199.34, 643.0, 198.0]
rec: 20.......................
text_instance: 96
bbox: [740, 190, 15, 12]
bezier_pts: [741.0, 190.0, 745.33, 190.33, 749.67, 190.67, 754.0, 191.0, 754.0, 201.0, 749.33, 201.0, 744.67, 201.0, 740.0, 201.0]
rec: 20.......................
text_instance: 97
bbox: [841, 190, 16, 14]
bezier_pts: [842.0, 190.0, 846.67, 190.33, 851.33, 190.67, 856.0, 191.0, 855.0, 203.0, 850.33, 202.67, 845.67, 202.33, 841.0, 202.0]
rec: 20.......................
text_instance: 98
bbox: [42, 365, 22, 14]
bezier_pts: [42.0, 365.0, 49.0, 365.0, 56.0, 365.0, 63.0, 365.0, 63.0, 377.0, 56.08, 379.09, 49.02, 377.48, 42.0, 377.0]
rec: Tea......................
text_instance: 99
bbox: [218, 352, 25, 17]
bezier_pts: [219.0, 352.0, 226.67, 353.0, 234.33, 354.0, 242.0, 355.0, 239.0, 367.0, 232.0, 366.33, 225.0, 365.67, 218.0, 365.0]
rec: Grey.....................
text_instance: 100
bbox: [210, 365, 19, 15]
bezier_pts: [210.0, 365.0, 216.0, 365.67, 222.0, 366.33, 228.0, 367.0, 227.0, 379.0, 221.23, 379.39, 215.64, 378.46, 210.0, 378.0]
rec: Tea......................
text_instance: 101
bbox: [367, 369, 23, 16]
bezier_pts: [367.0, 369.0, 374.25, 368.38, 381.56, 370.49, 389.0, 370.0, 389.0, 384.0, 381.67, 383.67, 374.33, 383.33, 367.0, 383.0]
rec: Tea......................
text_instance: 102
bbox: [462, 370, 25, 16]
bezier_pts: [462.0, 371.0, 470.0, 368.67, 478.0, 370.78, 486.0, 372.0, 486.0, 385.0, 478.05, 385.3, 469.84, 384.21, 462.0, 384.0]
rec: Tea......................
