text_instance: 0
bbox: [519, 73, 317, 191]
bezier_pts: [835.0, 243.0, 772.82, 76.61, 639.87, -20.39, 519.0, 168.0, 557.0, 222.0, 629.25, 56.46, 747.08, 138.07, 803.0, 263.0]
rec: ORIGINAL.................
text_instance: 1
bbox: [496, 278, 172, 258]
bezier_pts: [667.0, 472.0, 576.92, 441.27, 560.56, 358.08, 547.0, 278.0, 496.0, 289.0, 507.29, 395.3, 552.92, 478.32, 644.0, 535.0]
rec: PILAH....................
text_instance: 2
bbox: [692, 325, 157, 220]
bezier_pts: [799.0, 325.0, 804.9, 394.73, 778.31, 473.93, 692.0, 473.0, 701.0, 544.0, 812.08, 520.81, 835.31, 440.34, 848.0, 346.0]
rec: KUALA....................
text_instance: 3
bbox: [409, 268, 77, 36]
bezier_pts: [409.0, 269.0, 433.0, 268.67, 457.0, 268.33, 481.0, 268.0, 485.0, 303.0, 460.0, 302.33, 435.0, 301.67, 410.0, 301.0]
rec: a........................
text_instance: 4
bbox: [282, 269, 99, 35]
bezier_pts: [295.0, 269.0, 319.0, 270.0, 343.0, 271.0, 367.0, 272.0, 380.0, 303.0, 347.33, 303.0, 314.67, 303.0, 282.0, 303.0]
rec: k........................
text_instance: 5
bbox: [169, 278, 75, 36]
bezier_pts: [170.0, 279.0, 194.33, 279.0, 218.67, 279.0, 243.0, 279.0, 243.0, 310.0, 217.97, 312.23, 193.68, 312.6, 169.0, 310.0]
rec: g........................
