text_instance: 0
bbox: [350, 595, 60, 24]
bezier_pts: [350.0, 595.0, 369.67, 595.0, 389.33, 595.0, 409.0, 595.0, 409.0, 617.0, 389.33, 617.0, 369.67, 617.0, 350.0, 617.0]
rec: TOYS.....................
text_instance: 1
bbox: [90, 594, 122, 24]
bezier_pts: [90.0, 594.0, 130.33, 594.0, 170.67, 594.0, 211.0, 594.0, 211.0, 616.0, 170.05, 617.61, 129.64, 616.53, 90.0, 616.0]
rec: HAMLEYS..................
text_instance: 2
bbox: [187, 235, 243, 127]
bezier_pts: [187.0, 267.0, 254.81, 207.42, 342.8, 254.7, 421.0, 235.0, 429.0, 285.0, 362.1, 346.22, 270.14, 291.77, 211.0, 361.0]
rec: Hamleys..................
