text_instance: 0
bbox: [102, 180, 148, 83]
bezier_pts: [102.0, 259.0, 108.15, 167.55, 198.73, 146.62, 249.0, 216.0, 233.0, 225.0, 190.9, 172.39, 135.84, 206.73, 123.0, 262.0]
rec: restaurace...............
text_instance: 1
bbox: [139, 268, 109, 71]
bezier_pts: [149.0, 287.0, 171.83, 272.7, 213.69, 315.96, 225.0, 268.0, 247.0, 275.0, 235.65, 326.1, 182.91, 344.83, 139.0, 336.0]
rec: bupa.....................
text_instance: 2
bbox: [107, 280, 31, 36]
bezier_pts: [122.0, 280.0, 129.7, 286.65, 126.79, 290.65, 137.0, 302.0, 121.0, 315.0, 114.09, 307.92, 110.4, 300.11, 107.0, 291.0]
rec: u........................
text_instance: 3
bbox: [201, 474, 47, 17]
bezier_pts: [203.0, 475.0, 217.67, 475.67, 232.33, 476.33, 247.0, 477.0, 246.0, 489.0, 231.28, 489.47, 215.64, 491.06, 201.0, 489.0]
rec: Photo....................
text_instance: 4
bbox: [252, 473, 29, 23]
bezier_pts: [252.0, 474.0, 261.29, 472.42, 270.8, 471.53, 280.0, 475.0, 280.0, 489.0, 275.16, 502.14, 263.64, 490.1, 253.0, 488.0]
rec: By.......................
text_instance: 5
bbox: [283, 475, 48, 19]
bezier_pts: [283.0, 475.0, 298.69, 474.36, 314.71, 476.54, 330.0, 476.0, 329.0, 490.0, 314.45, 490.84, 299.7, 490.41, 285.0, 489.0]
rec: Emily....................
text_instance: 6
bbox: [330, 474, 34, 17]
bezier_pts: [331.0, 475.0, 341.67, 475.33, 352.33, 475.67, 363.0, 476.0, 361.0, 488.0, 350.61, 489.47, 340.12, 489.73, 330.0, 489.0]
rec: Lin......................
