text_instance: 0
bbox: [8, 389, 46, 16]
bezier_pts: [8.0, 389.0, 23.0, 389.0, 38.0, 389.0, 53.0, 389.0, 53.0, 402.0, 37.57, 403.75, 22.77, 404.66, 8.0, 402.0]
rec: HKEP.....................
text_instance: 1
bbox: [148, 296, 88, 84]
bezier_pts: [158.0, 296.0, 179.5, 319.61, 202.33, 342.7, 232.0, 355.0, 235.0, 379.0, 198.12, 375.21, 173.34, 342.76, 148.0, 317.0]
rec: SAPIENTIA................
text_instance: 2
bbox: [265, 323, 59, 60]
bezier_pts: [265.0, 357.0, 283.5, 351.59, 302.32, 340.63, 312.0, 323.0, 323.0, 346.0, 311.38, 362.73, 295.37, 373.89, 277.0, 382.0]
rec: VIRTUS...................
text_instance: 3
bbox: [238, 358, 27, 27]
bezier_pts: [238.0, 358.0, 246.33, 358.0, 254.67, 358.0, 263.0, 358.0, 264.0, 383.0, 256.45, 385.05, 248.66, 383.4, 241.0, 383.0]
rec: ET.......................
