text_instance: 0
bbox: [309, 152, 350, 226]
bezier_pts: [316.0, 152.0, 432.97, 154.05, 538.86, 221.32, 658.0, 240.0, 641.0, 377.0, 530.15, 329.08, 427.33, 369.5, 309.0, 328.0]
rec: YPL......................
text_instance: 1
bbox: [238, 361, 184, 82]
bezier_pts: [238.0, 407.0, 290.9, 375.49, 351.56, 364.77, 412.0, 361.0, 421.0, 395.0, 363.67, 410.67, 306.33, 426.33, 249.0, 442.0]
rec: FASHION..................
text_instance: 2
bbox: [424, 357, 187, 54]
bezier_pts: [424.0, 357.0, 486.69, 365.24, 549.59, 358.2, 610.0, 377.0, 607.0, 410.0, 551.55, 397.03, 487.21, 386.03, 430.0, 393.0]
rec: LINGERIE.................
text_instance: 3
bbox: [615, 380, 137, 91]
bezier_pts: [622.0, 380.0, 668.41, 395.74, 719.43, 409.63, 751.0, 447.0, 731.0, 470.0, 692.33, 450.0, 653.67, 430.0, 615.0, 410.0]
rec: HOUSE....................
