text_instance: 0
bbox: [55, 150, 54, 144]
bezier_pts: [71.0, 293.0, 42.15, 243.29, 52.74, 188.48, 91.0, 150.0, 108.0, 168.0, 69.73, 203.78, 79.18, 249.77, 95.0, 290.0]
rec: MONTFORT.................
text_instance: 1
bbox: [217, 159, 46, 134]
bezier_pts: [231.0, 159.0, 266.65, 196.08, 274.1, 248.93, 239.0, 292.0, 228.0, 274.0, 243.3, 240.46, 244.61, 203.49, 217.0, 175.0]
rec: YERCAUD..................
text_instance: 2
bbox: [108, 163, 48, 38]
bezier_pts: [108.0, 184.0, 120.67, 177.0, 133.33, 170.0, 146.0, 163.0, 155.0, 173.0, 143.5, 185.46, 127.66, 197.11, 110.0, 200.0]
rec: VIRTUS...................
text_instance: 3
bbox: [161, 162, 49, 39]
bezier_pts: [172.0, 162.0, 184.33, 169.67, 196.67, 177.33, 209.0, 185.0, 201.0, 200.0, 186.74, 192.15, 172.77, 182.38, 161.0, 170.0]
rec: LABOR....................
text_instance: 4
bbox: [149, 175, 20, 15]
bezier_pts: [150.0, 178.0, 155.06, 173.23, 163.34, 172.86, 168.0, 178.0, 168.0, 189.0, 161.67, 189.0, 155.33, 189.0, 149.0, 189.0]
rec: ET.......................
text_instance: 5
bbox: [119, 209, 21, 18]
bezier_pts: [120.0, 209.0, 126.33, 209.0, 132.67, 209.0, 139.0, 209.0, 138.0, 225.0, 131.72, 225.52, 125.36, 225.6, 119.0, 225.0]
rec: D........................
text_instance: 6
bbox: [182, 208, 18, 20]
bezier_pts: [183.0, 209.0, 188.33, 207.23, 193.67, 207.23, 199.0, 209.0, 198.0, 226.0, 192.67, 226.0, 187.33, 226.0, 182.0, 226.0]
rec: S........................
