text_instance: 0
bbox: [80, 139, 89, 53]
bezier_pts: [80.0, 176.0, 104.38, 155.15, 138.18, 150.52, 167.0, 139.0, 168.0, 155.0, 138.0, 163.4, 109.32, 173.13, 85.0, 191.0]
rec: BOULANGERIE..............
text_instance: 1
bbox: [176, 139, 71, 28]
bezier_pts: [177.0, 139.0, 199.55, 145.04, 223.93, 140.46, 246.0, 149.0, 240.0, 166.0, 219.34, 160.19, 198.25, 153.26, 176.0, 155.0]
rec: PATISSERIE...............
text_instance: 2
bbox: [82, 303, 171, 63]
bezier_pts: [82.0, 323.0, 136.32, 317.51, 191.45, 306.9, 246.0, 303.0, 252.0, 345.0, 198.09, 354.54, 140.65, 364.76, 85.0, 365.0]
rec: ChouRuetterie............
text_instance: 3
bbox: [80, 298, 32, 26]
bezier_pts: [80.0, 300.0, 90.21, 298.55, 100.24, 297.77, 110.0, 298.0, 111.0, 318.0, 101.75, 320.85, 90.79, 321.91, 81.0, 323.0]
rec: La.......................
text_instance: 4
bbox: [214, 408, 64, 35]
bezier_pts: [214.0, 409.0, 235.7, 407.61, 255.69, 405.95, 277.0, 410.0, 276.0, 432.0, 257.69, 436.97, 235.1, 423.76, 220.0, 442.0]
rec: Yuki's...................
text_instance: 5
bbox: [280, 413, 18, 14]
bezier_pts: [280.0, 413.0, 284.63, 413.47, 289.28, 411.69, 294.0, 414.0, 297.0, 426.0, 291.33, 426.0, 285.67, 426.0, 280.0, 426.0]
rec: LIFE.....................
text_instance: 6
bbox: [297, 413, 33, 14]
bezier_pts: [298.0, 414.0, 308.0, 413.67, 318.0, 413.33, 328.0, 413.0, 329.0, 426.0, 318.33, 426.0, 307.67, 426.0, 297.0, 426.0]
rec: PHOTOS...................
text_instance: 7
bbox: [283, 429, 46, 15]
bezier_pts: [283.0, 430.0, 297.67, 430.0, 312.33, 430.0, 327.0, 430.0, 328.0, 442.0, 312.69, 443.56, 297.48, 442.86, 283.0, 443.0]
rec: BLOG.....................
text_instance: 8
bbox: [230, 434, 29, 10]
bezier_pts: [232.0, 435.0, 239.53, 433.28, 247.47, 433.28, 255.0, 435.0, 258.0, 442.0, 248.52, 443.55, 239.5, 442.88, 230.0, 443.0]
rec: 2005.....................
text_instance: 9
bbox: [260, 433, 20, 11]
bezier_pts: [262.0, 435.0, 266.26, 432.24, 273.01, 431.56, 277.0, 435.0, 279.0, 442.0, 272.73, 443.65, 266.34, 443.62, 260.0, 442.0]
rec: JUL......................
