text_instance: 0
bbox: [187, 254, 133, 50]
bezier_pts: [187.0, 285.0, 229.69, 267.73, 275.41, 266.47, 319.0, 254.0, 319.0, 271.0, 275.56, 284.02, 232.04, 294.65, 188.0, 303.0]
rec: RESTAURANT...............
text_instance: 1
bbox: [221, 281, 60, 30]
bezier_pts: [221.0, 293.0, 241.03, 289.04, 259.09, 283.72, 280.0, 281.0, 279.0, 298.0, 261.0, 302.0, 243.0, 306.0, 225.0, 310.0]
rec: Zumwerben................
text_instance: 2
bbox: [178, 279, 155, 75]
bezier_pts: [180.0, 298.0, 233.71, 320.08, 278.25, 291.55, 329.0, 279.0, 332.0, 320.0, 285.05, 356.51, 233.81, 356.27, 178.0, 350.0]
rec: Raunchfangkehrer.........
