text_instance: 0
bbox: [146, 160, 97, 54]
bezier_pts: [146.0, 197.0, 169.8, 166.62, 205.28, 166.5, 237.0, 160.0, 242.0, 184.0, 212.77, 179.12, 189.28, 198.38, 165.0, 213.0]
rec: PRIRODNI.................
text_instance: 1
bbox: [246, 160, 101, 45]
bezier_pts: [249.0, 160.0, 281.28, 161.88, 317.66, 170.9, 346.0, 186.0, 331.0, 204.0, 305.4, 186.89, 275.7, 187.06, 246.0, 180.0]
rec: PRODUKTY.................
text_instance: 2
bbox: [118, 216, 275, 63]
bezier_pts: [118.0, 225.0, 202.48, 221.08, 295.59, 217.39, 380.0, 216.0, 392.0, 276.0, 303.0, 276.67, 214.0, 277.33, 125.0, 278.0]
rec: BABYKA...................
text_instance: 3
bbox: [153, 291, 82, 52]
bezier_pts: [170.0, 291.0, 191.33, 299.67, 212.67, 308.33, 234.0, 317.0, 231.0, 342.0, 201.39, 338.66, 178.98, 322.33, 153.0, 313.0]
rec: NATUR....................
text_instance: 4
bbox: [243, 284, 121, 60]
bezier_pts: [246.0, 319.0, 281.95, 322.55, 316.57, 309.84, 342.0, 284.0, 363.0, 305.0, 328.1, 334.86, 288.88, 346.53, 243.0, 343.0]
rec: PRODUCTS.................
