text_instance: 0
bbox: [338, 318, 133, 31]
bezier_pts: [338.0, 318.0, 382.0, 318.0, 426.0, 318.0, 470.0, 318.0, 470.0, 347.0, 424.84, 348.49, 381.4, 348.6, 338.0, 347.0]
rec: PORTSIDE.................
text_instance: 1
bbox: [156, 134, 105, 54]
bezier_pts: [156.0, 134.0, 190.67, 134.0, 225.33, 134.0, 260.0, 134.0, 260.0, 186.0, 225.33, 186.0, 190.67, 186.0, 156.0, 186.0]
rec: OPEN.....................
text_instance: 2
bbox: [593, 335, 62, 24]
bezier_pts: [593.0, 335.0, 613.33, 335.0, 633.67, 335.0, 654.0, 335.0, 654.0, 356.0, 633.97, 358.09, 613.07, 356.56, 593.0, 356.0]
rec: MUSIC....................
text_instance: 3
bbox: [832, 599, 78, 39]
bezier_pts: [832.0, 599.0, 857.67, 599.0, 883.33, 599.0, 909.0, 599.0, 909.0, 637.0, 883.33, 637.0, 857.67, 637.0, 832.0, 637.0]
rec: BT47.....................
text_instance: 4
bbox: [578, 279, 95, 30]
bezier_pts: [578.0, 282.0, 610.33, 276.04, 642.7, 277.06, 672.0, 290.0, 659.0, 307.0, 638.0, 307.33, 617.0, 307.67, 596.0, 308.0]
rec: BEER.....................
text_instance: 5
bbox: [941, 651, 85, 45]
bezier_pts: [944.0, 659.0, 969.25, 653.99, 994.99, 654.34, 1022.0, 651.0, 1025.0, 685.0, 997.0, 688.33, 969.0, 691.67, 941.0, 695.0]
rec: Black....................
text_instance: 6
bbox: [1032, 648, 42, 43]
bezier_pts: [1032.0, 651.0, 1045.67, 650.0, 1059.33, 649.0, 1073.0, 648.0, 1070.0, 686.0, 1058.25, 687.99, 1046.05, 689.62, 1034.0, 688.0]
rec: Top......................
text_instance: 7
bbox: [1078, 642, 62, 42]
bezier_pts: [1082.0, 647.0, 1101.0, 645.33, 1120.0, 643.67, 1139.0, 642.0, 1139.0, 676.0, 1119.57, 680.54, 1098.12, 682.24, 1078.0, 683.0]
rec: Cabs.....................
text_instance: 8
bbox: [941, 689, 211, 50]
bezier_pts: [946.0, 706.0, 1013.67, 700.33, 1081.33, 694.67, 1149.0, 689.0, 1151.0, 721.0, 1079.71, 726.67, 1010.37, 731.76, 941.0, 736.0]
rec: 6047333333...............
