text_instance: 0
bbox: [228, 157, 29, 16]
bezier_pts: [228.0, 157.0, 237.33, 157.0, 246.67, 157.0, 256.0, 157.0, 256.0, 171.0, 246.71, 172.73, 237.2, 172.59, 228.0, 171.0]
rec: OF.......................
text_instance: 1
bbox: [92, 167, 51, 37]
bezier_pts: [92.0, 190.0, 102.14, 175.69, 117.8, 173.91, 132.0, 167.0, 142.0, 183.0, 130.0, 189.67, 118.0, 196.33, 106.0, 203.0]
rec: THE......................
text_instance: 2
bbox: [141, 154, 83, 27]
bezier_pts: [141.0, 165.0, 167.5, 158.9, 194.55, 157.2, 223.0, 154.0, 221.0, 174.0, 196.88, 165.18, 173.22, 171.64, 149.0, 180.0]
rec: PRINCE...................
text_instance: 3
bbox: [265, 159, 72, 52]
bezier_pts: [271.0, 159.0, 295.61, 164.92, 317.03, 174.92, 336.0, 192.0, 321.0, 210.0, 307.34, 191.29, 288.03, 179.36, 265.0, 177.0]
rec: WALES....................
text_instance: 4
bbox: [223, 341, 40, 23]
bezier_pts: [229.0, 341.0, 240.0, 344.33, 251.0, 347.67, 262.0, 351.0, 257.0, 363.0, 245.67, 362.0, 234.33, 361.0, 223.0, 360.0]
rec: DIEN.....................
text_instance: 5
bbox: [201, 465, 38, 18]
bezier_pts: [201.0, 469.0, 215.19, 463.61, 229.69, 460.61, 238.0, 474.0, 228.0, 482.0, 224.19, 464.6, 217.55, 473.83, 206.0, 481.0]
rec: TAYLOR...................
text_instance: 6
bbox: [203, 480, 37, 18]
bezier_pts: [211.0, 480.0, 214.87, 493.52, 235.39, 487.8, 230.0, 481.0, 239.0, 489.0, 220.03, 502.33, 218.85, 496.16, 203.0, 489.0]
rec: WALKER...................
text_instance: 7
bbox: [173, 343, 32, 20]
bezier_pts: [173.0, 350.0, 182.33, 347.67, 191.67, 345.33, 201.0, 343.0, 204.0, 356.0, 195.13, 359.66, 186.32, 361.63, 177.0, 362.0]
rec: ICH......................
