text_instance: 0
bbox: [719, 280, 104, 23]
bezier_pts: [719.0, 280.0, 753.33, 280.0, 787.67, 280.0, 822.0, 280.0, 822.0, 300.0, 788.39, 300.81, 753.92, 300.84, 719.0, 300.0]
rec: WORLD....................
text_instance: 1
bbox: [685, 224, 45, 19]
bezier_pts: [685.0, 224.0, 699.67, 224.0, 714.33, 224.0, 729.0, 224.0, 729.0, 240.0, 714.29, 241.65, 699.69, 241.63, 685.0, 240.0]
rec: 1760.....................
text_instance: 2
bbox: [431, 281, 88, 22]
bezier_pts: [431.0, 281.0, 460.0, 281.0, 489.0, 281.0, 518.0, 281.0, 518.0, 300.0, 488.67, 301.98, 460.91, 301.9, 431.0, 300.0]
rec: FINEST...................
text_instance: 3
bbox: [375, 282, 52, 19]
bezier_pts: [375.0, 282.0, 392.0, 282.0, 409.0, 282.0, 426.0, 282.0, 426.0, 298.0, 408.68, 300.77, 391.95, 300.66, 375.0, 298.0]
rec: THE......................
text_instance: 4
bbox: [535, 281, 71, 22]
bezier_pts: [535.0, 281.0, 558.33, 281.0, 581.67, 281.0, 605.0, 281.0, 605.0, 301.0, 581.67, 301.0, 558.33, 301.0, 535.0, 301.0]
rec: TOYS.....................
text_instance: 5
bbox: [308, 32, 629, 218]
bezier_pts: [387.0, 32.0, 571.69, 43.85, 752.92, 15.51, 936.0, 59.0, 888.0, 247.0, 698.22, 173.0, 497.78, 248.32, 308.0, 249.0]
rec: Hamleys..................
text_instance: 6
bbox: [540, 214, 46, 24]
bezier_pts: [540.0, 217.0, 555.0, 216.0, 570.0, 215.0, 585.0, 214.0, 584.0, 235.0, 571.35, 237.71, 558.79, 237.03, 546.0, 237.0]
rec: EST......................
text_instance: 7
bbox: [592, 213, 83, 31]
bezier_pts: [592.0, 213.0, 618.67, 217.99, 645.33, 217.92, 672.0, 223.0, 674.0, 243.0, 648.0, 240.67, 622.0, 238.33, 596.0, 236.0]
rec: LONDON...................
text_instance: 8
bbox: [648, 280, 61, 23]
bezier_pts: [648.0, 280.0, 667.33, 280.33, 686.67, 280.67, 706.0, 281.0, 708.0, 301.0, 689.33, 301.33, 670.67, 301.67, 652.0, 302.0]
rec: THE......................
text_instance: 9
bbox: [837, 489, 73, 42]
bezier_pts: [838.0, 489.0, 860.67, 491.96, 884.38, 490.73, 907.0, 496.0, 909.0, 523.0, 884.94, 527.04, 860.97, 528.11, 837.0, 526.0]
rec: Hamleys..................
text_instance: 10
bbox: [201, 602, 34, 25]
bezier_pts: [201.0, 602.0, 212.0, 603.33, 223.0, 604.67, 234.0, 606.0, 234.0, 626.0, 223.33, 625.33, 212.67, 624.67, 202.0, 624.0]
rec: Razor....................
text_instance: 11
bbox: [181, 796, 33, 33]
bezier_pts: [181.0, 810.0, 191.33, 805.33, 201.67, 800.67, 212.0, 796.0, 213.0, 815.0, 204.67, 819.33, 196.33, 823.67, 188.0, 828.0]
rec: Razor....................
text_instance: 12
bbox: [412, 652, 29, 197]
bezier_pts: [440.0, 652.0, 436.25, 716.48, 430.02, 785.37, 432.0, 848.0, 412.0, 846.0, 415.17, 785.25, 416.84, 719.61, 418.0, 656.0]
rec: Razor....................
text_instance: 13
bbox: [613, 277, 32, 25]
bezier_pts: [613.0, 277.0, 622.33, 277.67, 631.67, 278.33, 641.0, 279.0, 644.0, 301.0, 633.45, 301.42, 623.63, 301.17, 614.0, 298.0]
rec: IN.......................
text_instance: 14
bbox: [210, 453, 26, 23]
bezier_pts: [215.0, 454.0, 221.67, 454.0, 228.33, 454.0, 235.0, 454.0, 234.0, 474.0, 226.0, 474.0, 218.0, 474.0, 210.0, 474.0]
rec: H........................
text_instance: 15
bbox: [781, 444, 22, 26]
bezier_pts: [781.0, 448.0, 787.91, 447.0, 794.99, 445.34, 802.0, 444.0, 801.0, 466.0, 794.34, 468.27, 787.66, 469.26, 781.0, 469.0]
rec: H........................
text_instance: 16
bbox: [1069, 612, 36, 18]
bezier_pts: [1069.0, 612.0, 1080.67, 612.67, 1092.33, 613.33, 1104.0, 614.0, 1104.0, 627.0, 1092.24, 629.05, 1081.09, 628.21, 1070.0, 625.0]
rec: Razor....................
text_instance: 17
bbox: [1087, 811, 45, 33]
bezier_pts: [1089.0, 811.0, 1103.0, 817.0, 1117.0, 823.0, 1131.0, 829.0, 1129.0, 843.0, 1114.88, 838.3, 1100.98, 831.18, 1087.0, 825.0]
rec: Razor....................
text_instance: 18
bbox: [858, 593, 21, 211]
bezier_pts: [858.0, 785.0, 856.34, 718.64, 860.93, 657.29, 858.0, 593.0, 877.0, 595.0, 880.29, 661.98, 873.98, 732.04, 878.0, 803.0]
rec: Razor....................
