text_instance: 0
bbox: [432, 634, 190, 37]
bezier_pts: [432.0, 634.0, 495.0, 634.0, 558.0, 634.0, 621.0, 634.0, 621.0, 667.0, 558.02, 668.96, 494.8, 667.42, 432.0, 667.0]
rec: CHONGQING................
text_instance: 1
bbox: [265, 115, 166, 108]
bezier_pts: [265.0, 115.0, 330.55, 110.94, 391.87, 132.52, 430.0, 189.0, 410.0, 222.0, 367.19, 210.11, 347.61, 143.24, 293.0, 174.0]
rec: Poke.....................
text_instance: 2
bbox: [280, 172, 157, 109]
bezier_pts: [293.0, 172.0, 322.66, 205.33, 365.72, 230.12, 412.0, 220.0, 436.0, 276.0, 380.41, 288.74, 319.8, 270.71, 280.0, 232.0]
rec: Time.....................
text_instance: 3
bbox: [412, 288, 58, 37]
bezier_pts: [413.0, 288.0, 431.0, 292.33, 449.0, 296.67, 467.0, 301.0, 469.0, 324.0, 449.48, 320.65, 431.28, 314.37, 412.0, 310.0]
rec: EST2016..................
text_instance: 4
bbox: [557, 144, 115, 80]
bezier_pts: [557.0, 163.0, 593.67, 156.67, 630.33, 150.33, 667.0, 144.0, 671.0, 205.0, 635.13, 213.01, 600.37, 218.79, 565.0, 223.0]
rec: Ole......................
text_instance: 5
bbox: [671, 138, 57, 43]
bezier_pts: [674.0, 150.0, 691.67, 146.0, 709.33, 142.0, 727.0, 138.0, 724.0, 168.0, 706.42, 172.64, 688.89, 176.47, 671.0, 180.0]
rec: wing.....................
text_instance: 6
bbox: [691, 163, 65, 43]
bezier_pts: [692.0, 174.0, 710.67, 170.33, 729.33, 166.67, 748.0, 163.0, 755.0, 193.0, 733.67, 197.0, 712.33, 201.0, 691.0, 205.0]
rec: tapas....................
text_instance: 7
bbox: [613, 219, 91, 40]
bezier_pts: [613.0, 234.0, 642.04, 217.33, 673.38, 214.67, 703.0, 228.0, 694.0, 253.0, 668.22, 234.61, 644.77, 249.35, 619.0, 258.0]
rec: Poke.....................
text_instance: 8
bbox: [616, 249, 97, 40]
bezier_pts: [629.0, 253.0, 652.0, 251.67, 675.0, 250.33, 698.0, 249.0, 712.0, 265.0, 682.14, 278.07, 650.82, 301.95, 616.0, 279.0]
rec: Time.....................
text_instance: 9
bbox: [613, 285, 134, 43]
bezier_pts: [613.0, 304.0, 656.33, 297.67, 699.67, 291.33, 743.0, 285.0, 746.0, 313.0, 703.0, 317.67, 660.0, 322.33, 617.0, 327.0]
rec: CHONGQING................
text_instance: 10
bbox: [693, 322, 50, 12]
bezier_pts: [695.0, 326.0, 710.33, 324.67, 725.67, 323.33, 741.0, 322.0, 742.0, 329.0, 725.67, 330.33, 709.33, 331.67, 693.0, 333.0]
rec: ON ROBSON................
text_instance: 11
bbox: [651, 345, 30, 8]
bezier_pts: [652.0, 346.0, 661.0, 345.67, 670.0, 345.33, 679.0, 345.0, 680.0, 349.0, 670.37, 351.65, 660.82, 353.06, 651.0, 351.0]
rec: Sechuan..................
text_instance: 12
bbox: [683, 342, 25, 9]
bezier_pts: [683.0, 342.0, 690.33, 342.33, 697.67, 342.67, 705.0, 343.0, 707.0, 347.0, 699.22, 348.23, 691.68, 350.42, 684.0, 349.0]
rec: Cuisine..................
text_instance: 13
bbox: [554, 694, 73, 18]
bezier_pts: [555.0, 694.0, 577.67, 695.0, 600.33, 696.0, 623.0, 697.0, 626.0, 711.0, 601.81, 709.93, 577.94, 707.59, 554.0, 704.0]
rec: ON ROBSON................
text_instance: 14
bbox: [464, 709, 47, 16]
bezier_pts: [464.0, 709.0, 479.33, 710.33, 494.67, 711.67, 510.0, 713.0, 508.0, 723.0, 493.37, 724.84, 479.04, 723.71, 465.0, 719.0]
rec: Szechuan.................
text_instance: 15
bbox: [512, 712, 35, 14]
bezier_pts: [512.0, 712.0, 523.22, 714.29, 533.15, 712.35, 544.0, 718.0, 546.0, 725.0, 534.52, 725.4, 523.78, 724.44, 513.0, 722.0]
rec: Cuisine..................
text_instance: 16
bbox: [553, 714, 74, 19]
bezier_pts: [554.0, 714.0, 578.0, 716.67, 602.0, 719.33, 626.0, 722.0, 626.0, 732.0, 602.19, 732.7, 577.15, 730.0, 553.0, 728.0]
rec: 604.568.030..............
